BOROUGH,NEIGHBORHOOD,BUILDING CLASS CATEGORY,TAX CLASS AS OF FINAL ROLL 18/19,BLOCK,LOT,BUILDING CLASS AS OF FINAL ROLL 18/19,ADDRESS,ZIP CODE,RESIDENTIAL UNITS,COMMERCIAL UNITS,TOTAL UNITS,LAND SQUARE FEET,GROSS SQUARE FEET,YEAR BUILT,TAX CLASS AT TIME OF SALE,BUILDING CLASS AT TIME OF SALE,SALE PRICE,SALE DATE,AREA,FINAL_ADDRESS
2,HIGHBRIDGE/MORRIS HEIGHTS,03 THREE FAMILY DWELLINGS,1,2872,105,C0,1432 SHAKESPEARE AVENUE,10452.0,3.0,0.0,3.0,3645.0,4422.0,1925.0,1,C0,786500,2019-06-19,bronx,1432 SHAKESPEARE AVENUE NYC
4,ASTORIA,02 TWO FAMILY DWELLINGS,1,874,63,B2,21-13 24TH ROAD,11102.0,2.0,0.0,2.0,1360.0,800.0,1940.0,1,B2,1225000,2019-09-26,queens,21-13 24TH ROAD NYC
4,NEPONSIT,01 ONE FAMILY DWELLINGS,1,16314,15,A1,215 BEACH 149TH STREET,11694.0,1.0,0.0,1.0,4500.0,2200.0,1960.0,1,A1,999000,2019-11-07,queens,215 BEACH 149TH STREET NYC
4,LAURELTON,01 ONE FAMILY DWELLINGS,1,12938,60,A1,131-40 229TH STREET,11413.0,1.0,0.0,1.0,3200.0,1748.0,1940.0,1,A1,640000,2019-01-29,queens,131-40 229TH STREET NYC
3,OCEAN PARKWAY-SOUTH,01 ONE FAMILY DWELLINGS,1,7089,54,A1,705 AVENUE T,11223.0,1.0,0.0,1.0,2100.0,1630.0,1930.0,1,A1,1325000,2019-05-14,brooklyn,705 AVENUE T NYC
3,BUSHWICK,02 TWO FAMILY DWELLINGS,1,3402,50,B2,1059 HALSEY STREET,11207.0,2.0,0.0,2.0,2000.0,3300.0,1920.0,1,B2,980000,2019-01-15,brooklyn,1059 HALSEY STREET NYC
5,STAPLETON,01 ONE FAMILY DWELLINGS,1,541,13,S1,195 BROAD STREET,10304.0,1.0,1.0,2.0,2500.0,2900.0,1931.0,1,S1,700000,2019-05-09,statenisland,195 BROAD STREET NYC
4,MIDDLE VILLAGE,02 TWO FAMILY DWELLINGS,1,3005,3,B3,64-05 79TH STREET,11379.0,2.0,0.0,2.0,2000.0,1320.0,1930.0,1,B3,843000,2019-05-16,queens,64-05 79TH STREET NYC
5,ELTINGVILLE,01 ONE FAMILY DWELLINGS,1,5655,27,A5,16 CROSSFIELD AVENUE,10312.0,1.0,0.0,1.0,2640.0,1120.0,1995.0,1,A5,522000,2019-09-28,statenisland,16 CROSSFIELD AVENUE NYC
3,EAST NEW YORK,03 THREE FAMILY DWELLINGS,1,3973,13,C0,285 SHEPHERD AVENUE,11208.0,3.0,0.0,3.0,1950.0,2166.0,1930.0,1,C0,782500,2019-07-10,brooklyn,285 SHEPHERD AVENUE NYC
2,SOUNDVIEW,01 ONE FAMILY DWELLINGS,1,3494,55,A2,447 BEACH AVENUE,10473.0,1.0,0.0,1.0,2318.0,1770.0,1935.0,1,A2,500000,2019-12-26,bronx,447 BEACH AVENUE NYC
5,NEW DORP,01 ONE FAMILY DWELLINGS,1,4031,42,A5,89 TITUS AVENUE,10306.0,1.0,0.0,1.0,1984.0,1960.0,1990.0,1,A5,530000,2019-10-29,statenisland,89 TITUS AVENUE NYC
4,MIDDLE VILLAGE,01 ONE FAMILY DWELLINGS,1,2942,56,A5,82-52 61ST ROAD,11379.0,1.0,0.0,1.0,1620.0,1080.0,1940.0,1,A5,808000,2019-09-18,queens,82-52 61ST ROAD NYC
4,SO. JAMAICA-BAISLEY PARK,01 ONE FAMILY DWELLINGS,1,12226,42,A1,15559 FOCH BLVD,11434.0,1.0,0.0,1.0,2125.0,1581.0,1965.0,1,A1,475000,2019-09-20,queens,15559 FOCH BLVD NYC
4,ROSEDALE,02 TWO FAMILY DWELLINGS,1,13588,18,B2,257-26 145TH AVENUE,11422.0,2.0,0.0,2.0,4000.0,2400.0,1955.0,1,B2,750000,2019-03-11,queens,257-26 145TH AVENUE NYC
4,EAST ELMHURST,01 ONE FAMILY DWELLINGS,1,1426,58,A1,32-21 96TH STREET,11369.0,1.0,0.0,1.0,2000.0,1358.0,1910.0,1,A1,625000,2019-01-16,queens,32-21 96TH STREET NYC
2,BELMONT,07 RENTALS - WALKUP APARTMENTS,2A,3114,41,C3,773 EAST 183 STREET,10460.0,4.0,0.0,4.0,4142.0,3402.0,1931.0,2,C3,925000,2019-03-07,bronx,773 EAST 183 STREET NYC
5,MANOR HEIGHTS,01 ONE FAMILY DWELLINGS,1,700,57,A1,49 LINCOLN STREET,10314.0,1.0,0.0,1.0,4674.0,1224.0,1920.0,1,A1,554000,2019-05-22,statenisland,49 LINCOLN STREET NYC
4,OZONE PARK,03 THREE FAMILY DWELLINGS,1,9019,11,C0,94-10 86TH STREET,11416.0,3.0,0.0,3.0,2800.0,2420.0,1915.0,1,C0,1047659,2019-09-04,queens,94-10 86TH STREET NYC
2,BAYCHESTER,01 ONE FAMILY DWELLINGS,1,4787,61,A2,2842 KINGSLAND AVENUE,10469.0,1.0,0.0,1.0,3555.0,1100.0,1930.0,1,A2,340000,2019-01-09,bronx,2842 KINGSLAND AVENUE NYC
3,CYPRESS HILLS,02 TWO FAMILY DWELLINGS,1,4112,71,B1,54 ELDERT LANE,11208.0,2.0,0.0,2.0,2484.0,2248.0,1905.0,1,B1,863000,2019-02-06,brooklyn,54 ELDERT LANE NYC
4,FLUSHING-NORTH,01 ONE FAMILY DWELLINGS,1,4825,31,A1,30-28 MURRAY LANE,11354.0,1.0,0.0,1.0,2904.0,1824.0,1925.0,1,A1,975000,2019-04-10,queens,30-28 MURRAY LANE NYC
4,QUEENS VILLAGE,01 ONE FAMILY DWELLINGS,1,11099,58,A1,106-04 215TH STREET,11429.0,1.0,0.0,1.0,4400.0,1474.0,1925.0,1,A1,630000,2019-09-23,queens,106-04 215TH STREET NYC
2,THROGS NECK,01 ONE FAMILY DWELLINGS,1,5546,133,A5,748 SWINTON AVENUE,10465.0,1.0,0.0,1.0,2388.0,1120.0,1930.0,1,A5,515000,2019-10-30,bronx,748 SWINTON AVENUE NYC
4,ROSEDALE,01 ONE FAMILY DWELLINGS,1,13641,55,A1,249-45 148TH ROAD,11422.0,1.0,0.0,1.0,2600.0,1224.0,1960.0,1,A1,570000,2019-08-16,queens,249-45 148TH ROAD NYC
3,FLATBUSH-NORTH,01 ONE FAMILY DWELLINGS,1,4797,21,A5,10 PALM COURT,11225.0,1.0,0.0,1.0,1300.0,960.0,1930.0,1,A5,745000,2019-07-09,brooklyn,10 PALM COURT NYC
3,CROWN HEIGHTS,02 TWO FAMILY DWELLINGS,1,1357,6,B9,149 BUFFALO AVENUE,11213.0,2.0,0.0,2.0,2500.0,1800.0,1920.0,1,B9,410000,2019-06-25,brooklyn,149 BUFFALO AVENUE NYC
4,ARVERNE,03 THREE FAMILY DWELLINGS,1,15960,37,C0,466 BEACH 43 STREET,11691.0,3.0,0.0,3.0,3800.0,1280.0,1920.0,1,C0,309232,2019-08-14,queens,466 BEACH 43 STREET NYC
2,THROGS NECK,02 TWO FAMILY DWELLINGS,1,5599,26,B1,256 ROBINSON AVE,10465.0,2.0,0.0,2.0,1967.0,2280.0,1955.0,1,B1,377000,2019-01-02,bronx,256 ROBINSON AVE NYC
5,CONCORD,01 ONE FAMILY DWELLINGS,1,2903,7,A1,736 TARGEE STREET,10304.0,1.0,0.0,1.0,2425.0,1430.0,2005.0,1,A1,656000,2019-10-08,statenisland,736 TARGEE STREET NYC
5,ARDEN HEIGHTS,01 ONE FAMILY DWELLINGS,1,6018,96,A5,23 PRINCETON LANE,10312.0,1.0,0.0,1.0,2068.0,1496.0,1980.0,1,A5,495000,2019-01-15,statenisland,23 PRINCETON LANE NYC
4,RICHMOND HILL,03 THREE FAMILY DWELLINGS,1,9604,50,C0,124-07 109 AVENUE,11420.0,3.0,0.0,3.0,2248.0,2208.0,1925.0,1,C0,820000,2019-10-03,queens,124-07 109 AVENUE NYC
3,BRIGHTON BEACH,02 TWO FAMILY DWELLINGS,1,7262,51,B2,4 BRIGHTON 4 ROAD,11235.0,2.0,0.0,2.0,1506.0,1120.0,1930.0,1,B2,551000,2019-03-29,brooklyn,4 BRIGHTON 4 ROAD NYC
4,RICHMOND HILL,01 ONE FAMILY DWELLINGS,1,9439,43,A9,121-03 95 AVENUE,11419.0,1.0,0.0,1.0,1600.0,980.0,1920.0,1,A9,310000,2019-10-09,queens,121-03 95 AVENUE NYC
2,WAKEFIELD,02 TWO FAMILY DWELLINGS,1,5049,71,B3,4319 BOYD AVENUE,10466.0,2.0,0.0,2.0,2310.0,1802.0,1901.0,1,B3,400000,2019-07-01,bronx,4319 BOYD AVENUE NYC
4,SPRINGFIELD GARDENS,01 ONE FAMILY DWELLINGS,1,12718,23,A5,125-08 DEFOE STREET,11413.0,1.0,0.0,1.0,1920.0,1325.0,1950.0,1,A5,590000,2019-11-08,queens,125-08 DEFOE STREET NYC
2,SOUNDVIEW,02 TWO FAMILY DWELLINGS,1,3775,70,B1,1221 MANOR AVENUE,10472.0,2.0,0.0,2.0,2000.0,1400.0,1930.0,1,B1,733985,2019-12-03,bronx,1221 MANOR AVENUE NYC
2,WAKEFIELD,01 ONE FAMILY DWELLINGS,1,5004,61,A1,4152 BOYD AVENUE,10466.0,1.0,0.0,1.0,2375.0,1309.0,1930.0,1,A1,459000,2019-11-13,bronx,4152 BOYD AVENUE NYC
4,ELMHURST,01 ONE FAMILY DWELLINGS,1,2458,34,A5,51-36 70TH STREET,11377.0,1.0,0.0,1.0,2048.0,1865.0,1950.0,1,A5,795000,2019-12-12,queens,51-36 70TH STREET NYC
2,PELHAM PARKWAY NORTH,01 ONE FAMILY DWELLINGS,1,4353,16,A1,2324 BARNES AVENUE,10467.0,1.0,0.0,1.0,2500.0,1416.0,1940.0,1,A1,585000,2019-07-24,bronx,2324 BARNES AVENUE NYC
5,WESTERLEIGH,01 ONE FAMILY DWELLINGS,1,418,23,A1,176 DICKIE AVENUE,10314.0,1.0,0.0,1.0,3360.0,1402.0,1925.0,1,A1,615000,2019-03-20,statenisland,176 DICKIE AVENUE NYC
4,LAURELTON,01 ONE FAMILY DWELLINGS,1,12940,94,A2,131-28 FRANCIS LEWIS BLVD,11413.0,1.0,0.0,1.0,4000.0,1440.0,1940.0,1,A2,512500,2019-05-20,queens,131-28 FRANCIS LEWIS BLVD NYC
4,FLORAL PARK,01 ONE FAMILY DWELLINGS,1,8815,118,A5,86-39 256TH STREET,11001.0,1.0,0.0,1.0,1600.0,1408.0,1960.0,1,A5,553000,2019-06-28,queens,86-39 256TH STREET NYC
3,EAST NEW YORK,02 TWO FAMILY DWELLINGS,1,4310,15,B1,702 WARWICK ST,11207.0,2.0,0.0,2.0,2600.0,2025.0,1960.0,1,B1,490000,2019-06-28,brooklyn,702 WARWICK ST NYC
4,SPRINGFIELD GARDENS,02 TWO FAMILY DWELLINGS,1,12664,75,B3,188-13 120TH ROAD,11412.0,2.0,0.0,2.0,2600.0,1248.0,1930.0,1,B3,749000,2019-11-22,queens,188-13 120TH ROAD NYC
5,SOUTH BEACH,02 TWO FAMILY DWELLINGS,1,3410,95,B1,9 ANDREWS STREET,10305.0,2.0,0.0,2.0,2500.0,2264.0,1915.0,1,B1,588000,2019-01-15,statenisland,9 ANDREWS STREET NYC
4,ST. ALBANS,01 ONE FAMILY DWELLINGS,1,12657,29,A2,201-13 120TH AVENUE,11412.0,1.0,0.0,1.0,4116.0,1100.0,1930.0,1,A2,570000,2019-07-22,queens,201-13 120TH AVENUE NYC
4,CORONA,03 THREE FAMILY DWELLINGS,1,1991,34,C0,104-66 47TH AVENUE,11368.0,3.0,0.0,3.0,2500.0,2590.0,1915.0,1,C0,1229000,2019-04-05,queens,104-66 47TH AVENUE NYC
5,GREAT KILLS,01 ONE FAMILY DWELLINGS,1,5518,56,A5,288 GETZ AVENUE,10312.0,1.0,0.0,1.0,2850.0,1224.0,1968.0,1,A5,515000,2019-12-19,statenisland,288 GETZ AVENUE NYC
4,ST. ALBANS,02 TWO FAMILY DWELLINGS,1,11021,9,B3,204-01 115TH AVENUE,11412.0,2.0,0.0,2.0,4000.0,1828.0,1940.0,1,B3,612640,2019-05-02,queens,204-01 115TH AVENUE NYC
4,FLORAL PARK,01 ONE FAMILY DWELLINGS,1,8811,3,A9,84-57 266TH STREET,11001.0,1.0,0.0,1.0,2503.0,950.0,1930.0,1,A9,425000,2019-10-16,queens,84-57 266TH STREET NYC
3,FLATBUSH-CENTRAL,02 TWO FAMILY DWELLINGS,1,5087,80,B1,137 MARTENSE STREET,11226.0,2.0,0.0,2.0,2600.0,2096.0,1901.0,1,B1,1465000,2019-10-04,brooklyn,137 MARTENSE STREET NYC
4,BAYSIDE,01 ONE FAMILY DWELLINGS,1,5805,54,A0,23-73 205TH ST,11360.0,1.0,0.0,1.0,4320.0,1086.0,1950.0,1,A0,760000,2019-12-09,queens,23-73 205TH ST NYC
4,FLORAL PARK,02 TWO FAMILY DWELLINGS,1,8761,31,B3,8219 267 STREET,11004.0,2.0,0.0,2.0,4000.0,1626.0,1950.0,1,B3,749000,2019-12-04,queens,8219 267 STREET NYC
5,ROSEBANK,01 ONE FAMILY DWELLINGS,1,3030,46,A5,102 DONLEY AVENUE,10305.0,1.0,0.0,1.0,1700.0,1350.0,2019.0,1,A5,692410,2019-12-11,statenisland,102 DONLEY AVENUE NYC
2,PELHAM GARDENS,01 ONE FAMILY DWELLINGS,1,4482,61,A5,2541 MICKLE AVENUE,10469.0,1.0,0.0,1.0,2000.0,1360.0,1940.0,1,A5,470000,2019-01-09,bronx,2541 MICKLE AVENUE NYC
2,THROGS NECK,02 TWO FAMILY DWELLINGS,1,5501,31,B1,174 KEARNEY AVENUE,10465.0,2.0,0.0,2.0,3981.0,1728.0,1950.0,1,B1,515000,2019-07-02,bronx,174 KEARNEY AVENUE NYC
4,ST. ALBANS,01 ONE FAMILY DWELLINGS,1,12605,26,A5,190-35 118TH ROAD,11412.0,1.0,0.0,1.0,3742.0,1440.0,1960.0,1,A5,373692,2019-01-15,queens,190-35 118TH ROAD NYC
5,SOUTH BEACH,01 ONE FAMILY DWELLINGS,1,3255,44,A1,255 KENSINGTON AVENUE,10305.0,1.0,0.0,1.0,3150.0,2050.0,2005.0,1,A1,560000,2019-09-05,statenisland,255 KENSINGTON AVENUE NYC
4,MIDDLE VILLAGE,02 TWO FAMILY DWELLINGS,1,2874,28,B1,86-40 60TH AVENUE,11373.0,2.0,0.0,2.0,2250.0,2382.0,1960.0,1,B1,973000,2019-02-04,queens,86-40 60TH AVENUE NYC
4,LAURELTON,01 ONE FAMILY DWELLINGS,1,12868,36,A2,231-27 128TH ROAD,11413.0,1.0,0.0,1.0,4300.0,1376.0,1950.0,1,A2,465000,2019-02-21,queens,231-27 128TH ROAD NYC
4,FLUSHING-SOUTH,01 ONE FAMILY DWELLINGS,1,6952,69,A5,71-50 165 STREET,11365.0,1.0,0.0,1.0,3300.0,1886.0,1940.0,1,A5,830000,2019-11-15,queens,71-50 165 STREET NYC
4,FAR ROCKAWAY,01 ONE FAMILY DWELLINGS,1,15592,17,A5,525 JARVIS AVENUE,11691.0,1.0,0.0,1.0,4842.0,2680.0,1985.0,1,A5,475000,2019-02-04,queens,525 JARVIS AVENUE NYC
5,ARDEN HEIGHTS,01 ONE FAMILY DWELLINGS,1,6020,90,A5,159 DOVER GREEN,10312.0,1.0,0.0,1.0,1800.0,1132.0,1970.0,1,A5,554000,2019-08-23,statenisland,159 DOVER GREEN NYC
3,OCEAN HILL,03 THREE FAMILY DWELLINGS,1,1563,119,C0,4 RADDE PL,11233.0,3.0,0.0,3.0,1894.0,2925.0,2005.0,1,C0,1125000,2019-12-06,brooklyn,4 RADDE PL NYC
4,SOUTH JAMAICA,01 ONE FAMILY DWELLINGS,1,11954,74,A1,138-21 LINDEN BOULEVARD,11436.0,1.0,0.0,1.0,1900.0,882.0,1925.0,1,A1,460000,2019-09-11,queens,138-21 LINDEN BOULEVARD NYC
2,FORDHAM,02 TWO FAMILY DWELLINGS,1,3276,133,B2,2611 DECATUR AVENUE,10458.0,2.0,0.0,2.0,950.0,2208.0,2006.0,1,B2,702000,2019-09-20,bronx,2611 DECATUR AVENUE NYC
4,ARVERNE,03 THREE FAMILY DWELLINGS,1,15853,103,C0,211 BEACH 44 STREET,11691.0,3.0,0.0,3.0,3623.0,3042.0,2006.0,1,C0,733000,2019-09-13,queens,211 BEACH 44 STREET NYC
3,FLATBUSH-EAST,03 THREE FAMILY DWELLINGS,1,4902,2,C0,3104 SNYDER AVE,11226.0,3.0,0.0,3.0,1670.0,2000.0,1910.0,1,C0,999000,2019-11-15,brooklyn,3104 SNYDER AVE NYC
2,PELHAM PARKWAY NORTH,01 ONE FAMILY DWELLINGS,1,4457,118,A5,2530 YATES AVENUE,10469.0,1.0,0.0,1.0,1800.0,1296.0,1940.0,1,A5,533000,2019-05-29,bronx,2530 YATES AVENUE NYC
1,HARLEM-EAST,22 STORE BUILDINGS,4,1659,105,K1,203 EAST 109 STREET,10029.0,0.0,1.0,1.0,1817.0,1800.0,1915.0,4,K1,1400000,2019-12-30,manhattan,203 EAST 109 STREET NYC
2,WAKEFIELD,02 TWO FAMILY DWELLINGS,1,5001,62,B3,4259 BRONXWOOD,10466.0,2.0,0.0,2.0,3844.0,1321.0,1932.0,1,B3,375000,2019-03-22,bronx,4259 BRONXWOOD NYC
4,FLUSHING-NORTH,01 ONE FAMILY DWELLINGS,1,4833,19,A2,151-28 27TH AVENUE,11354.0,1.0,0.0,1.0,4000.0,1144.0,1950.0,1,A2,900000,2019-10-02,queens,151-28 27TH AVENUE NYC
2,EAST TREMONT,02 TWO FAMILY DWELLINGS,1,3107,134,B1,822 EAST 178TH STREET,10460.0,2.0,0.0,2.0,1250.0,2000.0,2007.0,1,B1,490000,2019-11-06,bronx,822 EAST 178TH STREET NYC
5,RICHMONDTOWN,01 ONE FAMILY DWELLINGS,1,2271,17,A1,288 NUGENT STREET,10306.0,1.0,0.0,1.0,2000.0,1270.0,1915.0,1,A1,505000,2019-06-19,statenisland,288 NUGENT STREET NYC
4,SOUTH OZONE PARK,02 TWO FAMILY DWELLINGS,1,11657,26,B3,131-17 115TH AVENUE,11420.0,2.0,0.0,2.0,1700.0,1600.0,1935.0,1,B3,1429741,2019-12-04,queens,131-17 115TH AVENUE NYC
5,NEW SPRINGVILLE,01 ONE FAMILY DWELLINGS,1,2389,132,A5,180 TRAVIS AVENUE,10314.0,1.0,0.0,1.0,3105.0,1362.0,1980.0,1,A5,635000,2019-08-21,statenisland,180 TRAVIS AVENUE NYC
4,BROAD CHANNEL,01 ONE FAMILY DWELLINGS,1,15400,82,A1,420 CROSS BAY BLVD,11693.0,1.0,0.0,1.0,2600.0,1777.0,1920.0,1,A1,380000,2019-03-18,queens,420 CROSS BAY BLVD NYC
3,EAST NEW YORK,07 RENTALS - WALKUP APARTMENTS,2A,4030,3,C3,425 JEROME ST,11207.0,4.0,0.0,4.0,2500.0,3239.0,1930.0,2,C3,497250,2019-01-28,brooklyn,425 JEROME ST NYC
3,BROWNSVILLE,03 THREE FAMILY DWELLINGS,1,3567,20,C0,243 GRAFTON STREET,11212.0,3.0,0.0,3.0,2237.0,2901.0,2005.0,1,C0,609369,2019-08-12,brooklyn,243 GRAFTON STREET NYC
3,BROWNSVILLE,01 ONE FAMILY DWELLINGS,1,3856,111,A5,553 CHRISTOPHER AVE,11212.0,1.0,0.0,1.0,1800.0,1116.0,1986.0,1,A5,475000,2019-07-19,brooklyn,553 CHRISTOPHER AVE NYC
4,LAURELTON,01 ONE FAMILY DWELLINGS,1,13179,3,A1,138-56 231ST STREET,11413.0,1.0,0.0,1.0,3400.0,1344.0,1930.0,1,A1,350000,2019-09-20,queens,138-56 231ST STREET NYC
4,FLUSHING-SOUTH,02 TWO FAMILY DWELLINGS,1,6419,26,B1,146-13 REEVES AVENUE,11367.0,2.0,0.0,2.0,1880.0,2100.0,1945.0,1,B1,959000,2019-07-26,queens,146-13 REEVES AVENUE NYC
3,CANARSIE,02 TWO FAMILY DWELLINGS,1,8250,42,B1,10420 AVENUE K,11236.0,2.0,0.0,2.0,1927.0,1585.0,1960.0,1,B1,523600,2019-11-19,brooklyn,10420 AVENUE K NYC
3,GERRITSEN BEACH,01 ONE FAMILY DWELLINGS,1,8826,20,A9,3150 WHITNEY AVENUE,11229.0,1.0,0.0,1.0,2505.0,1078.0,1935.0,1,A9,400000,2019-10-29,brooklyn,3150 WHITNEY AVENUE NYC
4,QUEENS VILLAGE,01 ONE FAMILY DWELLINGS,1,10660,55,A5,89-40 217TH STREET,11427.0,1.0,0.0,1.0,2200.0,1683.0,1950.0,1,A5,440000,2019-06-21,queens,89-40 217TH STREET NYC
4,CORONA,03 THREE FAMILY DWELLINGS,1,1623,3,C0,96-04 45TH AVENUE,11368.0,3.0,0.0,3.0,1800.0,3420.0,2002.0,1,C0,1490000,2019-05-09,queens,96-04 45TH AVENUE NYC
4,FLUSHING-SOUTH,01 ONE FAMILY DWELLINGS,1,6961,5,A5,173-09 73RD AVE,11366.0,1.0,0.0,1.0,3595.0,1296.0,1940.0,1,A5,845000,2019-10-29,queens,173-09 73RD AVE NYC
2,THROGS NECK,02 TWO FAMILY DWELLINGS,1,5544,42,B3,2865 PHILIP AVENUE,10465.0,2.0,0.0,2.0,2200.0,1641.0,1950.0,1,B3,503000,2019-02-21,bronx,2865 PHILIP AVENUE NYC
4,SOUTH JAMAICA,01 ONE FAMILY DWELLINGS,1,12142,20,A1,109-66 153RD STREET,11433.0,1.0,0.0,1.0,2300.0,1260.0,1920.0,1,A1,500000,2019-08-08,queens,109-66 153RD STREET NYC
3,MADISON,02 TWO FAMILY DWELLINGS,1,7308,76,B3,1933 EAST 29TH STREET,11229.0,2.0,0.0,2.0,1855.0,1785.0,1930.0,1,B3,780000,2019-06-10,brooklyn,1933 EAST 29TH STREET NYC
3,FLATBUSH-EAST,01 ONE FAMILY DWELLINGS,1,4999,39,A9,1464 BROOKLYN AVENUE,11210.0,1.0,0.0,1.0,2000.0,1202.0,1925.0,1,A9,600000,2019-10-28,brooklyn,1464 BROOKLYN AVENUE NYC
2,SOUNDVIEW,07 RENTALS - WALKUP APARTMENTS,2A,3748,68,C3,1113 CROES AVENUE,10472.0,4.0,0.0,4.0,2500.0,3280.0,1927.0,2,C3,796000,2019-08-14,bronx,1113 CROES AVENUE NYC
2,BAYCHESTER,02 TWO FAMILY DWELLINGS,1,4934,51,B1,1200 EAST 233 STREET,10466.0,2.0,0.0,2.0,2422.0,2280.0,1967.0,1,B1,680000,2019-05-01,bronx,1200 EAST 233 STREET NYC
4,ST. ALBANS,01 ONE FAMILY DWELLINGS,1,12403,79,A1,115-21 172ND STREET,11434.0,1.0,0.0,1.0,3200.0,1264.0,1925.0,1,A1,530000,2019-05-07,queens,115-21 172ND STREET NYC
5,GRANT CITY,01 ONE FAMILY DWELLINGS,1,3306,18,B2,38 SEAVIEW AVENUE,10304.0,2.0,0.0,2.0,3330.0,2904.0,2018.0,1,A1,945954,2019-06-25,statenisland,38 SEAVIEW AVENUE NYC
3,EAST NEW YORK,01 ONE FAMILY DWELLINGS,1,4050,140,A5,991 BLAKE AVENUE,11208.0,1.0,0.0,1.0,1800.0,1116.0,1989.0,1,A5,525000,2019-04-23,brooklyn,991 BLAKE AVENUE NYC
5,TRAVIS,01 ONE FAMILY DWELLINGS,1,2776,87,A5,52 MEREDITH AVENUE,10314.0,1.0,0.0,1.0,2360.0,1350.0,2003.0,1,A5,500000,2019-12-19,statenisland,52 MEREDITH AVENUE NYC
3,FLATBUSH-EAST,02 TWO FAMILY DWELLINGS,1,7580,23,B9,1057 EAST 34TH STREET,11210.0,2.0,0.0,2.0,2500.0,2760.0,1915.0,1,B9,825000,2019-06-14,brooklyn,1057 EAST 34TH STREET NYC
4,ELMHURST,01 ONE FAMILY DWELLINGS,1,1836,138,A5,49-26 87TH STREET,11373.0,1.0,0.0,1.0,1245.0,1094.0,1930.0,1,A5,700000,2019-07-29,queens,49-26 87TH STREET NYC
2,WILLIAMSBRIDGE,02 TWO FAMILY DWELLINGS,1,4847,32,B1,801A EAST 222 STREET,10467.0,2.0,0.0,2.0,2128.0,2768.0,1960.0,1,B1,620000,2019-03-19,bronx,801A EAST 222 STREET NYC
3,BOROUGH PARK,02 TWO FAMILY DWELLINGS,1,5633,52,B1,1121 49TH STREET,11219.0,2.0,0.0,2.0,2000.0,2176.0,1901.0,1,B1,1115000,2019-10-02,brooklyn,1121 49TH STREET NYC
2,HUNTS POINT,02 TWO FAMILY DWELLINGS,1,2766,134,B1,636 FAILE STREET,10474.0,2.0,0.0,2.0,2067.0,2480.0,1915.0,1,B1,625000,2019-04-10,bronx,636 FAILE STREET NYC
2,BAYCHESTER,02 TWO FAMILY DWELLINGS,1,4981,21,B1,4056A EDSON AVENUE,10466.0,2.0,0.0,2.0,2050.0,2050.0,2007.0,1,B1,656000,2019-05-31,bronx,4056A EDSON AVENUE NYC
5,ELTINGVILLE,01 ONE FAMILY DWELLINGS,1,5708,18,A2,60 RENSSELAER AVENUE,10312.0,1.0,0.0,1.0,4000.0,1248.0,1966.0,1,A2,705000,2019-12-31,statenisland,60 RENSSELAER AVENUE NYC
4,GLENDALE,02 TWO FAMILY DWELLINGS,1,3598,21,B1,74-27 64TH PLACE,11385.0,2.0,0.0,2.0,2000.0,1920.0,1910.0,1,B1,812617,2019-06-25,queens,74-27 64TH PLACE NYC
2,BAYCHESTER,02 TWO FAMILY DWELLINGS,1,4921,67,B1,3644 PALMER AVENUE,10466.0,2.0,0.0,2.0,2508.0,2310.0,1960.0,1,B1,406614,2019-12-20,bronx,3644 PALMER AVENUE NYC
4,JAMAICA ESTATES,02 TWO FAMILY DWELLINGS,1,9965,30,B2,86-84 188TH STREET,11423.0,2.0,0.0,2.0,4000.0,1788.0,1940.0,1,B2,740000,2019-08-21,queens,86-84 188TH STREET NYC
5,WOODROW,01 ONE FAMILY DWELLINGS,1,6926,6,A2,480 FOSTER ROAD,10309.0,1.0,0.0,1.0,4000.0,1945.0,1970.0,1,A2,620000,2019-08-26,statenisland,480 FOSTER ROAD NYC
3,EAST NEW YORK,02 TWO FAMILY DWELLINGS,1,3827,24,B1,555 BRADFORD STREET,11207.0,2.0,0.0,2.0,1440.0,1980.0,2007.0,1,B1,820000,2019-03-14,brooklyn,555 BRADFORD STREET NYC
4,FLUSHING-NORTH,01 ONE FAMILY DWELLINGS,1,5535,23,A1,45-27 193RD STREET,11358.0,1.0,0.0,1.0,3400.0,1926.0,1940.0,1,A1,980000,2019-07-03,queens,45-27 193RD STREET NYC
3,BAY RIDGE,01 ONE FAMILY DWELLINGS,1,5990,63,A5,549 81STREET,11209.0,1.0,0.0,1.0,2275.0,2187.0,1915.0,1,A5,870000,2019-12-16,brooklyn,549 81STREET NYC
3,OCEAN PARKWAY-SOUTH,03 THREE FAMILY DWELLINGS,1,7152,74,C0,2237 WEST STREET,11223.0,3.0,0.0,3.0,4000.0,3476.0,1930.0,1,C0,900000,2019-07-24,brooklyn,2237 WEST STREET NYC
4,SPRINGFIELD GARDENS,01 ONE FAMILY DWELLINGS,1,12295,29,A1,134-48 157TH STREET,11434.0,1.0,0.0,1.0,2500.0,1020.0,1935.0,1,A1,615000,2019-10-10,queens,134-48 157TH STREET NYC
2,KINGSBRIDGE/JEROME PARK,02 TWO FAMILY DWELLINGS,1,3271,43,B1,134A VAN CORTLANDT PARK SOUTH,10463.0,2.0,0.0,2.0,2103.0,1976.0,1940.0,1,B1,675000,2019-02-14,bronx,134A VAN CORTLANDT PARK SOUTH NYC
4,COLLEGE POINT,01 ONE FAMILY DWELLINGS,1,3971,44,A2,7-21 126TH STREET,11356.0,1.0,0.0,1.0,4000.0,1296.0,1940.0,1,A2,742500,2019-08-29,queens,7-21 126TH STREET NYC
4,GLENDALE,01 ONE FAMILY DWELLINGS,1,3880,76,A1,90-15 81ST ROAD,11385.0,1.0,0.0,1.0,3827.0,1536.0,1930.0,1,A1,783700,2019-11-26,queens,90-15 81ST ROAD NYC
3,MARINE PARK,01 ONE FAMILY DWELLINGS,1,8477,31,A9,1821 EAST 33RD STREET,11234.0,1.0,0.0,1.0,1950.0,1218.0,1925.0,1,A9,485000,2019-03-27,brooklyn,1821 EAST 33RD STREET NYC
2,PELHAM GARDENS,01 ONE FAMILY DWELLINGS,1,4481,122,A5,2551 WOODHULL AVENUE,10469.0,1.0,0.0,1.0,1702.0,1048.0,1940.0,1,A5,450000,2019-07-12,bronx,2551 WOODHULL AVENUE NYC
4,FLUSHING-NORTH,01 ONE FAMILY DWELLINGS,1,5603,19,A5,4680 HOLLIS COURT BLVD,11358.0,1.0,0.0,1.0,1800.0,1224.0,1950.0,1,A5,650000,2019-01-14,queens,4680 HOLLIS COURT BLVD NYC
3,OCEAN PARKWAY-SOUTH,02 TWO FAMILY DWELLINGS,1,7156,64,B1,2301 EAST 4TH STREET,11223.0,2.0,0.0,2.0,2000.0,2184.0,1955.0,1,B1,1100000,2019-01-11,brooklyn,2301 EAST 4TH STREET NYC
2,SCHUYLERVILLE/PELHAM BAY,02 TWO FAMILY DWELLINGS,1,4251,10,B1,2124 SAINT PAUL AVENUE,10461.0,2.0,0.0,2.0,2860.0,1696.0,1950.0,1,B1,740000,2019-11-13,bronx,2124 SAINT PAUL AVENUE NYC
2,WESTCHESTER,02 TWO FAMILY DWELLINGS,1,3848,117,B2,1364 HERSCHELL STREET,10461.0,2.0,0.0,2.0,2525.0,1698.0,1925.0,1,B2,525000,2019-11-21,bronx,1364 HERSCHELL STREET NYC
3,GRAVESEND,01 ONE FAMILY DWELLINGS,1,6919,38,A2,2558 STILLWELL AVE,11223.0,1.0,0.0,1.0,2000.0,934.0,1901.0,1,A2,1265000,2019-03-14,brooklyn,2558 STILLWELL AVE NYC
3,EAST NEW YORK,02 TWO FAMILY DWELLINGS,1,4153,63,B3,322 LOGAN STREET,11208.0,2.0,0.0,2.0,2000.0,2172.0,1910.0,1,B3,525000,2019-04-18,brooklyn,322 LOGAN STREET NYC
3,BAY RIDGE,02 TWO FAMILY DWELLINGS,1,6072,25,B1,22 PARROTT PLACE,11228.0,2.0,0.0,2.0,2000.0,3014.0,1930.0,1,B1,1455000,2019-08-23,brooklyn,22 PARROTT PLACE NYC
4,SO. JAMAICA-BAISLEY PARK,01 ONE FAMILY DWELLINGS,1,12035,4,A1,12035 142 STREET,11436.0,1.0,0.0,1.0,2500.0,1216.0,1925.0,1,A1,495000,2019-02-05,queens,12035 142 STREET NYC
4,ARVERNE,02 TWO FAMILY DWELLINGS,1,16053,35,B2,69-04 BEACH CHANNEL DRIVE,11692.0,2.0,0.0,2.0,2800.0,1852.0,2006.0,1,B2,530000,2019-07-29,queens,69-04 BEACH CHANNEL DRIVE NYC
5,NEW SPRINGVILLE,01 ONE FAMILY DWELLINGS,1,2368,57,A5,566 TRAVIS AVENUE,10314.0,1.0,0.0,1.0,2652.0,2390.0,1985.0,1,A5,680000,2019-04-16,statenisland,566 TRAVIS AVENUE NYC
3,BOROUGH PARK,02 TWO FAMILY DWELLINGS,1,5502,40,S2,5806 16TH AVE,11204.0,2.0,1.0,3.0,1328.0,3240.0,1931.0,1,S2,1425000,2019-06-04,brooklyn,5806 16TH AVE NYC
4,ASTORIA,03 THREE FAMILY DWELLINGS,1,829,43,C0,20-84 33RD STREET,11105.0,3.0,0.0,3.0,1550.0,2950.0,1960.0,1,C0,1429000,2019-08-19,queens,20-84 33RD STREET NYC
4,FLUSHING-SOUTH,01 ONE FAMILY DWELLINGS,1,6622,32,A5,72-41 141ST STREET,11367.0,1.0,0.0,1.0,1995.0,1680.0,1945.0,1,A5,650000,2019-02-08,queens,72-41 141ST STREET NYC
3,EAST NEW YORK,03 THREE FAMILY DWELLINGS,1,4289,29,C0,1450 BLAKE AVENUE,11208.0,3.0,0.0,3.0,4000.0,2600.0,1968.0,1,C0,328000,2019-05-14,brooklyn,1450 BLAKE AVENUE NYC
4,JACKSON HEIGHTS,03 THREE FAMILY DWELLINGS,1,1122,47,C0,30-53 73RD STREET,11370.0,3.0,0.0,3.0,1983.0,2422.0,1965.0,1,C0,950000,2019-01-08,queens,30-53 73RD STREET NYC
3,DYKER HEIGHTS,03 THREE FAMILY DWELLINGS,1,6279,52,C0,1265 81 STREET,11228.0,3.0,0.0,3.0,2000.0,1800.0,1920.0,1,C0,1100000,2019-09-12,brooklyn,1265 81 STREET NYC
5,CASTLETON CORNERS,01 ONE FAMILY DWELLINGS,1,709,65,A1,55 JOSEPHINE STREET,10314.0,1.0,0.0,1.0,2580.0,1152.0,1925.0,1,A1,395000,2019-01-08,statenisland,55 JOSEPHINE STREET NYC
5,ROSEBANK,01 ONE FAMILY DWELLINGS,1,2996,86,A5,19 TONE LANE,10305.0,1.0,0.0,1.0,1184.0,1600.0,1991.0,1,A5,460000,2019-04-18,statenisland,19 TONE LANE NYC
5,ANNADALE,01 ONE FAMILY DWELLINGS,1,6301,58,A1,471 RENSSELAER AVENUE,10312.0,1.0,0.0,1.0,4000.0,2317.0,2017.0,1,A1,948578,2019-02-11,statenisland,471 RENSSELAER AVENUE NYC
4,BAYSIDE,01 ONE FAMILY DWELLINGS,1,7441,10,A2,56-12 213TH STREET,11364.0,1.0,0.0,1.0,4018.0,1120.0,1950.0,1,A2,730000,2019-01-22,queens,56-12 213TH STREET NYC
4,COLLEGE POINT,01 ONE FAMILY DWELLINGS,1,3948,23,A2,124-11 6 AVENUE,11356.0,1.0,0.0,1.0,2500.0,974.0,1920.0,1,A2,435000,2019-10-31,queens,124-11 6 AVENUE NYC
3,OCEAN PARKWAY-NORTH,01 ONE FAMILY DWELLINGS,1,6536,71,A9,1135 E 10 ST,11230.0,1.0,0.0,1.0,1733.0,1342.0,1930.0,1,A9,760000,2019-01-28,brooklyn,1135 E 10 ST NYC
4,RICHMOND HILL,01 ONE FAMILY DWELLINGS,1,9471,10,A1,129-22 95TH AVE,11419.0,1.0,0.0,1.0,2521.0,1216.0,1920.0,1,A1,582000,2019-07-17,queens,129-22 95TH AVE NYC
2,WILLIAMSBRIDGE,02 TWO FAMILY DWELLINGS,1,4844,18,B3,741 EAST 230 STREET,10466.0,2.0,0.0,2.0,2052.0,1651.0,1955.0,1,B3,478950,2019-12-24,bronx,741 EAST 230 STREET NYC
4,FAR ROCKAWAY,03 THREE FAMILY DWELLINGS,1,15807,22,C0,224 BEACH 32ND STREET,11691.0,3.0,0.0,3.0,1704.0,2760.0,2004.0,1,C0,399000,2019-06-26,queens,224 BEACH 32ND STREET NYC
5,WESTERLEIGH,02 TWO FAMILY DWELLINGS,1,388,69,B2,468 JEWETT AVENUE,10302.0,2.0,0.0,2.0,2600.0,1408.0,1932.0,1,B2,336000,2019-06-14,statenisland,468 JEWETT AVENUE NYC
3,CANARSIE,02 TWO FAMILY DWELLINGS,1,8214,37,B9,919 EAST 106 STREET,11236.0,2.0,0.0,2.0,2533.0,2240.0,1960.0,1,B9,790000,2019-01-24,brooklyn,919 EAST 106 STREET NYC
4,FLUSHING-NORTH,01 ONE FAMILY DWELLINGS,1,5630,6,A2,48-26 195TH STREET,11365.0,1.0,0.0,1.0,3362.0,1300.0,1935.0,1,A2,858000,2019-09-19,queens,48-26 195TH STREET NYC
5,ELTINGVILLE,01 ONE FAMILY DWELLINGS,1,5671,74,A5,67 LORING AVENUE,10312.0,1.0,0.0,1.0,2800.0,1600.0,1978.0,1,A5,480000,2019-12-06,statenisland,67 LORING AVENUE NYC
4,SOUTH JAMAICA,02 TWO FAMILY DWELLINGS,1,10335,25,B2,177-60 106 ROAD,11433.0,2.0,0.0,2.0,2000.0,2080.0,2003.0,1,B2,730000,2019-03-13,queens,177-60 106 ROAD NYC
4,OZONE PARK,02 TWO FAMILY DWELLINGS,1,9100,32,B2,101-54 94 STREET,11416.0,2.0,0.0,2.0,2502.0,2096.0,1930.0,1,B2,582000,2019-06-20,queens,101-54 94 STREET NYC
4,SO. JAMAICA-BAISLEY PARK,01 ONE FAMILY DWELLINGS,1,11978,19,A1,114-28 148TH STREET,11436.0,1.0,0.0,1.0,2000.0,1120.0,1930.0,1,A1,525000,2019-11-25,queens,114-28 148TH STREET NYC
4,BAYSIDE,01 ONE FAMILY DWELLINGS,1,7434,37,A5,56-57 CLEARVIEW EXPRESSWAY,11364.0,1.0,0.0,1.0,1800.0,1683.0,1945.0,1,A5,643000,2019-10-10,queens,56-57 CLEARVIEW EXPRESSWAY NYC
4,OZONE PARK,02 TWO FAMILY DWELLINGS,1,9154,58,B2,105-25 89TH STREET,11417.0,2.0,0.0,2.0,4000.0,2560.0,1930.0,1,B2,520000,2019-02-07,queens,105-25 89TH STREET NYC
4,ST. ALBANS,01 ONE FAMILY DWELLINGS,1,10970,18,A1,194-27 112TH ROAD,11412.0,1.0,0.0,1.0,2942.0,1544.0,1930.0,1,A1,336000,2019-02-05,queens,194-27 112TH ROAD NYC
2,SCHUYLERVILLE/PELHAM BAY,02 TWO FAMILY DWELLINGS,1,4250,57,B1,2923 EAST 196 STREET,10461.0,2.0,0.0,2.0,1960.0,3040.0,1965.0,1,B1,550000,2019-05-20,bronx,2923 EAST 196 STREET NYC
4,WOODSIDE,01 ONE FAMILY DWELLINGS,1,1217,56,A5,37-16 63RD STREET,11377.0,1.0,0.0,1.0,2000.0,1386.0,1901.0,1,A5,675000,2019-11-27,queens,37-16 63RD STREET NYC
4,QUEENS VILLAGE,02 TWO FAMILY DWELLINGS,1,10776,36,B3,220-25 102ND AVENUE,11429.0,2.0,0.0,2.0,4000.0,1172.0,1920.0,1,B3,393600,2019-01-28,queens,220-25 102ND AVENUE NYC
4,FLUSHING-SOUTH,02 TWO FAMILY DWELLINGS,1,6917,51,B1,65-22 UTOPIA PARKWAY,11365.0,2.0,0.0,2.0,2231.0,2656.0,1955.0,1,B1,500000,2019-05-15,queens,65-22 UTOPIA PARKWAY NYC
4,JACKSON HEIGHTS,02 TWO FAMILY DWELLINGS,1,1140,7,B1,69-12 31 AVE,11377.0,2.0,0.0,2.0,2000.0,2700.0,1960.0,1,B1,990000,2019-08-02,queens,69-12 31 AVE NYC
4,OZONE PARK,02 TWO FAMILY DWELLINGS,1,9157,36,B2,90-09 107 AVENUE,11417.0,2.0,0.0,2.0,1980.0,2174.0,1910.0,1,B2,705000,2019-05-07,queens,90-09 107 AVENUE NYC
3,BOROUGH PARK,02 TWO FAMILY DWELLINGS,1,5584,52,B2,1053 40TH STREET,11219.0,2.0,0.0,2.0,1713.0,1536.0,1910.0,1,B2,950000,2019-05-23,brooklyn,1053 40TH STREET NYC
5,NEW DORP,01 ONE FAMILY DWELLINGS,1,3638,59,A1,228 BRYANT AVENUE,10306.0,1.0,0.0,1.0,4000.0,1764.0,1920.0,1,A1,665000,2019-08-19,statenisland,228 BRYANT AVENUE NYC
3,BROWNSVILLE,01 ONE FAMILY DWELLINGS,1,3830,46,A5,542 POWELL STREET,11212.0,1.0,0.0,1.0,1802.0,1116.0,1986.0,1,A5,324480,2019-06-06,brooklyn,542 POWELL STREET NYC
4,GLENDALE,02 TWO FAMILY DWELLINGS,1,3713,5,B2,60-62 COOPER AVENUE,11385.0,2.0,0.0,2.0,3167.0,2060.0,1930.0,1,B2,845000,2019-06-27,queens,60-62 COOPER AVENUE NYC
4,BELLEROSE,01 ONE FAMILY DWELLINGS,1,8635,5,A1,8637 253 STREET,11426.0,1.0,0.0,1.0,3500.0,1485.0,1935.0,1,A1,685000,2019-12-13,queens,8637 253 STREET NYC
2,PELHAM PARKWAY SOUTH,01 ONE FAMILY DWELLINGS,1,4297,10,A1,2060 MATTHEWS AVENUE,10462.0,1.0,0.0,1.0,1940.0,1488.0,1925.0,1,A1,579000,2019-02-22,bronx,2060 MATTHEWS AVENUE NYC
5,WILLOWBROOK,01 ONE FAMILY DWELLINGS,1,784,25,A5,175 MARTIN AVENUE,10314.0,1.0,0.0,1.0,3000.0,1528.0,1970.0,1,A5,570000,2019-10-23,statenisland,175 MARTIN AVENUE NYC
4,EAST ELMHURST,01 ONE FAMILY DWELLINGS,1,1378,66,A5,26-25 98TH STREET,11369.0,1.0,0.0,1.0,1754.0,1260.0,1930.0,1,A5,365000,2019-12-20,queens,26-25 98TH STREET NYC
4,SO. JAMAICA-BAISLEY PARK,02 TWO FAMILY DWELLINGS,1,12370,11,B3,168-22 119TH AVENUE,11434.0,2.0,0.0,2.0,3517.0,1720.0,1920.0,1,B3,760000,2019-07-31,queens,168-22 119TH AVENUE NYC
5,CASTLETON CORNERS,01 ONE FAMILY DWELLINGS,1,366,81,A0,39 KEIBER COURT,10314.0,1.0,0.0,1.0,4120.0,916.0,1945.0,1,A0,480000,2019-02-15,statenisland,39 KEIBER COURT NYC
3,FLATBUSH-EAST,01 ONE FAMILY DWELLINGS,1,7906,19,A5,379 EAST 58TH STREET,11203.0,1.0,0.0,1.0,2200.0,1515.0,1940.0,1,A5,610000,2019-04-09,brooklyn,379 EAST 58TH STREET NYC
4,HOLLIS,01 ONE FAMILY DWELLINGS,1,10374,4,A1,187-05 LIBERTY AVENUE,11412.0,1.0,0.0,1.0,3044.0,1200.0,1925.0,1,A1,580000,2019-08-06,queens,187-05 LIBERTY AVENUE NYC
4,RICHMOND HILL,03 THREE FAMILY DWELLINGS,1,9494,9,C0,127-24 101ST AVENUE,11419.0,3.0,0.0,3.0,4038.0,2400.0,1910.0,1,C0,1230000,2019-02-04,queens,127-24 101ST AVENUE NYC
5,NEW DORP-BEACH,01 ONE FAMILY DWELLINGS,1,4131,86,A5,15 PELICAN CIRCLE,10306.0,1.0,0.0,1.0,2013.0,1425.0,1997.0,1,A5,549000,2019-11-12,statenisland,15 PELICAN CIRCLE NYC
2,WOODLAWN,01 ONE FAMILY DWELLINGS,1,3385,50,A1,319 EAST 236 STREET,10470.0,1.0,0.0,1.0,4608.0,2259.0,1920.0,1,A1,725000,2019-04-22,bronx,319 EAST 236 STREET NYC
5,ROSSVILLE,01 ONE FAMILY DWELLINGS,1,7037,127,A5,26 GERVIL STREET,10309.0,1.0,0.0,1.0,1458.0,1088.0,1986.0,1,A5,450000,2019-09-16,statenisland,26 GERVIL STREET NYC
5,GREAT KILLS,02 TWO FAMILY DWELLINGS,1,5195,40,B3,3770 HYLAN BOULEVARD,10308.0,2.0,0.0,2.0,3800.0,2336.0,1975.0,1,B3,780000,2019-09-03,statenisland,3770 HYLAN BOULEVARD NYC
4,ROSEDALE,01 ONE FAMILY DWELLINGS,1,13470,74,A5,14594 223 ST,11413.0,1.0,0.0,1.0,2375.0,1368.0,1955.0,1,A5,480000,2019-07-02,queens,14594 223 ST NYC
4,ELMHURST,02 TWO FAMILY DWELLINGS,1,1839,57,S2,87-37 JUSTICE AVENUE,11373.0,2.0,1.0,3.0,2037.0,3225.0,2004.0,1,S2,1349628,2019-03-19,queens,87-37 JUSTICE AVENUE NYC
4,SOUTH JAMAICA,02 TWO FAMILY DWELLINGS,1,10198,41,B2,110-29 167TH STREET,11433.0,2.0,0.0,2.0,4000.0,3900.0,1988.0,1,B2,700000,2019-05-24,queens,110-29 167TH STREET NYC
5,BULLS HEAD,02 TWO FAMILY DWELLINGS,1,1655,51,B9,198 REGIS DRIVE,10314.0,2.0,0.0,2.0,3540.0,1912.0,1974.0,1,B9,425000,2019-01-18,statenisland,198 REGIS DRIVE NYC
4,RICHMOND HILL,03 THREE FAMILY DWELLINGS,1,9294,2,C0,102-06 90 AVENUE,11418.0,3.0,0.0,3.0,2900.0,2846.0,1920.0,1,C0,810000,2019-08-29,queens,102-06 90 AVENUE NYC
4,HOLLIS,02 TWO FAMILY DWELLINGS,1,10367,139,B2,102-53 188TH STREET,11423.0,2.0,0.0,2.0,2500.0,1408.0,1925.0,1,B2,380000,2019-03-18,queens,102-53 188TH STREET NYC
4,HOWARD BEACH,01 ONE FAMILY DWELLINGS,1,14162,30,A2,101-19 158TH AVENUE,11414.0,1.0,0.0,1.0,4000.0,948.0,1920.0,1,A2,490231,2019-08-23,queens,101-19 158TH AVENUE NYC
5,SUNNYSIDE,02 TWO FAMILY DWELLINGS,1,673,50,B2,25 RENWICK AVENUE,10301.0,2.0,0.0,2.0,4000.0,1392.0,1945.0,1,B2,765000,2019-07-22,statenisland,25 RENWICK AVENUE NYC
4,RIDGEWOOD,02 TWO FAMILY DWELLINGS,1,3548,89,B1,16-35 HANCOCK STREET,11385.0,2.0,0.0,2.0,1858.0,2160.0,1910.0,1,B1,1649000,2019-01-11,queens,16-35 HANCOCK STREET NYC
2,SOUNDVIEW,02 TWO FAMILY DWELLINGS,1,3730,44,B3,1848 WATSON AVENUE,10472.0,2.0,0.0,2.0,2000.0,2200.0,1930.0,1,B3,685000,2019-01-31,bronx,1848 WATSON AVENUE NYC
4,SO. JAMAICA-BAISLEY PARK,14 RENTALS - 4-10 UNIT,2A,12022,28,S3,117-28 SUTPHIN BOULEVARD,11434.0,3.0,1.0,4.0,2083.0,2400.0,1931.0,2,S3,600000,2019-07-29,queens,117-28 SUTPHIN BOULEVARD NYC
3,EAST NEW YORK,02 TWO FAMILY DWELLINGS,1,4210,29,B3,130 CRYSTAL STREET,11208.0,2.0,0.0,2.0,2000.0,1340.0,1930.0,1,B3,770157,2019-05-09,brooklyn,130 CRYSTAL STREET NYC
4,SOUTH OZONE PARK,01 ONE FAMILY DWELLINGS,1,11724,11,A1,130-51 117TH STREET,11420.0,1.0,0.0,1.0,2600.0,1155.0,1930.0,1,A1,449000,2019-04-09,queens,130-51 117TH STREET NYC
4,EAST ELMHURST,01 ONE FAMILY DWELLINGS,1,1653,13,A1,25-13 GILMORE STREET,11369.0,1.0,0.0,1.0,2000.0,1365.0,1925.0,1,A1,710000,2019-09-20,queens,25-13 GILMORE STREET NYC
3,WILLIAMSBURG-NORTH,02 TWO FAMILY DWELLINGS,1,2387,26,S2,479 GRAND STREET,11211.0,2.0,1.0,3.0,2500.0,3000.0,1910.0,1,S2,400000,2019-03-12,brooklyn,479 GRAND STREET NYC
3,FLATLANDS,03 THREE FAMILY DWELLINGS,1,7801,46,C0,1226 EAST 54TH STREET,11234.0,3.0,0.0,3.0,2600.0,2404.0,1950.0,1,C0,584000,2019-02-19,brooklyn,1226 EAST 54TH STREET NYC
3,EAST NEW YORK,02 TWO FAMILY DWELLINGS,1,3706,11,B2,229 VERMONT STREET,11207.0,2.0,0.0,2.0,2650.0,1540.0,1901.0,1,B2,900000,2019-11-12,brooklyn,229 VERMONT STREET NYC
4,SOUTH JAMAICA,01 ONE FAMILY DWELLINGS,1,11961,13,A5,111-61 145TH STREET,11435.0,1.0,0.0,1.0,1800.0,1296.0,1930.0,1,A5,427000,2019-08-22,queens,111-61 145TH STREET NYC
4,FLUSHING-NORTH,01 ONE FAMILY DWELLINGS,1,5371,60,A5,42-49 195TH STREET,11358.0,1.0,0.0,1.0,2160.0,1260.0,1945.0,1,A5,780000,2019-01-24,queens,42-49 195TH STREET NYC
4,FLUSHING-SOUTH,01 ONE FAMILY DWELLINGS,1,6499,16,A5,64-17 136TH STREET,11367.0,1.0,0.0,1.0,3120.0,1296.0,1950.0,1,A5,660000,2019-08-19,queens,64-17 136TH STREET NYC
4,LITTLE NECK,01 ONE FAMILY DWELLINGS,1,8239,1,A1,249-04 52ND AVENUE,11362.0,1.0,0.0,1.0,4550.0,2846.0,1955.0,1,A1,1288000,2019-09-06,queens,249-04 52ND AVENUE NYC
4,RIDGEWOOD,07 RENTALS - WALKUP APARTMENTS,2A,3553,58,C3,1032 CYPRESS AVENUE,11385.0,4.0,0.0,4.0,2500.0,3100.0,1931.0,2,C3,999000,2019-04-18,queens,1032 CYPRESS AVENUE NYC
3,MARINE PARK,02 TWO FAMILY DWELLINGS,1,8535,42,B2,2105 EAST 35TH STREET,11234.0,2.0,0.0,2.0,1600.0,1592.0,1950.0,1,B2,650000,2019-09-13,brooklyn,2105 EAST 35TH STREET NYC
4,ELMHURST,01 ONE FAMILY DWELLINGS,1,2807,9,A5,54-14 80TH STREET,11373.0,1.0,0.0,1.0,2200.0,956.0,1940.0,1,A5,778000,2019-04-23,queens,54-14 80TH STREET NYC
3,CANARSIE,02 TWO FAMILY DWELLINGS,1,8179,61,B2,24 DURLAND PLACE,11236.0,2.0,0.0,2.0,2088.0,984.0,1920.0,1,B2,630000,2019-10-16,brooklyn,24 DURLAND PLACE NYC
2,MOTT HAVEN/PORT MORRIS,02 TWO FAMILY DWELLINGS,1,2290,142,B2,463 BROOK AVENUE,10455.0,2.0,0.0,2.0,2000.0,2000.0,1991.0,1,B2,540000,2019-02-15,bronx,463 BROOK AVENUE NYC
3,EAST NEW YORK,02 TWO FAMILY DWELLINGS,1,4309,41,B1,753 BARBEY STREET,11207.0,2.0,0.0,2.0,2000.0,2080.0,2005.0,1,B1,701882,2019-05-17,brooklyn,753 BARBEY STREET NYC
4,ROSEDALE,01 ONE FAMILY DWELLINGS,1,13491,59,A1,144-40 222ND STREET,11413.0,1.0,0.0,1.0,2900.0,1552.0,1930.0,1,A1,520000,2019-05-20,queens,144-40 222ND STREET NYC
5,GREAT KILLS,01 ONE FAMILY DWELLINGS,1,5457,20,A5,250 BROOKFIELD AVENUE,10308.0,1.0,0.0,1.0,2424.0,1512.0,1975.0,1,A5,581500,2019-05-10,statenisland,250 BROOKFIELD AVENUE NYC
5,BULLS HEAD,01 ONE FAMILY DWELLINGS,1,1703,6,A5,100 WILCOX STREET,10303.0,1.0,0.0,1.0,2668.0,1472.0,1978.0,1,A5,535000,2019-02-28,statenisland,100 WILCOX STREET NYC
5,ARDEN HEIGHTS,01 ONE FAMILY DWELLINGS,1,5725,28,A5,131 KENILWORTH AVENUE,10312.0,1.0,0.0,1.0,1135.0,1540.0,1995.0,1,A5,492000,2019-06-06,statenisland,131 KENILWORTH AVENUE NYC
3,WILLIAMSBURG-EAST,02 TWO FAMILY DWELLINGS,1,2770,8,B9,288 MANHATTAN AVENUE,11211.0,2.0,0.0,2.0,1375.0,1530.0,1901.0,1,B9,1400000,2019-07-29,brooklyn,288 MANHATTAN AVENUE NYC
4,SO. JAMAICA-BAISLEY PARK,01 ONE FAMILY DWELLINGS,1,12385,9,A1,120-66 MARSDEN STREET,11434.0,1.0,0.0,1.0,2640.0,1436.0,2014.0,1,A1,562000,2019-12-18,queens,120-66 MARSDEN STREET NYC
2,THROGS NECK,01 ONE FAMILY DWELLINGS,1,5593,4,A5,2782A MILES AVENUE,10465.0,1.0,0.0,1.0,1600.0,1440.0,1960.0,1,A5,415000,2019-04-29,bronx,2782A MILES AVENUE NYC
4,SO. JAMAICA-BAISLEY PARK,02 TWO FAMILY DWELLINGS,1,12216,29,B2,121-02 153RD STREET,11434.0,2.0,0.0,2.0,2304.0,2304.0,1988.0,1,B2,830000,2019-07-09,queens,121-02 153RD STREET NYC
5,MARINERS HARBOR,01 ONE FAMILY DWELLINGS,1,1248,35,A5,182 CONTINENTAL PLACE,10303.0,1.0,0.0,1.0,1408.0,1040.0,1989.0,1,A5,330000,2019-10-30,statenisland,182 CONTINENTAL PLACE NYC
2,CASTLE HILL/UNIONPORT,02 TWO FAMILY DWELLINGS,1,3684,29,B3,2156 TURNBULL AVENUE,10473.0,2.0,0.0,2.0,2458.0,1728.0,1945.0,1,B3,535000,2019-07-08,bronx,2156 TURNBULL AVENUE NYC
4,GLEN OAKS,02 TWO FAMILY DWELLINGS,1,8506,9,B3,77-10 252ND STREET,11426.0,2.0,0.0,2.0,4000.0,1350.0,1940.0,1,B3,629000,2019-12-13,queens,77-10 252ND STREET NYC
3,BUSH TERMINAL,02 TWO FAMILY DWELLINGS,1,736,58,B9,253 45TH STREET,11220.0,2.0,0.0,2.0,1761.0,1680.0,1920.0,1,B9,999000,2019-05-13,brooklyn,253 45TH STREET NYC
4,CORONA,03 THREE FAMILY DWELLINGS,1,1776,121,C0,104-56 39TH AVENUE,11368.0,3.0,0.0,3.0,2333.0,3456.0,1987.0,1,C0,1200000,2019-06-21,queens,104-56 39TH AVENUE NYC
4,QUEENS VILLAGE,01 ONE FAMILY DWELLINGS,1,10673,35,A5,88-33 VANDERVEER STREET,11427.0,1.0,0.0,1.0,2400.0,2114.0,1925.0,1,A5,495000,2019-10-28,queens,88-33 VANDERVEER STREET NYC
4,HOWARD BEACH,01 ONE FAMILY DWELLINGS,1,13977,15,A2,158-20 79 ST,11414.0,1.0,0.0,1.0,4200.0,2250.0,1960.0,1,A2,750000,2019-07-23,queens,158-20 79 ST NYC
2,BAYCHESTER,01 ONE FAMILY DWELLINGS,1,4780,48,A5,3024 ELY AVENUE,10469.0,1.0,0.0,1.0,2651.0,1368.0,1960.0,1,A5,465000,2019-12-03,bronx,3024 ELY AVENUE NYC
5,MARINERS HARBOR,02 TWO FAMILY DWELLINGS,1,1254,40,B9,81 SOUTH AVENUE,10303.0,2.0,0.0,2.0,3700.0,1316.0,2004.0,1,B9,449000,2019-09-06,statenisland,81 SOUTH AVENUE NYC
4,JACKSON HEIGHTS,02 TWO FAMILY DWELLINGS,1,1397,41,B1,31-33 85TH STREET,11370.0,2.0,0.0,2.0,2417.0,2200.0,1925.0,1,B1,920000,2019-07-03,queens,31-33 85TH STREET NYC
4,EAST ELMHURST,01 ONE FAMILY DWELLINGS,1,1107,25,A5,24-38 97TH STREET,11369.0,1.0,0.0,1.0,1805.0,1995.0,1930.0,1,A5,730000,2019-04-10,queens,24-38 97TH STREET NYC
3,CYPRESS HILLS,02 TWO FAMILY DWELLINGS,1,3912,56,B2,70 HIGHLAND PLACE,11208.0,2.0,0.0,2.0,2567.0,1560.0,1910.0,1,B2,787500,2019-08-07,brooklyn,70 HIGHLAND PLACE NYC
4,SOUTH OZONE PARK,01 ONE FAMILY DWELLINGS,1,11663,1,A1,115-02 120TH STREET,11420.0,1.0,0.0,1.0,2000.0,1200.0,1920.0,1,A1,615000,2019-11-18,queens,115-02 120TH STREET NYC
4,RICHMOND HILL,01 ONE FAMILY DWELLINGS,1,9506,26,A1,103-48 103RD STREET,11417.0,1.0,0.0,1.0,2500.0,1205.0,1920.0,1,A1,679500,2019-09-19,queens,103-48 103RD STREET NYC
4,WOODHAVEN,01 ONE FAMILY DWELLINGS,1,8984,14,A1,91-16 91ST STREET,11421.0,1.0,0.0,1.0,2000.0,1308.0,1920.0,1,A1,558900,2019-07-11,queens,91-16 91ST STREET NYC
2,SOUNDVIEW,07 RENTALS - WALKUP APARTMENTS,2A,3738,73,C3,1121 WHEELER AVENUE,10472.0,4.0,0.0,4.0,2500.0,3280.0,1926.0,2,C3,680000,2019-03-08,bronx,1121 WHEELER AVENUE NYC
3,EAST NEW YORK,02 TWO FAMILY DWELLINGS,1,4268,27,B2,1330 SUTTER AVENUE,11208.0,2.0,0.0,2.0,2000.0,1560.0,1920.0,1,B2,315000,2019-07-18,brooklyn,1330 SUTTER AVENUE NYC
3,BAY RIDGE,02 TWO FAMILY DWELLINGS,1,6017,68,B1,325 84TH STREET,11209.0,2.0,0.0,2.0,2650.0,2432.0,1915.0,1,B1,1320000,2019-09-16,brooklyn,325 84TH STREET NYC
2,MORRIS PARK/VAN NEST,02 TWO FAMILY DWELLINGS,1,4061,14,B1,1565 PAULDING AVE,10462.0,2.0,0.0,2.0,2500.0,1862.0,1925.0,1,B1,525000,2019-10-18,bronx,1565 PAULDING AVE NYC
2,BRONXDALE,01 ONE FAMILY DWELLINGS,1,4594,112,A5,3232 BARKER AVENUE,10467.0,1.0,0.0,1.0,2160.0,1575.0,1950.0,1,A5,499000,2019-01-22,bronx,3232 BARKER AVENUE NYC
5,WESTERLEIGH,01 ONE FAMILY DWELLINGS,1,1467,1,A2,152 BRYSON AVENUE,10302.0,1.0,0.0,1.0,4800.0,1076.0,1945.0,1,A2,510000,2019-10-01,statenisland,152 BRYSON AVENUE NYC
4,ST. ALBANS,01 ONE FAMILY DWELLINGS,1,12397,111,A1,114-54 175TH PLACE,11434.0,1.0,0.0,1.0,4200.0,2006.0,1940.0,1,A1,560000,2019-03-05,queens,114-54 175TH PLACE NYC
3,CANARSIE,02 TWO FAMILY DWELLINGS,1,8283,22,B1,1347 EAST 99TH STREET,11236.0,2.0,0.0,2.0,2000.0,1600.0,1960.0,1,B1,710000,2019-12-20,brooklyn,1347 EAST 99TH STREET NYC
5,TOMPKINSVILLE,01 ONE FAMILY DWELLINGS,1,575,9,A5,53 WILLIS AVENUE,10301.0,1.0,0.0,1.0,2209.0,1325.0,2005.0,1,A5,481920,2019-11-08,statenisland,53 WILLIS AVENUE NYC
3,BERGEN BEACH,01 ONE FAMILY DWELLINGS,1,8366,71,A9,46 BERGEN BEACH PLACE,11234.0,1.0,0.0,1.0,2455.0,1556.0,1998.0,1,A9,750000,2019-12-11,brooklyn,46 BERGEN BEACH PLACE NYC
4,RICHMOND HILL,02 TWO FAMILY DWELLINGS,1,9596,39,B3,116-17 109TH AVENUE,11420.0,2.0,0.0,2.0,1995.0,1328.0,1920.0,1,B3,690000,2019-05-23,queens,116-17 109TH AVENUE NYC
3,MARINE PARK,01 ONE FAMILY DWELLINGS,1,7711,21,A1,1739 BURNETT STREET,11229.0,1.0,0.0,1.0,3100.0,1374.0,1920.0,1,A1,1100000,2019-07-11,brooklyn,1739 BURNETT STREET NYC
5,PORT RICHMOND,01 ONE FAMILY DWELLINGS,1,1123,25,A5,37 NEWARK AVENUE,10302.0,1.0,0.0,1.0,2376.0,1200.0,2003.0,1,A5,324000,2019-12-12,statenisland,37 NEWARK AVENUE NYC
3,EAST NEW YORK,01 ONE FAMILY DWELLINGS,1,4046,141,A5,905 BLAKE AVENUE,11207.0,1.0,0.0,1.0,2250.0,1116.0,1989.0,1,A5,540000,2019-01-28,brooklyn,905 BLAKE AVENUE NYC
4,WHITESTONE,01 ONE FAMILY DWELLINGS,1,4675,113,A5,149-17 WILLETS POINT BOULEVARD,11357.0,1.0,0.0,1.0,2325.0,1782.0,1960.0,1,A5,810000,2019-10-03,queens,149-17 WILLETS POINT BOULEVARD NYC
4,SO. JAMAICA-BAISLEY PARK,01 ONE FAMILY DWELLINGS,1,12363,22,A5,117-74 MARSDEN STREET,11434.0,1.0,0.0,1.0,2000.0,1300.0,1945.0,1,A5,340000,2019-08-26,queens,117-74 MARSDEN STREET NYC
5,NEW SPRINGVILLE,01 ONE FAMILY DWELLINGS,1,2115,121,A5,63 PLYMOUTH ROAD,10314.0,1.0,0.0,1.0,2600.0,1404.0,1970.0,1,A5,475000,2019-07-15,statenisland,63 PLYMOUTH ROAD NYC
5,NEW SPRINGVILLE,02 TWO FAMILY DWELLINGS,1,2114,73,B2,23 ROCKVILLE AVENUE,10314.0,2.0,0.0,2.0,4400.0,2634.0,1965.0,1,B2,940000,2019-07-15,statenisland,23 ROCKVILLE AVENUE NYC
3,CLINTON HILL,14 RENTALS - 4-10 UNIT,2A,1945,53,S9,141 GREENE AVENUE,11238.0,2.0,2.0,4.0,1200.0,3300.0,1905.0,2,S9,1700000,2019-08-28,brooklyn,141 GREENE AVENUE NYC
5,WOODROW,01 ONE FAMILY DWELLINGS,1,6933,33,A1,195 RAMAPO AVENUE,10309.0,1.0,0.0,1.0,4000.0,2160.0,1970.0,1,A1,595000,2019-08-14,statenisland,195 RAMAPO AVENUE NYC
4,HOLLIS,01 ONE FAMILY DWELLINGS,1,10585,20,A1,210-30 88TH ROAD,11427.0,1.0,0.0,1.0,3672.0,1585.0,1930.0,1,A1,685000,2019-01-30,queens,210-30 88TH ROAD NYC
2,WILLIAMSBRIDGE,01 ONE FAMILY DWELLINGS,1,4860,24,A5,941 EAST 224 STREET,10466.0,1.0,0.0,1.0,1970.0,1890.0,1960.0,1,A5,525000,2019-11-27,bronx,941 EAST 224 STREET NYC
3,MADISON,01 ONE FAMILY DWELLINGS,1,6786,29,A1,1654 EAST 24TH ST,11229.0,1.0,0.0,1.0,2500.0,1408.0,1925.0,1,A1,900000,2019-08-12,brooklyn,1654 EAST 24TH ST NYC
4,JACKSON HEIGHTS,02 TWO FAMILY DWELLINGS,1,1130,13,B3,30-16 82ND STREET,11370.0,2.0,0.0,2.0,2142.0,1738.0,1955.0,1,B3,710000,2019-07-16,queens,30-16 82ND STREET NYC
3,BUSHWICK,03 THREE FAMILY DWELLINGS,1,3412,10,C0,1214 HALSEY ST,11207.0,3.0,0.0,3.0,2500.0,3900.0,2007.0,1,C0,800000,2019-01-29,brooklyn,1214 HALSEY ST NYC
4,MASPETH,02 TWO FAMILY DWELLINGS,1,2783,1,B1,67-01 61ST ROAD,11379.0,2.0,0.0,2.0,3411.0,2100.0,1955.0,1,B1,900000,2019-08-22,queens,67-01 61ST ROAD NYC
4,CAMBRIA HEIGHTS,01 ONE FAMILY DWELLINGS,1,11291,18,A5,115-35 227TH STREET,11411.0,1.0,0.0,1.0,2000.0,800.0,1945.0,1,A5,448000,2019-07-11,queens,115-35 227TH STREET NYC
5,ARDEN HEIGHTS,02 TWO FAMILY DWELLINGS,1,6012,87,B2,505 JEFFERSON BLVD,10312.0,2.0,0.0,2.0,4000.0,2872.0,2000.0,1,B2,820000,2019-11-06,statenisland,505 JEFFERSON BLVD NYC
4,BAYSIDE,01 ONE FAMILY DWELLINGS,1,5777,72,A1,15-71 201ST STREET,11360.0,1.0,0.0,1.0,4730.0,2120.0,1965.0,1,A1,863000,2019-02-11,queens,15-71 201ST STREET NYC
5,ANNADALE,01 ONE FAMILY DWELLINGS,1,6205,55,A5,36 SEGUINE PLACE,10312.0,1.0,0.0,1.0,1471.0,1068.0,1986.0,1,A5,363000,2019-03-28,statenisland,36 SEGUINE PLACE NYC
4,LAURELTON,01 ONE FAMILY DWELLINGS,1,12904,20,A5,130-33 226TH STREET,11413.0,1.0,0.0,1.0,2042.0,1456.0,1930.0,1,A5,450000,2019-04-02,queens,130-33 226TH STREET NYC
2,HIGHBRIDGE/MORRIS HEIGHTS,02 TWO FAMILY DWELLINGS,1,2861,26,S2,1693 JEROME AVENUE,10453.0,2.0,1.0,3.0,1875.0,3750.0,1925.0,1,S2,790000,2019-08-05,bronx,1693 JEROME AVENUE NYC
4,JAMAICA,01 ONE FAMILY DWELLINGS,1,10027,13,A1,95-20 147TH PLACE,11435.0,1.0,0.0,1.0,2500.0,852.0,1901.0,1,A1,1500000,2019-04-16,queens,95-20 147TH PLACE NYC
3,CANARSIE,02 TWO FAMILY DWELLINGS,1,8198,45,B2,9020 FLATLANDS AVE,11236.0,2.0,0.0,2.0,2295.0,1620.0,1920.0,1,B2,810000,2019-05-23,brooklyn,9020 FLATLANDS AVE NYC
5,ARROCHAR-SHORE ACRES,01 ONE FAMILY DWELLINGS,1,2835,5,A1,1401 BAY STREET,10305.0,1.0,0.0,1.0,4649.0,1126.0,1945.0,1,A1,380250,2019-06-27,statenisland,1401 BAY STREET NYC
5,OAKWOOD,01 ONE FAMILY DWELLINGS,1,4286,34,A1,19 ACORN STREET,10306.0,1.0,0.0,1.0,3975.0,1756.0,1930.0,1,A1,924000,2019-05-09,statenisland,19 ACORN STREET NYC
3,BENSONHURST,03 THREE FAMILY DWELLINGS,1,6203,70,C0,1669 74TH STREET,11204.0,3.0,0.0,3.0,2500.0,2240.0,1920.0,1,C0,1396000,2019-05-22,brooklyn,1669 74TH STREET NYC
2,PELHAM GARDENS,01 ONE FAMILY DWELLINGS,1,4482,56,A5,2551 MICKLE AVE,10469.0,1.0,0.0,1.0,2000.0,1360.0,1940.0,1,A5,555000,2019-10-11,bronx,2551 MICKLE AVE NYC
3,FLATBUSH-CENTRAL,02 TWO FAMILY DWELLINGS,1,5127,43,B1,27 OAKLAND PLACE,11226.0,2.0,0.0,2.0,1600.0,1920.0,1920.0,1,B1,1175000,2019-04-12,brooklyn,27 OAKLAND PLACE NYC
4,FLUSHING-NORTH,21 OFFICE BUILDINGS,4,4676,64,O7,149-60 WILLETS POINT BLVD,11357.0,0.0,1.0,1.0,1166.0,1500.0,1950.0,4,O7,875000,2019-09-26,queens,149-60 WILLETS POINT BLVD NYC
4,HOWARD BEACH,02 TWO FAMILY DWELLINGS,1,11457,19,B2,155-22 78 ST,11414.0,2.0,0.0,2.0,2135.0,2184.0,2004.0,1,B2,845000,2019-07-08,queens,155-22 78 ST NYC
3,FLATBUSH-EAST,01 ONE FAMILY DWELLINGS,1,4732,20,A9,594 EAST 48TH STREET,11203.0,1.0,0.0,1.0,2500.0,870.0,1925.0,1,A9,575000,2019-03-13,brooklyn,594 EAST 48TH STREET NYC
3,EAST NEW YORK,02 TWO FAMILY DWELLINGS,1,4003,8,B3,437 LINWOOD STREET,11208.0,2.0,0.0,2.0,2600.0,1348.0,1901.0,1,B3,551200,2019-04-30,brooklyn,437 LINWOOD STREET NYC
2,SOUNDVIEW,07 RENTALS - WALKUP APARTMENTS,2A,3893,6,C3,1705 EAST 174 STREET,10472.0,4.0,0.0,4.0,2600.0,3342.0,1926.0,2,C3,695000,2019-02-27,bronx,1705 EAST 174 STREET NYC
4,SOUTH OZONE PARK,01 ONE FAMILY DWELLINGS,1,11701,13,A1,120-09 134TH STREET,11420.0,1.0,0.0,1.0,2088.0,868.0,1920.0,1,A1,495000,2019-07-29,queens,120-09 134TH STREET NYC
3,CROWN HEIGHTS,02 TWO FAMILY DWELLINGS,1,1343,86,B9,1745 DEAN STREET,11233.0,2.0,0.0,2.0,1795.0,1120.0,1920.0,1,B9,405900,2019-09-25,brooklyn,1745 DEAN STREET NYC
3,SHEEPSHEAD BAY,02 TWO FAMILY DWELLINGS,1,8801,47,B3,2798 FORD STREET,11235.0,2.0,0.0,2.0,2017.0,2032.0,1920.0,1,B3,750000,2019-02-15,brooklyn,2798 FORD STREET NYC
5,CONCORD,01 ONE FAMILY DWELLINGS,1,636,4,A1,841 VAN DUZER STREET,10304.0,1.0,0.0,1.0,2300.0,1392.0,1920.0,1,A1,401661,2019-03-21,statenisland,841 VAN DUZER STREET NYC
4,OAKLAND GARDENS,01 ONE FAMILY DWELLINGS,1,7624,40,A5,67-51 212TH STREET,11364.0,1.0,0.0,1.0,2600.0,1116.0,1950.0,1,A5,725000,2019-09-27,queens,67-51 212TH STREET NYC
4,RIDGEWOOD,02 TWO FAMILY DWELLINGS,1,3533,4,B1,6058 68TH AVE,11385.0,2.0,0.0,2.0,1800.0,3245.0,1910.0,1,B1,999999,2019-05-20,queens,6058 68TH AVE NYC
4,WHITESTONE,01 ONE FAMILY DWELLINGS,1,4675,16,A5,149-23 WILLETS POINT BLVD,11357.0,1.0,0.0,1.0,2770.0,1782.0,1960.0,1,A5,870000,2019-09-06,queens,149-23 WILLETS POINT BLVD NYC
5,NEW DORP-BEACH,01 ONE FAMILY DWELLINGS,1,4131,1,A5,124 PELICAN CIRCLE,10306.0,1.0,0.0,1.0,2654.0,1455.0,1997.0,1,A5,452465,2019-01-04,statenisland,124 PELICAN CIRCLE NYC
4,LAURELTON,02 TWO FAMILY DWELLINGS,1,13117,38,B1,135-07 222ND STREET,11413.0,2.0,0.0,2.0,2300.0,1700.0,1945.0,1,B1,540000,2019-08-29,queens,135-07 222ND STREET NYC
4,JAMAICA,01 ONE FAMILY DWELLINGS,1,9700,61,A1,8711 139 STREET,11435.0,1.0,0.0,1.0,1940.0,1280.0,1925.0,1,A1,595000,2019-12-18,queens,8711 139 STREET NYC
3,DYKER HEIGHTS,01 ONE FAMILY DWELLINGS,1,6321,59,A5,1245 85TH ST,11228.0,1.0,0.0,1.0,2400.0,1460.0,1920.0,1,A5,957500,2019-06-24,brooklyn,1245 85TH ST NYC
4,SO. JAMAICA-BAISLEY PARK,01 ONE FAMILY DWELLINGS,1,12027,68,A1,119-17 146TH STREET,11436.0,1.0,0.0,1.0,2000.0,896.0,1925.0,1,A1,485000,2019-12-30,queens,119-17 146TH STREET NYC
4,ASTORIA,02 TWO FAMILY DWELLINGS,1,761,23,B1,21-41 47TH STREET,11105.0,2.0,0.0,2.0,2983.0,1562.0,1940.0,1,B1,1225000,2019-03-07,queens,21-41 47TH STREET NYC
3,FLATLANDS,02 TWO FAMILY DWELLINGS,1,7804,15,B1,1173 EAST 56TH STREET,11234.0,2.0,0.0,2.0,2400.0,2396.0,1960.0,1,B1,675000,2019-07-01,brooklyn,1173 EAST 56TH STREET NYC
2,MELROSE/CONCOURSE,02 TWO FAMILY DWELLINGS,1,2782,139,B2,1311 CLAY AVENUE,10456.0,2.0,0.0,2.0,2079.0,3071.0,1901.0,1,B2,640000,2019-08-30,bronx,1311 CLAY AVENUE NYC
4,SOUTH OZONE PARK,03 THREE FAMILY DWELLINGS,1,11601,63,C0,109-19 120TH STREET,11420.0,3.0,0.0,3.0,2200.0,2770.0,1945.0,1,C0,700000,2019-09-26,queens,109-19 120TH STREET NYC
3,EAST NEW YORK,01 ONE FAMILY DWELLINGS,1,4178,145,A5,98 FORBELL ST,11208.0,1.0,0.0,1.0,1775.0,1130.0,1910.0,1,A5,550000,2019-06-20,brooklyn,98 FORBELL ST NYC
4,FLUSHING-NORTH,01 ONE FAMILY DWELLINGS,1,5352,6,A5,40-43 172ND STREET,11358.0,1.0,0.0,1.0,1060.0,1996.0,1945.0,1,A5,849000,2019-06-03,queens,40-43 172ND STREET NYC
4,WOODHAVEN,03 THREE FAMILY DWELLINGS,1,9178,56,C0,84-11 101 STREET,11418.0,3.0,0.0,3.0,3500.0,3299.0,1910.0,1,C0,1130000,2019-08-13,queens,84-11 101 STREET NYC
2,CITY ISLAND,01 ONE FAMILY DWELLINGS,1,5630,74,A5,298 WILLIAM AVENUE,10464.0,1.0,0.0,1.0,3381.0,1836.0,1965.0,1,A5,544000,2019-07-29,bronx,298 WILLIAM AVENUE NYC
4,WOODHAVEN,01 ONE FAMILY DWELLINGS,1,8982,43,A9,91-49 88TH STREET,11421.0,1.0,0.0,1.0,1667.0,1176.0,1920.0,1,A9,383250,2019-10-24,queens,91-49 88TH STREET NYC
4,BELLEROSE,01 ONE FAMILY DWELLINGS,1,7901,19,A2,81-33 242ND STREET,11426.0,1.0,0.0,1.0,4000.0,999.0,1955.0,1,A2,580000,2019-11-13,queens,81-33 242ND STREET NYC
2,WAKEFIELD,02 TWO FAMILY DWELLINGS,1,5098,60,B3,4425 MONTICELLO AVENUE,10466.0,2.0,0.0,2.0,2460.0,1504.0,1925.0,1,B3,577000,2019-06-11,bronx,4425 MONTICELLO AVENUE NYC
4,SPRINGFIELD GARDENS,02 TWO FAMILY DWELLINGS,1,12313,39,B2,140-22 158TH STREET,11434.0,2.0,0.0,2.0,3000.0,1669.0,1960.0,1,B2,750000,2019-05-29,queens,140-22 158TH STREET NYC
5,GREAT KILLS-BAY TERRACE,02 TWO FAMILY DWELLINGS,1,5093,13,B2,10 TAUNTON STREET,10306.0,2.0,0.0,2.0,4000.0,2328.0,1975.0,1,B2,780000,2019-05-15,statenisland,10 TAUNTON STREET NYC
4,WOODHAVEN,01 ONE FAMILY DWELLINGS,1,8981,21,A9,91-36 88TH STREET,11421.0,1.0,0.0,1.0,1600.0,1432.0,1915.0,1,A9,565000,2019-12-16,queens,91-36 88TH STREET NYC
4,OZONE PARK,03 THREE FAMILY DWELLINGS,1,9020,12,C0,94-18 87TH STREET,11416.0,3.0,0.0,3.0,2500.0,2880.0,2004.0,1,C0,970000,2019-10-25,queens,94-18 87TH STREET NYC
3,SHEEPSHEAD BAY,02 TWO FAMILY DWELLINGS,1,8792,89,B1,3658 SHORE PARKWAY,11235.0,2.0,0.0,2.0,1512.0,1636.0,1945.0,1,B1,640000,2019-10-22,brooklyn,3658 SHORE PARKWAY NYC
4,BELLEROSE,01 ONE FAMILY DWELLINGS,1,8578,41,A2,82-04 247TH STREET,11426.0,1.0,0.0,1.0,4000.0,1134.0,1945.0,1,A2,655000,2019-08-13,queens,82-04 247TH STREET NYC
3,BAY RIDGE,02 TWO FAMILY DWELLINGS,1,6037,55,B2,8508 7 AVENUE,11228.0,2.0,0.0,2.0,2575.0,2360.0,1920.0,1,B2,680000,2019-10-01,brooklyn,8508 7 AVENUE NYC
3,OLD MILL BASIN,02 TWO FAMILY DWELLINGS,1,8494,2,B9,5419 FILLMORE AVENUE,11234.0,2.0,0.0,2.0,1560.0,2125.0,1955.0,1,B9,725000,2019-02-19,brooklyn,5419 FILLMORE AVENUE NYC
3,GERRITSEN BEACH,01 ONE FAMILY DWELLINGS,1,8939,8,A1,68 DICTUM COURT,11229.0,1.0,0.0,1.0,3570.0,3600.0,1920.0,1,A1,750000,2019-04-30,brooklyn,68 DICTUM COURT NYC
5,WILLOWBROOK,01 ONE FAMILY DWELLINGS,1,740,60,A1,17 ARDMORE AVENUE,10314.0,1.0,0.0,1.0,4000.0,2164.0,1960.0,1,A2,775000,2019-06-27,statenisland,17 ARDMORE AVENUE NYC
4,BELLEROSE,01 ONE FAMILY DWELLINGS,1,8648,1,A1,252-03 87TH DRIVE,11426.0,1.0,0.0,1.0,3815.0,1280.0,1925.0,1,A1,669000,2019-08-16,queens,252-03 87TH DRIVE NYC
5,CONCORD,02 TWO FAMILY DWELLINGS,1,2906,31,B1,737 TARGEE STREET,10304.0,2.0,0.0,2.0,2932.0,1456.0,1950.0,1,B1,735000,2019-10-04,statenisland,737 TARGEE STREET NYC
3,EAST NEW YORK,02 TWO FAMILY DWELLINGS,1,4528,27,B2,946 CRESCENT STREET,11208.0,2.0,0.0,2.0,2000.0,1600.0,1901.0,1,B2,450000,2019-12-19,brooklyn,946 CRESCENT STREET NYC
2,WILLIAMSBRIDGE,03 THREE FAMILY DWELLINGS,1,4834,19,C0,675 EAST 231ST STREET,10466.0,3.0,0.0,3.0,2297.0,3240.0,2006.0,1,C0,740000,2019-08-20,bronx,675 EAST 231ST STREET NYC
5,NEW SPRINGVILLE,01 ONE FAMILY DWELLINGS,1,2383,20,A5,66 STEPHEN LOOP,10314.0,1.0,0.0,1.0,3145.0,2142.0,1996.0,1,A5,650000,2019-11-27,statenisland,66 STEPHEN LOOP NYC
4,CAMBRIA HEIGHTS,01 ONE FAMILY DWELLINGS,1,11280,124,A5,216-24 115TH TERRACE,11411.0,1.0,0.0,1.0,1544.0,972.0,1940.0,1,A5,303300,2019-05-13,queens,216-24 115TH TERRACE NYC
2,PARKCHESTER,02 TWO FAMILY DWELLINGS,1,4020,43,B2,1726 MELVILLE STREET,10460.0,2.0,0.0,2.0,2500.0,2056.0,1905.0,1,B2,430000,2019-07-16,bronx,1726 MELVILLE STREET NYC
4,HOLLIS,01 ONE FAMILY DWELLINGS,1,10565,22,A1,91-10 211TH PLACE,11428.0,1.0,0.0,1.0,2673.0,1592.0,1940.0,1,A1,415382,2019-09-24,queens,91-10 211TH PLACE NYC
4,WHITESTONE,01 ONE FAMILY DWELLINGS,1,4683,36,A5,15-52 150 PLACE,11357.0,1.0,0.0,1.0,3750.0,1224.0,1960.0,1,A5,804000,2019-07-29,queens,15-52 150 PLACE NYC
4,ST. ALBANS,02 TWO FAMILY DWELLINGS,1,12601,32,B3,190-29 117 ROAD,11412.0,2.0,0.0,2.0,2500.0,1536.0,1925.0,1,B3,530000,2019-09-12,queens,190-29 117 ROAD NYC
4,FLUSHING-NORTH,02 TWO FAMILY DWELLINGS,1,6423,19,B1,148-33 59TH AVENUE,11355.0,2.0,0.0,2.0,2200.0,1560.0,1950.0,1,B1,880000,2019-12-24,queens,148-33 59TH AVENUE NYC
5,TOTTENVILLE,01 ONE FAMILY DWELLINGS,1,7895,41,A1,315 YETMAN AVENUE,10307.0,1.0,0.0,1.0,2351.0,1350.0,2010.0,1,A1,575000,2019-02-01,statenisland,315 YETMAN AVENUE NYC
5,CASTLETON CORNERS,01 ONE FAMILY DWELLINGS,1,370,5,A0,26 RAYMOND AVENUE,10314.0,1.0,0.0,1.0,3550.0,1128.0,1945.0,1,A0,630000,2019-12-20,statenisland,26 RAYMOND AVENUE NYC
4,SPRINGFIELD GARDENS,02 TWO FAMILY DWELLINGS,1,13276,5,B2,144-39 176TH STREET,11434.0,2.0,0.0,2.0,4000.0,2256.0,1997.0,1,B2,800000,2019-12-23,queens,144-39 176TH STREET NYC
3,CYPRESS HILLS,03 THREE FAMILY DWELLINGS,1,3672,5,C0,141 VERMONT STREET,11207.0,3.0,0.0,3.0,3021.0,3264.0,2007.0,1,C0,800000,2019-04-15,brooklyn,141 VERMONT STREET NYC
3,FLATBUSH-NORTH,03 THREE FAMILY DWELLINGS,1,4826,79,C0,89 EAST 46TH STREET,11203.0,3.0,0.0,3.0,2000.0,3600.0,2006.0,1,C0,1350000,2019-07-30,brooklyn,89 EAST 46TH STREET NYC
4,ASTORIA,03 THREE FAMILY DWELLINGS,1,716,26,C0,25-45 45 STREET,11103.0,3.0,0.0,3.0,2500.0,1482.0,1910.0,1,C0,950000,2019-02-07,queens,25-45 45 STREET NYC
3,BUSHWICK,02 TWO FAMILY DWELLINGS,1,3352,60,B2,227 WOODBINE STREET,11221.0,2.0,0.0,2.0,1950.0,2634.0,1910.0,1,B2,940000,2019-11-12,brooklyn,227 WOODBINE STREET NYC
4,BAYSIDE,01 ONE FAMILY DWELLINGS,1,5806,20,A0,23-30 207TH STREET,11360.0,1.0,0.0,1.0,4320.0,1086.0,1945.0,1,A0,870000,2019-01-04,queens,23-30 207TH STREET NYC
4,ROSEDALE,01 ONE FAMILY DWELLINGS,1,13456,28,A2,146-19 222 STREET,11413.0,1.0,0.0,1.0,3800.0,1050.0,1950.0,1,A2,590000,2019-03-05,queens,146-19 222 STREET NYC
2,SOUNDVIEW,02 TWO FAMILY DWELLINGS,1,3760,26,B9,1234 NOBLE AVENUE,10472.0,2.0,0.0,2.0,1992.0,1780.0,1960.0,1,B9,700000,2019-05-06,bronx,1234 NOBLE AVENUE NYC
2,MORRISANIA/LONGWOOD,01 ONE FAMILY DWELLINGS,1,2669,22,B3,1000 TINTON AVE,10456.0,2.0,0.0,2.0,1875.0,3195.0,1920.0,1,A1,649000,2019-07-03,bronx,1000 TINTON AVE NYC
4,OZONE PARK,02 TWO FAMILY DWELLINGS,1,9157,39,B2,90-03 107TH AVENUE,11417.0,2.0,0.0,2.0,1840.0,2174.0,1920.0,1,B2,780000,2019-05-02,queens,90-03 107TH AVENUE NYC
4,SOUTH JAMAICA,02 TWO FAMILY DWELLINGS,1,10131,59,B2,150-15 YATES ROAD,11433.0,2.0,0.0,2.0,1751.0,1592.0,1915.0,1,B2,335000,2019-05-31,queens,150-15 YATES ROAD NYC
3,FLATBUSH-EAST,02 TWO FAMILY DWELLINGS,1,4732,25,B3,602 EAST 48TH ST,11203.0,2.0,0.0,2.0,2500.0,896.0,1925.0,1,B3,303000,2019-12-31,brooklyn,602 EAST 48TH ST NYC
2,COUNTRY CLUB,02 TWO FAMILY DWELLINGS,1,5406,114,B3,3188 RAWLINS AVENUE,10465.0,2.0,0.0,2.0,2149.0,1530.0,1955.0,1,B3,450000,2019-02-06,bronx,3188 RAWLINS AVENUE NYC
4,MIDDLE VILLAGE,01 ONE FAMILY DWELLINGS,1,3042,55,A2,65-35 79TH PLACE,11379.0,1.0,0.0,1.0,1800.0,684.0,1925.0,1,A2,425000,2019-02-11,queens,65-35 79TH PLACE NYC
3,FLATBUSH-EAST,01 ONE FAMILY DWELLINGS,1,4939,22,A9,3903 CLARENDON ROAD,11203.0,1.0,0.0,1.0,2025.0,1248.0,1910.0,1,A9,552000,2019-04-17,brooklyn,3903 CLARENDON ROAD NYC
5,ARROCHAR,01 ONE FAMILY DWELLINGS,1,3106,14,A5,95 DUER AVENUE,10305.0,1.0,0.0,1.0,2460.0,1470.0,2018.0,1,A5,721939,2019-02-25,statenisland,95 DUER AVENUE NYC
4,RICHMOND HILL,02 TWO FAMILY DWELLINGS,1,9593,44,B3,13301 107 AVE,11419.0,2.0,0.0,2.0,2827.0,1456.0,1920.0,1,B3,350000,2019-04-29,queens,13301 107 AVE NYC
4,HOLLIS,03 THREE FAMILY DWELLINGS,1,10827,7,C0,93-17 197 STREET,11423.0,3.0,0.0,3.0,3420.0,2991.0,2005.0,1,C0,375000,2019-07-16,queens,93-17 197 STREET NYC
4,FAR ROCKAWAY,02 TWO FAMILY DWELLINGS,1,15607,14,B3,161 BEACH 3RD STREET,11691.0,2.0,0.0,2.0,4000.0,2114.0,1920.0,1,B3,705000,2019-09-11,queens,161 BEACH 3RD STREET NYC
4,COLLEGE POINT,02 TWO FAMILY DWELLINGS,1,4134,41,B2,128-11 20TH AVENUE,11356.0,2.0,0.0,2.0,2467.0,1840.0,1920.0,1,B2,700000,2019-08-26,queens,128-11 20TH AVENUE NYC
4,JACKSON HEIGHTS,02 TWO FAMILY DWELLINGS,1,1167,78,B1,32-15 71ST STREET,11370.0,2.0,0.0,2.0,2000.0,1375.0,1950.0,1,B1,890000,2019-08-26,queens,32-15 71ST STREET NYC
3,SHEEPSHEAD BAY,01 ONE FAMILY DWELLINGS,1,7440,67,A5,2553 EAST 19TH STREET,11235.0,1.0,0.0,1.0,2138.0,1785.0,1930.0,1,A5,800000,2019-11-12,brooklyn,2553 EAST 19TH STREET NYC
4,ST. ALBANS,01 ONE FAMILY DWELLINGS,1,11048,2,A5,115-69 205TH STREET,11412.0,1.0,0.0,1.0,2000.0,760.0,1940.0,1,A5,361722,2019-03-22,queens,115-69 205TH STREET NYC
3,SUNSET PARK,02 TWO FAMILY DWELLINGS,1,841,55,B9,655 57TH STREET,11220.0,2.0,0.0,2.0,1928.0,3027.0,1901.0,1,B9,1505000,2019-07-09,brooklyn,655 57TH STREET NYC
4,HOLLIS,02 TWO FAMILY DWELLINGS,1,10848,7,B3,201-14 99 AVENUE,11423.0,2.0,0.0,2.0,3000.0,1840.0,1935.0,1,B3,760000,2019-03-15,queens,201-14 99 AVENUE NYC
4,FAR ROCKAWAY,01 ONE FAMILY DWELLINGS,1,15581,9,A2,7-27 FRISCO AVENUE,11691.0,1.0,0.0,1.0,4378.0,1925.0,1960.0,1,A2,725000,2019-03-27,queens,7-27 FRISCO AVENUE NYC
2,BAYCHESTER,02 TWO FAMILY DWELLINGS,1,4929,49,B9,3903 ELY AVENUE,10466.0,2.0,0.0,2.0,1830.0,1900.0,1964.0,1,B9,462604,2019-11-14,bronx,3903 ELY AVENUE NYC
4,LAURELTON,02 TWO FAMILY DWELLINGS,1,13193,16,B2,226-04 MENTONE AVENUE,11413.0,2.0,0.0,2.0,2276.0,1624.0,2018.0,1,B2,650000,2019-12-12,queens,226-04 MENTONE AVENUE NYC
3,OCEAN HILL,02 TWO FAMILY DWELLINGS,1,1531,27,B3,100 MACDOUGAL STREET,11233.0,2.0,0.0,2.0,1975.0,1950.0,1910.0,1,B3,1070000,2019-06-18,brooklyn,100 MACDOUGAL STREET NYC
2,THROGS NECK,02 TWO FAMILY DWELLINGS,1,5518,5,B1,3086 MILES AVENUE,10465.0,2.0,0.0,2.0,3739.0,2971.0,2004.0,1,B1,860000,2019-07-25,bronx,3086 MILES AVENUE NYC
3,CANARSIE,01 ONE FAMILY DWELLINGS,1,7912,32,A5,8706 AVENUE B,11236.0,1.0,0.0,1.0,2217.0,1676.0,1925.0,1,A5,565000,2019-02-26,brooklyn,8706 AVENUE B NYC
2,SCHUYLERVILLE/PELHAM BAY,03 THREE FAMILY DWELLINGS,1,5339,84,C0,1225 HOLLYWOOD AVENUE,10461.0,3.0,0.0,3.0,3392.0,2832.0,1925.0,1,C0,900000,2019-11-26,bronx,1225 HOLLYWOOD AVENUE NYC
3,BENSONHURST,03 THREE FAMILY DWELLINGS,1,6230,15,C0,2126 BAY RIDGE PARKWAY,11204.0,3.0,0.0,3.0,2700.0,4422.0,1920.0,1,C0,1150000,2019-02-07,brooklyn,2126 BAY RIDGE PARKWAY NYC
3,BAY RIDGE,01 ONE FAMILY DWELLINGS,1,6064,57,A9,317 90TH STREET,11209.0,1.0,0.0,1.0,662.0,750.0,1930.0,1,A9,630000,2019-10-03,brooklyn,317 90TH STREET NYC
3,SHEEPSHEAD BAY,01 ONE FAMILY DWELLINGS,1,7377,16,A1,2226 EAST 17TH STREET,11229.0,1.0,0.0,1.0,3000.0,1396.0,1910.0,1,A1,930000,2019-12-18,brooklyn,2226 EAST 17TH STREET NYC
3,EAST NEW YORK,03 THREE FAMILY DWELLINGS,1,4318,48,C0,85 LOUISIANA AVENUE,11207.0,3.0,0.0,3.0,1242.0,1600.0,1920.0,1,C0,480000,2019-03-19,brooklyn,85 LOUISIANA AVENUE NYC
5,WESTERLEIGH,02 TWO FAMILY DWELLINGS,1,407,11,B2,159 GARRISON AVENUE,10314.0,2.0,0.0,2.0,4366.0,1728.0,1960.0,1,B2,492000,2019-06-11,statenisland,159 GARRISON AVENUE NYC
4,QUEENS VILLAGE,01 ONE FAMILY DWELLINGS,1,10669,119,A1,88-45 212TH STREET,11427.0,1.0,0.0,1.0,3200.0,1372.0,1930.0,1,A1,570000,2019-11-15,queens,88-45 212TH STREET NYC
3,OCEAN PARKWAY-NORTH,02 TWO FAMILY DWELLINGS,1,5376,3,B3,706 AVENUE C,11218.0,2.0,0.0,2.0,1880.0,1987.0,1925.0,1,B3,1200000,2019-12-18,brooklyn,706 AVENUE C NYC
4,QUEENS VILLAGE,01 ONE FAMILY DWELLINGS,1,11112,13,A1,109-60 209TH PLACE,11429.0,1.0,0.0,1.0,4000.0,1638.0,1930.0,1,A1,595000,2019-03-04,queens,109-60 209TH PLACE NYC
4,MIDDLE VILLAGE,01 ONE FAMILY DWELLINGS,1,2942,15,A5,82-87 61ST DRIVE,11379.0,1.0,0.0,1.0,2200.0,968.0,1940.0,1,A5,400000,2019-06-21,queens,82-87 61ST DRIVE NYC
5,TOTTENVILLE,02 TWO FAMILY DWELLINGS,1,8001,76,B9,46 UTAH STREET,10307.0,2.0,0.0,2.0,1130.0,1680.0,1996.0,1,B9,535000,2019-09-23,statenisland,46 UTAH STREET NYC
4,OZONE PARK,02 TWO FAMILY DWELLINGS,1,9054,106,B2,97-35 83RD STREET,11416.0,2.0,0.0,2.0,2200.0,1920.0,1915.0,1,B2,785000,2019-11-14,queens,97-35 83RD STREET NYC
2,BATHGATE,02 TWO FAMILY DWELLINGS,1,3053,5,B9,509 EAST 183RD STREET,10458.0,2.0,0.0,2.0,1420.0,2805.0,1901.0,1,B9,649500,2019-08-23,bronx,509 EAST 183RD STREET NYC
4,LITTLE NECK,01 ONE FAMILY DWELLINGS,1,8392,126,A1,259-26 61ST AVENUE,11362.0,1.0,0.0,1.0,4290.0,2196.0,1945.0,1,A1,1390000,2019-01-31,queens,259-26 61ST AVENUE NYC
2,KINGSBRIDGE HTS/UNIV HTS,02 TWO FAMILY DWELLINGS,1,3234,89,B3,2268 HAMPDEN PLACE,10468.0,2.0,0.0,2.0,2119.0,2200.0,1910.0,1,B3,430950,2019-05-15,bronx,2268 HAMPDEN PLACE NYC
4,SPRINGFIELD GARDENS,01 ONE FAMILY DWELLINGS,1,13074,119,A5,179-15 144TH AVENUE,11434.0,1.0,0.0,1.0,2013.0,1656.0,2005.0,1,A5,410670,2019-04-29,queens,179-15 144TH AVENUE NYC
4,COLLEGE POINT,02 TWO FAMILY DWELLINGS,1,4232,27,B1,23-15 128TH STREET,11356.0,2.0,0.0,2.0,2915.0,1820.0,1967.0,1,B1,650000,2019-07-15,queens,23-15 128TH STREET NYC
2,BRONXDALE,02 TWO FAMILY DWELLINGS,1,4568,1,B1,3001 CRUGER AVENUE,10467.0,2.0,0.0,2.0,3500.0,2040.0,1982.0,1,B1,700000,2019-04-30,bronx,3001 CRUGER AVENUE NYC
5,WEST NEW BRIGHTON,02 TWO FAMILY DWELLINGS,1,144,35,B9,46 NORTH MADA AVENUE,10310.0,2.0,0.0,2.0,3500.0,2000.0,1991.0,1,B9,442000,2019-02-19,statenisland,46 NORTH MADA AVENUE NYC
3,BUSHWICK,02 TWO FAMILY DWELLINGS,1,3446,24,B1,150 MOFFAT STREET,11207.0,2.0,0.0,2.0,2000.0,2160.0,1910.0,1,B1,820000,2019-07-25,brooklyn,150 MOFFAT STREET NYC
5,ARDEN HEIGHTS,01 ONE FAMILY DWELLINGS,1,5740,86,A5,299 ASPEN KNOLLS WAY,10312.0,1.0,0.0,1.0,500.0,1354.0,2000.0,1,A5,335000,2019-04-05,statenisland,299 ASPEN KNOLLS WAY NYC
5,NEW DORP-BEACH,01 ONE FAMILY DWELLINGS,1,4057,69,A5,227 FINLEY AVENUE,10306.0,1.0,0.0,1.0,940.0,1080.0,1980.0,1,A5,390000,2019-01-14,statenisland,227 FINLEY AVENUE NYC
4,HOLLIS,01 ONE FAMILY DWELLINGS,1,10828,56,A1,196-27 HIAWATHA AVENUE,11423.0,1.0,0.0,1.0,4000.0,1668.0,1901.0,1,A1,540000,2019-06-12,queens,196-27 HIAWATHA AVENUE NYC
4,SPRINGFIELD GARDENS,02 TWO FAMILY DWELLINGS,1,13052,18,B2,141-39 182ND STREET,11413.0,2.0,0.0,2.0,4580.0,2025.0,1960.0,1,B2,680000,2019-08-13,queens,141-39 182ND STREET NYC
2,MORRIS PARK/VAN NEST,02 TWO FAMILY DWELLINGS,1,4089,29,B1,1167 SACKETT AVENUE,10461.0,2.0,0.0,2.0,2537.0,2224.0,1920.0,1,B1,660000,2019-04-17,bronx,1167 SACKETT AVENUE NYC
3,BENSONHURST,01 ONE FAMILY DWELLINGS,1,6203,18,A9,1620 73RD STREET,11204.0,1.0,0.0,1.0,1600.0,1042.0,1920.0,1,A9,790000,2019-06-24,brooklyn,1620 73RD STREET NYC
4,HOLLIS,01 ONE FAMILY DWELLINGS,1,10856,43,A1,208-09 100TH AVENUE,11429.0,1.0,0.0,1.0,4000.0,1452.0,1925.0,1,A1,595000,2019-12-13,queens,208-09 100TH AVENUE NYC
4,RICHMOND HILL,01 ONE FAMILY DWELLINGS,1,9535,44,A1,11201 107TH AVENUE,11419.0,1.0,0.0,1.0,2500.0,1950.0,1930.0,1,A1,725000,2019-11-18,queens,11201 107TH AVENUE NYC
4,JACKSON HEIGHTS,01 ONE FAMILY DWELLINGS,1,1359,52,A5,25-25 85TH STREET,11370.0,1.0,0.0,1.0,2000.0,1424.0,1940.0,1,A5,750000,2019-10-09,queens,25-25 85TH STREET NYC
4,RICHMOND HILL,01 ONE FAMILY DWELLINGS,1,9493,51,A9,101-51 126TH STREET,11419.0,1.0,0.0,1.0,2000.0,1200.0,1925.0,1,A9,580000,2019-02-11,queens,101-51 126TH STREET NYC
5,TOTTENVILLE,01 ONE FAMILY DWELLINGS,1,7868,31,A5,10 SPRAGUE AVENUE,10307.0,1.0,0.0,1.0,1514.0,1195.0,2005.0,1,A5,460000,2019-10-07,statenisland,10 SPRAGUE AVENUE NYC
3,CROWN HEIGHTS,02 TWO FAMILY DWELLINGS,1,1372,52,B1,1437 STERLING PLACE,11213.0,2.0,0.0,2.0,1873.0,3060.0,1901.0,1,B1,875000,2019-02-07,brooklyn,1437 STERLING PLACE NYC
2,SCHUYLERVILLE/PELHAM BAY,02 TWO FAMILY DWELLINGS,1,5356,21,B2,2828 CODDINGTON AVENUE,10461.0,2.0,0.0,2.0,2285.0,1903.0,1920.0,1,B2,585000,2019-04-09,bronx,2828 CODDINGTON AVENUE NYC
4,BAYSIDE,02 TWO FAMILY DWELLINGS,1,6227,15,B1,41-17 210TH STREET,11361.0,2.0,0.0,2.0,3432.0,1732.0,1955.0,1,B1,998500,2019-12-05,queens,41-17 210TH STREET NYC
4,CORONA,02 TWO FAMILY DWELLINGS,1,1710,66,B2,33-25 JUNCTION BLVD,11372.0,2.0,0.0,2.0,2756.0,2464.0,1920.0,1,B2,1148000,2019-12-26,queens,33-25 JUNCTION BLVD NYC
5,CLOVE LAKES,01 ONE FAMILY DWELLINGS,1,298,123,A1,72 HARTFORD AVENUE,10310.0,1.0,0.0,1.0,2610.0,1200.0,1940.0,1,A1,575000,2019-08-26,statenisland,72 HARTFORD AVENUE NYC
3,OCEAN HILL,03 THREE FAMILY DWELLINGS,1,1436,25,C0,2368 ATLANTIC AVENUE,11233.0,3.0,0.0,3.0,1933.0,2280.0,1901.0,1,C0,855000,2019-10-11,brooklyn,2368 ATLANTIC AVENUE NYC
3,KENSINGTON,01 ONE FAMILY DWELLINGS,1,5325,17,A1,208 EAST 3RD STREET,11218.0,1.0,0.0,1.0,3000.0,1912.0,1930.0,1,A1,1760000,2019-05-28,brooklyn,208 EAST 3RD STREET NYC
3,CANARSIE,02 TWO FAMILY DWELLINGS,1,8000,46,B1,728 EAST 80TH STREET,11236.0,2.0,0.0,2.0,1983.0,1828.0,1960.0,1,B1,690000,2019-04-09,brooklyn,728 EAST 80TH STREET NYC
4,WOODHAVEN,02 TWO FAMILY DWELLINGS,1,9291,31,B2,100-05 90TH AVENUE,11418.0,2.0,0.0,2.0,2500.0,1771.0,1920.0,1,B2,504541,2019-05-29,queens,100-05 90TH AVENUE NYC
4,MIDDLE VILLAGE,02 TWO FAMILY DWELLINGS,1,3788,29,B3,68-72 76TH STREET,11379.0,2.0,0.0,2.0,2000.0,1800.0,1920.0,1,B3,370500,2019-01-31,queens,68-72 76TH STREET NYC
4,SO. JAMAICA-BAISLEY PARK,02 TWO FAMILY DWELLINGS,1,12243,8,B2,119-03 LAKEVIEW BOULEVARD E,11434.0,2.0,0.0,2.0,1984.0,1408.0,1960.0,1,B2,517000,2019-08-26,queens,119-03 LAKEVIEW BOULEVARD E NYC
4,FLUSHING-SOUTH,01 ONE FAMILY DWELLINGS,1,6579,64,A5,136-46 72ND AVENUE,11367.0,1.0,0.0,1.0,2542.0,1749.0,1940.0,1,A5,940000,2019-02-26,queens,136-46 72ND AVENUE NYC
4,SOUTH JAMAICA,03 THREE FAMILY DWELLINGS,1,10048,3,C0,145-06 106TH AVENUE,11435.0,3.0,0.0,3.0,3800.0,1738.0,1932.0,1,C0,600000,2019-05-28,queens,145-06 106TH AVENUE NYC
3,FLATBUSH-EAST,02 TWO FAMILY DWELLINGS,1,5013,19,B2,821 EAST 38TH STREET,11210.0,2.0,0.0,2.0,4000.0,3056.0,1930.0,1,B2,1350000,2019-03-28,brooklyn,821 EAST 38TH STREET NYC
4,WOODSIDE,03 THREE FAMILY DWELLINGS,1,1181,63,C0,33-54 58TH STREET,11377.0,3.0,0.0,3.0,1900.0,1960.0,1940.0,1,C0,890000,2019-06-19,queens,33-54 58TH STREET NYC
2,MOTT HAVEN/PORT MORRIS,02 TWO FAMILY DWELLINGS,1,2290,21,B2,440 EAST 146 STREET,10455.0,2.0,0.0,2.0,2500.0,2160.0,1991.0,1,B2,735500,2019-03-08,bronx,440 EAST 146 STREET NYC
4,WHITESTONE,01 ONE FAMILY DWELLINGS,1,4653,33,A1,147-32 19TH AVENUE,11357.0,1.0,0.0,1.0,3742.0,1900.0,1925.0,1,A1,915000,2019-04-12,queens,147-32 19TH AVENUE NYC
3,BOROUGH PARK,30 WAREHOUSES,4,5524,33,E1,1664 61ST STREET,11204.0,0.0,1.0,1.0,2000.0,2000.0,1931.0,4,E1,1330000,2019-11-22,brooklyn,1664 61ST STREET NYC
4,WOODHAVEN,01 ONE FAMILY DWELLINGS,1,8962,110,A5,91-58 84TH STREET,11421.0,1.0,0.0,1.0,2000.0,1386.0,1930.0,1,A5,610000,2019-08-20,queens,91-58 84TH STREET NYC
4,QUEENS VILLAGE,03 THREE FAMILY DWELLINGS,1,7969,2,C0,88-09 RANSOM STREET,11427.0,3.0,0.0,3.0,3789.0,2950.0,1970.0,1,C0,412500,2019-05-10,queens,88-09 RANSOM STREET NYC
4,JACKSON HEIGHTS,01 ONE FAMILY DWELLINGS,1,1387,64,A5,30-17 89TH STREET,11369.0,1.0,0.0,1.0,2042.0,1500.0,1930.0,1,A5,725000,2019-04-12,queens,30-17 89TH STREET NYC
4,ROSEDALE,01 ONE FAMILY DWELLINGS,1,13709,39,B3,147-45 229TH STREET,11413.0,2.0,0.0,2.0,4000.0,2391.0,1965.0,1,A2,879000,2019-09-09,queens,147-45 229TH STREET NYC
3,MADISON,01 ONE FAMILY DWELLINGS,1,6809,67,A1,1761 EAST 26TH STREET,11229.0,1.0,0.0,1.0,3000.0,1328.0,1925.0,1,A1,1050000,2019-06-06,brooklyn,1761 EAST 26TH STREET NYC
3,DYKER HEIGHTS,02 TWO FAMILY DWELLINGS,1,5879,67,B1,953 70 STREET,11228.0,2.0,0.0,2.0,2000.0,2625.0,1901.0,1,B1,450000,2019-08-02,brooklyn,953 70 STREET NYC
5,NEW DORP,01 ONE FAMILY DWELLINGS,1,3634,40,A5,1302 SOUTH RAILROAD AVE,10306.0,1.0,0.0,1.0,2072.0,1408.0,1975.0,1,A5,530000,2019-09-19,statenisland,1302 SOUTH RAILROAD AVE NYC
5,WEST NEW BRIGHTON,01 ONE FAMILY DWELLINGS,1,161,24,A1,202 ELM STREET,10310.0,1.0,0.0,1.0,4620.0,1857.0,1925.0,1,A1,309273,2019-09-25,statenisland,202 ELM STREET NYC
3,BEDFORD STUYVESANT,01 ONE FAMILY DWELLINGS,1,1582,22,S1,902 BROADWAY,11206.0,1.0,1.0,2.0,712.0,1216.0,1931.0,1,S1,710000,2019-07-15,brooklyn,902 BROADWAY NYC
3,BEDFORD STUYVESANT,03 THREE FAMILY DWELLINGS,1,1835,50,C0,369 HANCOCK STREET,11216.0,3.0,0.0,3.0,1750.0,2940.0,1905.0,1,C0,1570000,2019-04-03,brooklyn,369 HANCOCK STREET NYC
2,MORRISANIA/LONGWOOD,02 TWO FAMILY DWELLINGS,1,2691,38,B1,1035 REV JAMES POLITE,10459.0,2.0,0.0,2.0,1146.0,1684.0,2005.0,1,B1,575000,2019-07-16,bronx,1035 REV JAMES POLITE NYC
2,SOUNDVIEW,02 TWO FAMILY DWELLINGS,1,3767,24,B2,1220 LELAND AVENUE,10472.0,2.0,0.0,2.0,2500.0,3627.0,1920.0,1,B2,465000,2019-02-28,bronx,1220 LELAND AVENUE NYC
4,SOUTH OZONE PARK,02 TWO FAMILY DWELLINGS,1,11670,23,B3,115-32 127TH STREET,11420.0,2.0,0.0,2.0,2500.0,1552.0,1930.0,1,B3,615000,2019-07-12,queens,115-32 127TH STREET NYC
2,CASTLE HILL/UNIONPORT,02 TWO FAMILY DWELLINGS,1,3575,7,B3,2263 CINCINNATUS AVENUE,10473.0,2.0,0.0,2.0,1925.0,1730.0,1935.0,1,B3,495000,2019-07-15,bronx,2263 CINCINNATUS AVENUE NYC
3,BOROUGH PARK,02 TWO FAMILY DWELLINGS,1,5475,49,B3,1965 53RD STREET,11204.0,2.0,0.0,2.0,2003.0,1696.0,1925.0,1,B3,1550000,2019-05-06,brooklyn,1965 53RD STREET NYC
3,EAST NEW YORK,02 TWO FAMILY DWELLINGS,1,3757,35,B1,338 WYONA STREET,11207.0,2.0,0.0,2.0,2000.0,2000.0,1930.0,1,B1,497777,2019-02-06,brooklyn,338 WYONA STREET NYC
4,BAYSIDE,01 ONE FAMILY DWELLINGS,1,6076,6,A5,200-12 33 AVENUE,11361.0,1.0,0.0,1.0,1888.0,1080.0,1930.0,1,A5,780000,2019-01-04,queens,200-12 33 AVENUE NYC
4,GLENDALE,02 TWO FAMILY DWELLINGS,1,3903,18,B3,95-34 72ND AVENUE,11375.0,2.0,0.0,2.0,2900.0,1412.0,1925.0,1,B3,900000,2019-05-17,queens,95-34 72ND AVENUE NYC
5,ARROCHAR,01 ONE FAMILY DWELLINGS,1,3108,61,A5,171 SAND LANE,10305.0,1.0,0.0,1.0,2000.0,1870.0,2018.0,1,A5,595676,2019-12-23,statenisland,171 SAND LANE NYC
4,OZONE PARK,01 ONE FAMILY DWELLINGS,1,11501,32,A5,133-32 PECONIC STREET,11417.0,1.0,0.0,1.0,3300.0,1360.0,1950.0,1,A5,569000,2019-05-22,queens,133-32 PECONIC STREET NYC
2,SCHUYLERVILLE/PELHAM BAY,02 TWO FAMILY DWELLINGS,1,5384,17,B1,2820 ZULETTE AVENUE,10461.0,2.0,0.0,2.0,2375.0,3312.0,1930.0,1,B1,710000,2019-07-23,bronx,2820 ZULETTE AVENUE NYC
4,MASPETH,03 THREE FAMILY DWELLINGS,1,2426,28,C0,67-20 50TH AVENUE,11377.0,3.0,0.0,3.0,2500.0,2480.0,1935.0,1,C0,800000,2019-04-05,queens,67-20 50TH AVENUE NYC
4,SUNNYSIDE,02 TWO FAMILY DWELLINGS,1,2296,20,B3,50-37 46TH STREET,11377.0,2.0,0.0,2.0,2000.0,1348.0,1925.0,1,B3,771874,2019-09-09,queens,50-37 46TH STREET NYC
3,EAST NEW YORK,02 TWO FAMILY DWELLINGS,1,4189,8,B3,133 MILFORD STREET,11208.0,2.0,0.0,2.0,1708.0,1632.0,1901.0,1,B3,391000,2019-12-23,brooklyn,133 MILFORD STREET NYC
5,CONCORD,01 ONE FAMILY DWELLINGS,1,2897,82,A5,417A WESER AVENUE,10304.0,1.0,0.0,1.0,1088.0,1248.0,1987.0,1,A5,385000,2019-06-27,statenisland,417A WESER AVENUE NYC
4,ASTORIA,02 TWO FAMILY DWELLINGS,1,819,21,B3,23-39 36TH STREET,11105.0,2.0,0.0,2.0,2000.0,1362.0,1925.0,1,B3,1165000,2019-02-07,queens,23-39 36TH STREET NYC
5,ROSSVILLE,01 ONE FAMILY DWELLINGS,1,7067,35,A1,55 POPLAR AVENUE,10309.0,1.0,0.0,1.0,3410.0,1345.0,2004.0,1,A1,725000,2019-05-03,statenisland,55 POPLAR AVENUE NYC
4,SPRINGFIELD GARDENS,01 ONE FAMILY DWELLINGS,1,12576,12,A1,137-45 170TH STREET,11434.0,1.0,0.0,1.0,3000.0,928.0,1935.0,1,A1,445000,2019-03-19,queens,137-45 170TH STREET NYC
4,SPRINGFIELD GARDENS,01 ONE FAMILY DWELLINGS,1,12729,37,A2,191-20 PINEVILLE LANE,11413.0,1.0,0.0,1.0,4560.0,2250.0,1965.0,1,A2,595000,2019-03-14,queens,191-20 PINEVILLE LANE NYC
4,FLUSHING-NORTH,01 ONE FAMILY DWELLINGS,1,4891,25,A1,29-15 160TH STREET,11358.0,1.0,0.0,1.0,3897.0,1552.0,1930.0,1,A1,868000,2019-09-13,queens,29-15 160TH STREET NYC
4,ST. ALBANS,02 TWO FAMILY DWELLINGS,1,12657,31,B1,201-09 120TH AVENUE,11412.0,2.0,0.0,2.0,4200.0,1406.0,1945.0,1,B1,880000,2019-10-31,queens,201-09 120TH AVENUE NYC
5,NEW BRIGHTON,01 ONE FAMILY DWELLINGS,1,30,10,A1,163 WESTERVELT AVENUE,10301.0,1.0,0.0,1.0,2475.0,1288.0,1925.0,1,A1,340000,2019-08-02,statenisland,163 WESTERVELT AVENUE NYC
4,HOLLIS,03 THREE FAMILY DWELLINGS,1,10816,35,C0,188-27 WOODHULL AVENUE,11423.0,3.0,0.0,3.0,3688.0,3597.0,2017.0,1,C0,1232083,2019-01-10,queens,188-27 WOODHULL AVENUE NYC
4,RIDGEWOOD,02 TWO FAMILY DWELLINGS,1,3610,57,B1,61-15 LINDEN STREET,11385.0,2.0,0.0,2.0,2000.0,3444.0,1925.0,1,B1,960000,2019-10-11,queens,61-15 LINDEN STREET NYC
4,GLENDALE,01 ONE FAMILY DWELLINGS,1,3646,18,A9,69-24 66TH PLACE,11385.0,1.0,0.0,1.0,2000.0,1308.0,1930.0,1,A9,383500,2019-07-09,queens,69-24 66TH PLACE NYC
4,FLUSHING-NORTH,01 ONE FAMILY DWELLINGS,1,5248,56,A1,33-22 164TH STREET,11358.0,1.0,0.0,1.0,4000.0,1888.0,1950.0,1,A1,980000,2019-07-23,queens,33-22 164TH STREET NYC
5,ARDEN HEIGHTS,01 ONE FAMILY DWELLINGS,1,6030,50,A5,81 RAILY COURT,10312.0,1.0,0.0,1.0,1080.0,1008.0,1986.0,1,A5,410000,2019-01-08,statenisland,81 RAILY COURT NYC
2,BAYCHESTER,01 ONE FAMILY DWELLINGS,1,4733,10,A5,3349 BOUCK AVENUE,10469.0,1.0,0.0,1.0,1900.0,1254.0,1940.0,1,A5,425000,2019-09-09,bronx,3349 BOUCK AVENUE NYC
2,BELMONT,02 TWO FAMILY DWELLINGS,1,3102,59,B1,2307 PROSPECT AVENUE,10458.0,2.0,0.0,2.0,2375.0,2380.0,1925.0,1,B1,670000,2019-07-26,bronx,2307 PROSPECT AVENUE NYC
4,SPRINGFIELD GARDENS,02 TWO FAMILY DWELLINGS,1,12682,45,B2,121-09 196TH STREET,11413.0,2.0,0.0,2.0,4300.0,1099.0,1950.0,1,B2,440000,2019-04-30,queens,121-09 196TH STREET NYC
5,ELTINGVILLE,01 ONE FAMILY DWELLINGS,1,5380,22,A2,248 SEIDMAN AVENUE,10312.0,1.0,0.0,1.0,4400.0,1368.0,1955.0,1,A2,570000,2019-04-26,statenisland,248 SEIDMAN AVENUE NYC
4,SOUTH OZONE PARK,02 TWO FAMILY DWELLINGS,1,11782,14,B3,133-49 123RD STREET,11420.0,2.0,0.0,2.0,4000.0,1642.0,1945.0,1,B3,685000,2019-09-23,queens,133-49 123RD STREET NYC
5,GRASMERE,01 ONE FAMILY DWELLINGS,1,3169,13,A5,526 ODER AVENUE,10304.0,1.0,0.0,1.0,2380.0,1232.0,2019.0,1,A5,687319,2019-11-20,statenisland,526 ODER AVENUE NYC
4,ELMHURST,01 ONE FAMILY DWELLINGS,1,1603,14,A5,94-28 46TH AVE,11373.0,1.0,0.0,1.0,1500.0,1285.0,1925.0,1,A5,692000,2019-10-08,queens,94-28 46TH AVE NYC
3,GRAVESEND,02 TWO FAMILY DWELLINGS,1,6644,29,B2,1754 WEST 12TH STREET,11223.0,2.0,0.0,2.0,2000.0,1856.0,1930.0,1,B2,1040000,2019-06-28,brooklyn,1754 WEST 12TH STREET NYC
3,SHEEPSHEAD BAY,01 ONE FAMILY DWELLINGS,1,7471,43,A1,2613 VOORHIES AVENUE,11235.0,1.0,0.0,1.0,2500.0,1328.0,1910.0,1,A1,760000,2019-12-27,brooklyn,2613 VOORHIES AVENUE NYC
4,OZONE PARK,01 ONE FAMILY DWELLINGS,1,9144,34,A1,84-11 108TH AVENUE,11417.0,1.0,0.0,1.0,1980.0,1230.0,1925.0,1,A1,595000,2019-07-29,queens,84-11 108TH AVENUE NYC
4,OZONE PARK,01 ONE FAMILY DWELLINGS,1,8997,34,A5,94-27 75TH STREET,11416.0,1.0,0.0,1.0,1700.0,1185.0,1920.0,1,A5,575000,2019-08-16,queens,94-27 75TH STREET NYC
3,CANARSIE,02 TWO FAMILY DWELLINGS,1,7994,43,B2,1064 REMSEN AVENUE,11236.0,2.0,0.0,2.0,2150.0,1710.0,1930.0,1,B2,549000,2019-04-17,brooklyn,1064 REMSEN AVENUE NYC
3,CYPRESS HILLS,02 TWO FAMILY DWELLINGS,1,4129,29,B2,392 RIDGEWOOD AVENUE,11208.0,2.0,0.0,2.0,1978.0,2916.0,1901.0,1,B2,500000,2019-02-25,brooklyn,392 RIDGEWOOD AVENUE NYC
2,MORRIS PARK/VAN NEST,02 TWO FAMILY DWELLINGS,1,4259,1,B2,1902 HUNT AVENUE,10462.0,2.0,0.0,2.0,2355.0,1854.0,1905.0,1,B2,650000,2019-02-27,bronx,1902 HUNT AVENUE NYC
3,OLD MILL BASIN,03 THREE FAMILY DWELLINGS,1,8400,6,C0,2077 EAST 57TH STREET,11234.0,3.0,0.0,3.0,2267.0,2768.0,1970.0,1,C0,961472,2019-10-17,brooklyn,2077 EAST 57TH STREET NYC
2,BAYCHESTER,01 ONE FAMILY DWELLINGS,1,5655,25,A5,3558 MC OWEN AVENUE,10475.0,1.0,0.0,1.0,2742.0,1925.0,1965.0,1,A5,468000,2019-05-22,bronx,3558 MC OWEN AVENUE NYC
3,SEAGATE,01 ONE FAMILY DWELLINGS,1,6958,14,A5,3752 POLAR STREET,11224.0,1.0,0.0,1.0,2000.0,1520.0,1980.0,1,A5,625000,2019-07-19,brooklyn,3752 POLAR STREET NYC
3,CYPRESS HILLS,02 TWO FAMILY DWELLINGS,1,4130,22,B2,83 PINE STREET,11208.0,2.0,0.0,2.0,2275.0,2160.0,1901.0,1,B2,575000,2019-03-14,brooklyn,83 PINE STREET NYC
3,GRAVESEND,01 ONE FAMILY DWELLINGS,1,6603,61,A9,1575 WEST 4TH STREET,11204.0,1.0,0.0,1.0,2000.0,1290.0,1925.0,1,A9,670000,2019-06-20,brooklyn,1575 WEST 4TH STREET NYC
2,BEDFORD PARK/NORWOOD,03 THREE FAMILY DWELLINGS,1,3311,35,C0,3178 VILLA AVENUE,10468.0,3.0,0.0,3.0,2500.0,3300.0,1910.0,1,C0,435525,2019-06-04,bronx,3178 VILLA AVENUE NYC
3,EAST NEW YORK,03 THREE FAMILY DWELLINGS,1,3754,8,C0,305 SHEFFIELD AVE,11207.0,3.0,0.0,3.0,1758.0,3162.0,2005.0,1,C0,550000,2019-01-17,brooklyn,305 SHEFFIELD AVE NYC
3,BROWNSVILLE,01 ONE FAMILY DWELLINGS,1,3814,11,A5,477 POWELL STREET,11212.0,1.0,0.0,1.0,1800.0,1116.0,1985.0,1,A5,325000,2019-09-10,brooklyn,477 POWELL STREET NYC
3,BAY RIDGE,01 ONE FAMILY DWELLINGS,1,5884,61,A4,75 71ST STREET,11209.0,1.0,0.0,1.0,1765.0,1840.0,1901.0,1,A4,1250000,2019-11-20,brooklyn,75 71ST STREET NYC
3,FLATLANDS,02 TWO FAMILY DWELLINGS,1,7804,51,B1,1018 EAST 57 STREET,11234.0,2.0,0.0,2.0,2400.0,2396.0,1960.0,1,B1,820000,2019-08-28,brooklyn,1018 EAST 57 STREET NYC
3,BAY RIDGE,03 THREE FAMILY DWELLINGS,1,5917,70,C0,225 74TH STREET,11209.0,3.0,0.0,3.0,2000.0,2750.0,1970.0,1,C0,1480000,2019-03-15,brooklyn,225 74TH STREET NYC
4,SPRINGFIELD GARDENS,01 ONE FAMILY DWELLINGS,1,12597,54,B3,172-22 144 AVENUE,11434.0,2.0,0.0,2.0,4000.0,2274.0,1910.0,1,A1,900000,2019-10-08,queens,172-22 144 AVENUE NYC
4,WOODHAVEN,02 TWO FAMILY DWELLINGS,1,8877,3,B2,84-05 90TH STREET,11421.0,2.0,0.0,2.0,2450.0,2020.0,1920.0,1,B2,765000,2019-10-15,queens,84-05 90TH STREET NYC
2,WILLIAMSBRIDGE,02 TWO FAMILY DWELLINGS,1,4859,23,B1,937 EAST 223 STREET,10466.0,2.0,0.0,2.0,2500.0,2440.0,1925.0,1,B1,689000,2019-05-30,bronx,937 EAST 223 STREET NYC
3,FLATBUSH-CENTRAL,02 TWO FAMILY DWELLINGS,1,5248,62,B1,66 KENILWORTH,11210.0,2.0,0.0,2.0,1730.0,2260.0,1901.0,1,B1,962500,2019-05-10,brooklyn,66 KENILWORTH NYC
3,FLATBUSH-EAST,02 TWO FAMILY DWELLINGS,1,4930,65,S2,1697 NOSTRAND AVENUE,11226.0,2.0,1.0,3.0,1520.0,3135.0,1930.0,1,S2,900000,2019-12-04,brooklyn,1697 NOSTRAND AVENUE NYC
2,PARKCHESTER,21 OFFICE BUILDINGS,4,3937,101,O2,1500 WHITE PLAINS ROAD,10462.0,0.0,1.0,1.0,2610.0,1984.0,1925.0,4,O2,700000,2019-02-12,bronx,1500 WHITE PLAINS ROAD NYC
4,QUEENS VILLAGE,01 ONE FAMILY DWELLINGS,1,11158,29,A1,103-10 223RD ST,11429.0,1.0,0.0,1.0,2850.0,1782.0,1925.0,1,A1,649000,2019-04-01,queens,103-10 223RD ST NYC
4,ST. ALBANS,01 ONE FAMILY DWELLINGS,1,11001,22,A5,113-35 205TH STREET,11412.0,1.0,0.0,1.0,1800.0,936.0,1945.0,1,A5,473800,2019-11-22,queens,113-35 205TH STREET NYC
4,SPRINGFIELD GARDENS,02 TWO FAMILY DWELLINGS,1,12536,38,B3,130-26 176 PLACE,11434.0,2.0,0.0,2.0,4000.0,2136.0,1945.0,1,B3,875000,2019-04-30,queens,130-26 176 PLACE NYC
3,BOROUGH PARK,02 TWO FAMILY DWELLINGS,1,5664,14,S2,1422 52ND STREET,11219.0,2.0,1.0,3.0,2504.0,3708.0,1970.0,1,S2,1800000,2019-03-18,brooklyn,1422 52ND STREET NYC
5,CLOVE LAKES,01 ONE FAMILY DWELLINGS,1,286,31,A5,526 OAKLAND AVENUE,10310.0,1.0,0.0,1.0,2039.0,1248.0,1993.0,1,A5,545000,2019-07-26,statenisland,526 OAKLAND AVENUE NYC
4,HOLLIS,01 ONE FAMILY DWELLINGS,1,10577,47,A1,21101 90TH AVENUE,11427.0,1.0,0.0,1.0,3920.0,2004.0,1925.0,1,A1,660000,2019-05-10,queens,21101 90TH AVENUE NYC
3,CANARSIE,02 TWO FAMILY DWELLINGS,1,8171,149,B1,624 EAST 103RD STREET,11236.0,2.0,0.0,2.0,2058.0,2468.0,1999.0,1,B1,725000,2019-05-01,brooklyn,624 EAST 103RD STREET NYC
4,SOUTH OZONE PARK,01 ONE FAMILY DWELLINGS,1,11796,7,A1,13316 VAN WYCK EXPRESSWAY,11420.0,1.0,0.0,1.0,3842.0,1054.0,1935.0,1,A1,465751,2019-07-17,queens,13316 VAN WYCK EXPRESSWAY NYC
4,ST. ALBANS,01 ONE FAMILY DWELLINGS,1,12635,31,A5,205-11 118TH AVENUE,11412.0,1.0,0.0,1.0,1808.0,1152.0,1930.0,1,A5,505000,2019-04-18,queens,205-11 118TH AVENUE NYC
2,CITY ISLAND,01 ONE FAMILY DWELLINGS,1,5645,44,A9,151 DITMARS STREET,10464.0,1.0,0.0,1.0,2500.0,1636.0,1975.0,1,A9,445000,2019-06-28,bronx,151 DITMARS STREET NYC
4,ROSEDALE,02 TWO FAMILY DWELLINGS,1,13571,13,B3,243-45 CANEY ROAD,11422.0,2.0,0.0,2.0,4000.0,2140.0,1940.0,1,B3,750000,2019-08-30,queens,243-45 CANEY ROAD NYC
3,EAST NEW YORK,02 TWO FAMILY DWELLINGS,1,4032,11,B1,429 ASHFORD STREET,11207.0,2.0,0.0,2.0,1800.0,1920.0,1920.0,1,B1,320000,2019-07-01,brooklyn,429 ASHFORD STREET NYC
2,MORRIS PARK/VAN NEST,02 TWO FAMILY DWELLINGS,1,4093,11,B2,1659 RADCLIFF AVENUE,10462.0,2.0,0.0,2.0,2500.0,1620.0,1925.0,1,B2,450000,2019-02-12,bronx,1659 RADCLIFF AVENUE NYC
5,ROSEBANK,01 ONE FAMILY DWELLINGS,1,3003,23,A5,754 TOMPKINS AVENUE,10305.0,1.0,0.0,1.0,2310.0,1120.0,1975.0,1,A5,365000,2019-12-13,statenisland,754 TOMPKINS AVENUE NYC
4,SPRINGFIELD GARDENS,01 ONE FAMILY DWELLINGS,1,12525,23,A1,176-07 126 AVENUE,11434.0,1.0,0.0,1.0,2156.0,1224.0,1960.0,1,A1,350000,2019-04-25,queens,176-07 126 AVENUE NYC
4,SOUTH JAMAICA,01 ONE FAMILY DWELLINGS,1,10080,11,B3,145-12 107TH AVENUE,11435.0,2.0,0.0,2.0,2500.0,1868.0,1920.0,1,A1,777000,2019-09-26,queens,145-12 107TH AVENUE NYC
4,FLUSHING-NORTH,02 TWO FAMILY DWELLINGS,1,5418,11,B2,43-49 160TH STREET,11358.0,2.0,0.0,2.0,4000.0,1668.0,1930.0,1,B2,990000,2019-12-24,queens,43-49 160TH STREET NYC
4,QUEENS VILLAGE,02 TWO FAMILY DWELLINGS,1,10776,25,B3,101-06 221ST STREET,11429.0,2.0,0.0,2.0,4000.0,1565.0,1920.0,1,B3,650000,2019-02-27,queens,101-06 221ST STREET NYC
2,SOUNDVIEW,02 TWO FAMILY DWELLINGS,1,3766,70,B1,1221 LELAND AVENUE,10472.0,2.0,0.0,2.0,2800.0,2159.0,1960.0,1,B1,450000,2019-06-24,bronx,1221 LELAND AVENUE NYC
4,WOODHAVEN,02 TWO FAMILY DWELLINGS,1,8894,94,B2,88-45 ELDERT LANE,11421.0,2.0,0.0,2.0,2378.0,2499.0,1920.0,1,B2,515000,2019-12-06,queens,88-45 ELDERT LANE NYC
3,MIDWOOD,01 ONE FAMILY DWELLINGS,1,7675,56,A1,2106 AVENUE N,11210.0,1.0,0.0,1.0,3000.0,1839.0,1930.0,1,A1,1175000,2019-03-14,brooklyn,2106 AVENUE N NYC
4,HOLLIS HILLS,01 ONE FAMILY DWELLINGS,1,7783,66,A2,80-42 210 STREET,11427.0,1.0,0.0,1.0,4000.0,1235.0,1945.0,1,A2,855000,2019-05-22,queens,80-42 210 STREET NYC
3,EAST NEW YORK,02 TWO FAMILY DWELLINGS,1,4012,126,B2,430 BARBEY STREET,11207.0,2.0,0.0,2.0,2000.0,2880.0,1901.0,1,B2,500000,2019-12-11,brooklyn,430 BARBEY STREET NYC
2,THROGS NECK,02 TWO FAMILY DWELLINGS,1,5519,29,B1,3153 WISSMAN AVENUE,10465.0,2.0,0.0,2.0,2897.0,3033.0,2001.0,1,B1,820000,2019-05-30,bronx,3153 WISSMAN AVENUE NYC
4,FLUSHING-SOUTH,02 TWO FAMILY DWELLINGS,1,6837,25,B3,160-03 77TH AVENUE,11366.0,2.0,0.0,2.0,2500.0,1384.0,1930.0,1,B3,814000,2019-09-18,queens,160-03 77TH AVENUE NYC
2,MOTT HAVEN/PORT MORRIS,01 ONE FAMILY DWELLINGS,1,2284,114,A5,415 EAST 139TH STREET,10454.0,1.0,0.0,1.0,1667.0,2160.0,1910.0,1,A5,760000,2019-01-28,bronx,415 EAST 139TH STREET NYC
3,FLATLANDS,22 STORE BUILDINGS,4,7820,49,K4,1957 FLATBUSH AVENUE,11234.0,1.0,1.0,2.0,1800.0,2712.0,1931.0,4,K4,950000,2019-02-15,brooklyn,1957 FLATBUSH AVENUE NYC
4,SOUTH OZONE PARK,01 ONE FAMILY DWELLINGS,1,11675,3,A1,132-08 115TH AVENUE,11420.0,1.0,0.0,1.0,2392.0,1539.0,1925.0,1,A1,680000,2019-06-13,queens,132-08 115TH AVENUE NYC
4,HOLLIS,01 ONE FAMILY DWELLINGS,1,10850,31,A1,99-15 203RD STREET,11423.0,1.0,0.0,1.0,2500.0,1344.0,1930.0,1,A1,560000,2019-07-18,queens,99-15 203RD STREET NYC
5,GREAT KILLS,01 ONE FAMILY DWELLINGS,1,5299,44,A5,20 CRISPI LANE,10308.0,1.0,0.0,1.0,2052.0,1660.0,2005.0,1,A5,535000,2019-03-27,statenisland,20 CRISPI LANE NYC
2,CROTONA PARK,02 TWO FAMILY DWELLINGS,1,2948,36,B1,744 EAST 175 STREET,10457.0,2.0,0.0,2.0,3099.0,2118.0,1901.0,1,B1,555000,2019-09-13,bronx,744 EAST 175 STREET NYC
4,SPRINGFIELD GARDENS,22 STORE BUILDINGS,4,12538,2,K1,129-24 MERRICK BLVD.,11434.0,0.0,1.0,1.0,3740.0,1100.0,1930.0,4,K1,375000,2019-01-11,queens,129-24 MERRICK BLVD. NYC
2,SCHUYLERVILLE/PELHAM BAY,02 TWO FAMILY DWELLINGS,1,5339,4,B1,1230 HOBART AVENUE,10461.0,2.0,0.0,2.0,3027.0,2685.0,2004.0,1,B1,930000,2019-05-13,bronx,1230 HOBART AVENUE NYC
2,FORDHAM,07 RENTALS - WALKUP APARTMENTS,2A,3170,81,C3,106 EAST 182ND STREET,10453.0,4.0,0.0,4.0,2081.0,3642.0,1931.0,2,C3,695000,2019-06-05,bronx,106 EAST 182ND STREET NYC
3,CANARSIE,02 TWO FAMILY DWELLINGS,1,8077,2,B9,8604 AVENUE M,11236.0,2.0,0.0,2.0,2000.0,1540.0,1955.0,1,B9,550000,2019-04-02,brooklyn,8604 AVENUE M NYC
3,BERGEN BEACH,02 TWO FAMILY DWELLINGS,1,8458,52,B2,2454 EAST 72ND STREET,11234.0,2.0,0.0,2.0,2575.0,1517.0,1975.0,1,B2,682500,2019-07-19,brooklyn,2454 EAST 72ND STREET NYC
3,OLD MILL BASIN,01 ONE FAMILY DWELLINGS,1,8408,55,A9,2053 E 65TH STREET,11234.0,1.0,0.0,1.0,2000.0,1244.0,1930.0,1,A9,585000,2019-04-30,brooklyn,2053 E 65TH STREET NYC
3,BOROUGH PARK,07 RENTALS - WALKUP APARTMENTS,2A,5684,57,C3,1365 56TH ST,11219.0,4.0,0.0,4.0,2705.0,4061.0,1920.0,2,C3,1650000,2019-05-30,brooklyn,1365 56TH ST NYC
4,MIDDLE VILLAGE,03 THREE FAMILY DWELLINGS,1,2919,31,C0,60-20 82ND STREET,11379.0,3.0,0.0,3.0,2068.0,3149.0,2004.0,1,C0,1705000,2019-10-24,queens,60-20 82ND STREET NYC
2,THROGS NECK,02 TWO FAMILY DWELLINGS,1,5449,6,B1,299 HOLLYWOOD AVENUE,10465.0,2.0,0.0,2.0,2358.0,1600.0,1930.0,1,B1,540000,2019-03-11,bronx,299 HOLLYWOOD AVENUE NYC
5,WEST NEW BRIGHTON,01 ONE FAMILY DWELLINGS,1,208,26,A1,37 CAROLINE STREET,10310.0,1.0,0.0,1.0,4158.0,1280.0,2005.0,1,A1,375180,2019-01-16,statenisland,37 CAROLINE STREET NYC
4,SO. JAMAICA-BAISLEY PARK,01 ONE FAMILY DWELLINGS,1,12020,1,A5,145-30 FOCH BLVD,11436.0,1.0,0.0,1.0,2758.0,1094.0,1950.0,1,A5,515000,2019-10-17,queens,145-30 FOCH BLVD NYC
3,BOROUGH PARK,01 ONE FAMILY DWELLINGS,1,5514,30,A9,2058 59TH STREET,11204.0,1.0,0.0,1.0,2003.0,1392.0,1920.0,1,A9,1145000,2019-12-05,brooklyn,2058 59TH STREET NYC
3,FLATBUSH-NORTH,02 TWO FAMILY DWELLINGS,1,4867,55,B1,283 EAST 46 STREET,11203.0,2.0,0.0,2.0,2525.0,2496.0,1920.0,1,B1,425000,2019-08-30,brooklyn,283 EAST 46 STREET NYC
4,BELLEROSE,01 ONE FAMILY DWELLINGS,1,8645,3,A1,87-45 252ND STREET,11426.0,1.0,0.0,1.0,3300.0,2075.0,1930.0,1,A1,800000,2019-10-25,queens,87-45 252ND STREET NYC
3,SHEEPSHEAD BAY,01 ONE FAMILY DWELLINGS,1,8800,70,A2,3079 EMMONS AVENUE,11235.0,1.0,0.0,1.0,3031.0,820.0,1920.0,1,A2,950000,2019-01-31,brooklyn,3079 EMMONS AVENUE NYC
3,FLATBUSH-EAST,02 TWO FAMILY DWELLINGS,1,7561,70,B2,966 EAST 34TH STREET,11210.0,2.0,0.0,2.0,2000.0,1545.0,1925.0,1,B2,667800,2019-03-05,brooklyn,966 EAST 34TH STREET NYC
3,EAST NEW YORK,02 TWO FAMILY DWELLINGS,1,4244,7,B2,611 DREW STREET,11208.0,2.0,0.0,2.0,2800.0,1920.0,1960.0,1,B2,709000,2019-05-30,brooklyn,611 DREW STREET NYC
5,GRASMERE,01 ONE FAMILY DWELLINGS,1,3154,27,A5,435 ODER AVENUE,10304.0,1.0,0.0,1.0,1300.0,900.0,1990.0,1,A5,479000,2019-07-30,statenisland,435 ODER AVENUE NYC
4,ROCKAWAY PARK,02 TWO FAMILY DWELLINGS,1,16232,33,B2,151 BEACH 122ND STREET,11694.0,2.0,0.0,2.0,3000.0,2026.0,1950.0,1,B2,841500,2019-03-14,queens,151 BEACH 122ND STREET NYC
4,FAR ROCKAWAY,01 ONE FAMILY DWELLINGS,1,15687,62,A2,32-28 PLUNKETT AVENUE,11691.0,1.0,0.0,1.0,4000.0,2366.0,1970.0,1,A2,589000,2019-03-27,queens,32-28 PLUNKETT AVENUE NYC
4,MIDDLE VILLAGE,01 ONE FAMILY DWELLINGS,1,2812,27,A5,57-70 74TH STREET,11379.0,1.0,0.0,1.0,2000.0,2047.0,1955.0,1,A5,999500,2019-11-06,queens,57-70 74TH STREET NYC
4,JACKSON HEIGHTS,03 THREE FAMILY DWELLINGS,1,1452,14,C0,34-22 92 STREET,11372.0,3.0,0.0,3.0,2600.0,4241.0,1920.0,1,C0,481000,2019-05-23,queens,34-22 92 STREET NYC
4,COLLEGE POINT,02 TWO FAMILY DWELLINGS,1,4019,131,B1,114-13 TAIPEI COURT,11356.0,2.0,0.0,2.0,1400.0,2400.0,2017.0,1,B1,743323,2019-07-23,queens,114-13 TAIPEI COURT NYC
4,CAMBRIA HEIGHTS,01 ONE FAMILY DWELLINGS,1,11292,28,A2,115-15 228TH STREET,11411.0,1.0,0.0,1.0,4000.0,1340.0,1955.0,1,A2,605000,2019-05-03,queens,115-15 228TH STREET NYC
3,DYKER HEIGHTS,01 ONE FAMILY DWELLINGS,1,5903,76,A5,1017 72ND STREET,11228.0,1.0,0.0,1.0,1800.0,1192.0,1925.0,1,A5,920000,2019-02-27,brooklyn,1017 72ND STREET NYC
5,CONCORD,01 ONE FAMILY DWELLINGS,1,2887,6,A1,322 BRITTON AVENUE,10304.0,1.0,0.0,1.0,2500.0,1600.0,2009.0,1,A1,580000,2019-04-29,statenisland,322 BRITTON AVENUE NYC
3,SHEEPSHEAD BAY,01 ONE FAMILY DWELLINGS,1,7372,65,A2,2255 EAST 12TH STREET,11229.0,1.0,0.0,1.0,3200.0,660.0,1945.0,1,A2,600000,2019-01-21,brooklyn,2255 EAST 12TH STREET NYC
4,COLLEGE POINT,02 TWO FAMILY DWELLINGS,1,3939,32,B2,119-46 8 AVENUE,11356.0,2.0,0.0,2.0,4400.0,1720.0,1930.0,1,B2,920000,2019-05-15,queens,119-46 8 AVENUE NYC
2,EAST TREMONT,02 TWO FAMILY DWELLINGS,1,3080,62,B3,666 OAKLAND PLACE,10457.0,2.0,0.0,2.0,2500.0,1608.0,1910.0,1,B3,545700,2019-09-05,bronx,666 OAKLAND PLACE NYC
3,MIDWOOD,01 ONE FAMILY DWELLINGS,1,6761,42,A1,1582 EAST 15TH STREET,11230.0,1.0,0.0,1.0,2000.0,1722.0,1920.0,1,A1,836500,2019-01-02,brooklyn,1582 EAST 15TH STREET NYC
4,FLUSHING-NORTH,07 RENTALS - WALKUP APARTMENTS,2A,5141,48,C3,43-05 BYRD STREET,11355.0,4.0,0.0,4.0,1800.0,4586.0,2012.0,2,C3,1950000,2019-04-29,queens,43-05 BYRD STREET NYC
4,COLLEGE POINT,02 TWO FAMILY DWELLINGS,1,4050,8,B2,14-15 115TH STREET,11356.0,2.0,0.0,2.0,4677.0,2352.0,1950.0,1,B2,900000,2019-09-24,queens,14-15 115TH STREET NYC
3,SHEEPSHEAD BAY,01 ONE FAMILY DWELLINGS,1,8785,98,A5,4755 BEDFORD AVENUE,11235.0,1.0,0.0,1.0,1520.0,1904.0,1940.0,1,A5,720000,2019-06-07,brooklyn,4755 BEDFORD AVENUE NYC
3,EAST NEW YORK,01 ONE FAMILY DWELLINGS,1,4059,107,A5,571 HENDRIX STREET,11207.0,1.0,0.0,1.0,1800.0,1116.0,1989.0,1,A5,540000,2019-06-27,brooklyn,571 HENDRIX STREET NYC
3,SHEEPSHEAD BAY,01 ONE FAMILY DWELLINGS,1,7455,29,A2,1105 WILLIAMS COURT,11235.0,1.0,0.0,1.0,1099.0,552.0,1920.0,1,A2,530000,2019-06-03,brooklyn,1105 WILLIAMS COURT NYC
3,SUNSET PARK,02 TWO FAMILY DWELLINGS,1,665,52,B9,205 29TH ST,11232.0,2.0,0.0,2.0,1786.0,2313.0,1905.0,1,B9,1175000,2019-01-25,brooklyn,205 29TH ST NYC
3,FLATBUSH-CENTRAL,02 TWO FAMILY DWELLINGS,1,5140,54,B3,137 EAST 29TH STREET,11226.0,2.0,0.0,2.0,1500.0,1916.0,1925.0,1,B3,712899,2019-05-21,brooklyn,137 EAST 29TH STREET NYC
3,DYKER HEIGHTS,03 THREE FAMILY DWELLINGS,1,6154,57,C0,1153 70TH STREET,11228.0,3.0,0.0,3.0,2433.0,2584.0,1935.0,1,C0,1230000,2019-12-17,brooklyn,1153 70TH STREET NYC
4,RICHMOND HILL,01 ONE FAMILY DWELLINGS,1,9362,50,A1,89-48 134TH STREET,11418.0,1.0,0.0,1.0,3760.0,1260.0,1925.0,1,A1,775000,2019-02-01,queens,89-48 134TH STREET NYC
3,BERGEN BEACH,01 ONE FAMILY DWELLINGS,1,8415,25,A9,2037 EAST 74TH STREET,11234.0,1.0,0.0,1.0,2000.0,1092.0,1925.0,1,A9,553000,2019-07-01,brooklyn,2037 EAST 74TH STREET NYC
4,HOWARD BEACH,01 ONE FAMILY DWELLINGS,1,14004,67,A2,83-12 159TH AVENUE,11414.0,1.0,0.0,1.0,4500.0,1125.0,1945.0,1,A2,650000,2019-09-24,queens,83-12 159TH AVENUE NYC
4,SPRINGFIELD GARDENS,01 ONE FAMILY DWELLINGS,1,12710,13,A1,194-18 122ND AVENUE,11413.0,1.0,0.0,1.0,4902.0,1078.0,1930.0,1,A1,490000,2019-05-16,queens,194-18 122ND AVENUE NYC
4,ST. ALBANS,01 ONE FAMILY DWELLINGS,1,12645,63,A1,119-15 189TH ST,11412.0,1.0,0.0,1.0,4000.0,1572.0,1930.0,1,A1,320000,2019-11-13,queens,119-15 189TH ST NYC
5,GRASMERE,01 ONE FAMILY DWELLINGS,1,3170,18,A5,515 ODER AVENUE,10304.0,1.0,0.0,1.0,2200.0,1120.0,1992.0,1,A5,495000,2019-10-23,statenisland,515 ODER AVENUE NYC
3,DYKER HEIGHTS,02 TWO FAMILY DWELLINGS,1,6167,31,B1,1360 70TH STREET,11228.0,2.0,0.0,2.0,2000.0,2080.0,1910.0,1,B1,1150000,2019-05-16,brooklyn,1360 70TH STREET NYC
4,SPRINGFIELD GARDENS,02 TWO FAMILY DWELLINGS,1,12297,61,B3,134-17 158TH STREET,11434.0,2.0,0.0,2.0,4000.0,1700.0,1950.0,1,B3,660000,2019-11-04,queens,134-17 158TH STREET NYC
3,CANARSIE,02 TWO FAMILY DWELLINGS,1,8031,56,B1,53 PAERDEGAT 4TH STREET,11236.0,2.0,0.0,2.0,2192.0,2838.0,1965.0,1,B1,745000,2019-12-13,brooklyn,53 PAERDEGAT 4TH STREET NYC
2,WESTCHESTER,02 TWO FAMILY DWELLINGS,1,3992,27,B1,2442 DORSEY STREET,10461.0,2.0,0.0,2.0,2338.0,3150.0,1965.0,1,B1,795000,2019-12-12,bronx,2442 DORSEY STREET NYC
4,SOUTH OZONE PARK,01 ONE FAMILY DWELLINGS,1,11632,16,A1,111-26 128TH STREET,11420.0,1.0,0.0,1.0,2400.0,1248.0,1920.0,1,A1,535000,2019-11-26,queens,111-26 128TH STREET NYC
4,SO. JAMAICA-BAISLEY PARK,02 TWO FAMILY DWELLINGS,1,11988,35,B2,115-55 144TH STREET,11436.0,2.0,0.0,2.0,4000.0,2783.0,1955.0,1,B2,500000,2019-02-07,queens,115-55 144TH STREET NYC
3,GRAVESEND,02 TWO FAMILY DWELLINGS,1,6916,88,B1,121 28TH AVENUE,11214.0,2.0,0.0,2.0,1933.0,3384.0,1930.0,1,B1,990000,2019-12-04,brooklyn,121 28TH AVENUE NYC
5,GREAT KILLS,01 ONE FAMILY DWELLINGS,1,5268,128,A2,322 WINCHESTER AVENUE,10312.0,1.0,0.0,1.0,3240.0,520.0,1930.0,1,A2,490000,2019-11-05,statenisland,322 WINCHESTER AVENUE NYC
4,LAURELTON,01 ONE FAMILY DWELLINGS,1,13177,4,A2,229-09 139 AVENUE,11413.0,1.0,0.0,1.0,3600.0,1720.0,1940.0,1,A2,500000,2019-01-23,queens,229-09 139 AVENUE NYC
2,WILLIAMSBRIDGE,02 TWO FAMILY DWELLINGS,1,4704,46,B1,1046 EAST 222ND STREET,10469.0,2.0,0.0,2.0,2000.0,1560.0,1955.0,1,B1,665000,2019-07-18,bronx,1046 EAST 222ND STREET NYC
4,FAR ROCKAWAY,02 TWO FAMILY DWELLINGS,1,15793,10,B2,435 BEACH 28TH STREET,11691.0,2.0,0.0,2.0,2675.0,3099.0,2018.0,1,B2,720000,2019-12-24,queens,435 BEACH 28TH STREET NYC
3,BEDFORD STUYVESANT,07 RENTALS - WALKUP APARTMENTS,2A,1855,2,C3,491 TOMPKINS AVENUE,11216.0,4.0,0.0,4.0,1407.0,3000.0,1910.0,2,C3,1300000,2019-06-20,brooklyn,491 TOMPKINS AVENUE NYC
4,RICHMOND HILL,02 TWO FAMILY DWELLINGS,1,9601,4,B3,107-03 121ST STREET,11419.0,2.0,0.0,2.0,2000.0,1305.0,1920.0,1,B3,500000,2019-12-19,queens,107-03 121ST STREET NYC
4,RICHMOND HILL,02 TWO FAMILY DWELLINGS,1,9324,5,B2,114-12 91ST AVENUE,11418.0,2.0,0.0,2.0,3600.0,2831.0,1920.0,1,B2,993900,2019-08-02,queens,114-12 91ST AVENUE NYC
5,ARDEN HEIGHTS,01 ONE FAMILY DWELLINGS,1,6021,50,A5,59 CARLYLE GREEN,10312.0,1.0,0.0,1.0,1680.0,1280.0,1980.0,1,A5,445000,2019-11-25,statenisland,59 CARLYLE GREEN NYC
2,KINGSBRIDGE HTS/UNIV HTS,02 TWO FAMILY DWELLINGS,1,3210,90,B1,2134 AQUEDUCT AVENUE E,10453.0,2.0,0.0,2.0,1835.0,2100.0,1993.0,1,B1,573000,2019-12-20,bronx,2134 AQUEDUCT AVENUE E NYC
3,FLATBUSH-NORTH,01 ONE FAMILY DWELLINGS,1,4594,112,A5,19 EAST 91ST STREET,11212.0,1.0,0.0,1.0,1600.0,1584.0,1940.0,1,A5,610000,2019-02-26,brooklyn,19 EAST 91ST STREET NYC
4,JACKSON HEIGHTS,03 THREE FAMILY DWELLINGS,1,1119,17,C0,30-16 71 STREET,11370.0,3.0,0.0,3.0,1829.0,2622.0,1960.0,1,C0,1095000,2019-12-31,queens,30-16 71 STREET NYC
2,BEDFORD PARK/NORWOOD,02 TWO FAMILY DWELLINGS,1,3333,47,B2,3071 HULL AVENUE,10467.0,2.0,0.0,2.0,2750.0,2456.0,1915.0,1,B2,555000,2019-03-25,bronx,3071 HULL AVENUE NYC
2,WILLIAMSBRIDGE,01 ONE FAMILY DWELLINGS,1,4860,48,S1,3956 BRONXWOOD AVENUE,10466.0,1.0,1.0,2.0,1612.0,1920.0,1959.0,1,S1,565000,2019-11-21,bronx,3956 BRONXWOOD AVENUE NYC
4,ST. ALBANS,01 ONE FAMILY DWELLINGS,1,12627,14,A1,117-18 202ND STREET,11412.0,1.0,0.0,1.0,2200.0,1168.0,1925.0,1,A1,345000,2019-07-02,queens,117-18 202ND STREET NYC
4,SPRINGFIELD GARDENS,01 ONE FAMILY DWELLINGS,1,12997,19,A1,17858 CRANDALL AVENUE,11434.0,1.0,0.0,1.0,2470.0,1568.0,1930.0,1,A1,500000,2019-08-23,queens,17858 CRANDALL AVENUE NYC
4,BAYSIDE,03 THREE FAMILY DWELLINGS,1,6054,35,C0,213-42 29TH AVENUE,11360.0,3.0,0.0,3.0,2761.0,1901.0,1940.0,1,C0,820000,2019-07-01,queens,213-42 29TH AVENUE NYC
2,MORRIS PARK/VAN NEST,01 ONE FAMILY DWELLINGS,1,4061,28,A5,1566 COLDEN AVENUE,10462.0,1.0,0.0,1.0,1800.0,1152.0,1953.0,1,A5,560000,2019-10-08,bronx,1566 COLDEN AVENUE NYC
2,THROGS NECK,02 TWO FAMILY DWELLINGS,1,5534,48,B1,1020 SWINTON AVENUE,10465.0,2.0,0.0,2.0,2500.0,2215.0,1940.0,1,B1,795000,2019-05-31,bronx,1020 SWINTON AVENUE NYC
5,WEST NEW BRIGHTON,01 ONE FAMILY DWELLINGS,1,201,57,A1,92 BODINE STREET,10310.0,1.0,0.0,1.0,4270.0,1120.0,1901.0,1,A1,410000,2019-08-29,statenisland,92 BODINE STREET NYC
3,BUSHWICK,02 TWO FAMILY DWELLINGS,1,3436,143,B2,235 COOPER STREET,11207.0,2.0,0.0,2.0,1875.0,4499.0,2002.0,1,B2,765000,2019-02-28,brooklyn,235 COOPER STREET NYC
4,FLORAL PARK,01 ONE FAMILY DWELLINGS,1,8775,78,A0,83-18 264 STREET,11004.0,1.0,0.0,1.0,4000.0,1321.0,1960.0,1,A0,670000,2019-04-16,queens,83-18 264 STREET NYC
3,CANARSIE,03 THREE FAMILY DWELLINGS,1,4712,9,C0,9103 AVENUE A,11236.0,3.0,0.0,3.0,2000.0,2640.0,1940.0,1,C0,680000,2019-08-05,brooklyn,9103 AVENUE A NYC
5,DONGAN HILLS,02 TWO FAMILY DWELLINGS,1,3292,48,B2,29 ATLANTIC AVENUE,10304.0,2.0,0.0,2.0,3827.0,2400.0,1945.0,1,B2,998000,2019-01-08,statenisland,29 ATLANTIC AVENUE NYC
5,BULLS HEAD,02 TWO FAMILY DWELLINGS,1,1497,3,B2,1269 RICHMOND AVENUE,10314.0,2.0,0.0,2.0,4380.0,2400.0,1999.0,1,B2,870000,2019-10-07,statenisland,1269 RICHMOND AVENUE NYC
4,RICHMOND HILL,01 ONE FAMILY DWELLINGS,1,9483,19,A1,97-08 VAN WYCK EXPRESSWAY,11419.0,1.0,0.0,1.0,2717.0,1326.0,1920.0,1,A1,520000,2019-08-23,queens,97-08 VAN WYCK EXPRESSWAY NYC
4,CORONA,02 TWO FAMILY DWELLINGS,1,1767,71,B2,3767 101 STREET,11368.0,2.0,0.0,2.0,2500.0,2248.0,1920.0,1,B2,970000,2019-09-12,queens,3767 101 STREET NYC
5,PORT RICHMOND,01 ONE FAMILY DWELLINGS,1,1086,101,A1,76 TREADWELL AVENUE,10302.0,1.0,0.0,1.0,2733.0,2184.0,2018.0,1,A1,490000,2019-10-05,statenisland,76 TREADWELL AVENUE NYC
4,CAMBRIA HEIGHTS,01 ONE FAMILY DWELLINGS,1,12746,69,A2,117-20 230TH STREET,11411.0,1.0,0.0,1.0,4000.0,1145.0,1950.0,1,A2,480000,2019-08-06,queens,117-20 230TH STREET NYC
4,WOODSIDE,03 THREE FAMILY DWELLINGS,1,2313,46,C0,46-34 59TH STREET,11377.0,3.0,0.0,3.0,2403.0,3432.0,1960.0,1,C0,1300000,2019-11-08,queens,46-34 59TH STREET NYC
5,PORT RICHMOND,02 TWO FAMILY DWELLINGS,1,1084,38,B2,67 TREADWELL AVENUE,10302.0,2.0,0.0,2.0,2550.0,1728.0,1915.0,1,B2,360000,2019-07-17,statenisland,67 TREADWELL AVENUE NYC
5,NEW SPRINGVILLE,01 ONE FAMILY DWELLINGS,1,2397,1,S1,41 BRUNSWICK STREET,10314.0,1.0,1.0,2.0,3400.0,2900.0,1970.0,1,S1,718000,2019-06-11,statenisland,41 BRUNSWICK STREET NYC
5,ELTINGVILLE,01 ONE FAMILY DWELLINGS,1,5708,35,A2,17 RATHBUN AVENUE,10312.0,1.0,0.0,1.0,4000.0,2278.0,1970.0,1,A2,552000,2019-01-02,statenisland,17 RATHBUN AVENUE NYC
4,BROAD CHANNEL,01 ONE FAMILY DWELLINGS,1,15316,48,A1,15 WEST 12TH ROAD,11693.0,1.0,0.0,1.0,2500.0,2004.0,1930.0,1,A1,527500,2019-08-21,queens,15 WEST 12TH ROAD NYC
2,SOUNDVIEW,01 ONE FAMILY DWELLINGS,1,3476,107,A5,308 NEWMAN AVENUE,10473.0,1.0,0.0,1.0,1400.0,1140.0,2005.0,1,A5,449000,2019-06-04,bronx,308 NEWMAN AVENUE NYC
2,BRONXDALE,02 TWO FAMILY DWELLINGS,1,4611,14,B1,3212 PAULDING AVENUE,10469.0,2.0,0.0,2.0,2500.0,2120.0,1945.0,1,B1,303000,2019-03-12,bronx,3212 PAULDING AVENUE NYC
3,BENSONHURST,01 ONE FAMILY DWELLINGS,1,5566,26,A5,6706 16TH AVENUE,11204.0,1.0,0.0,1.0,1440.0,1496.0,1945.0,1,A5,820000,2019-12-27,brooklyn,6706 16TH AVENUE NYC
3,FLATBUSH-NORTH,03 THREE FAMILY DWELLINGS,1,4669,63,C0,406 EAST 95TH STREET,11212.0,3.0,0.0,3.0,2500.0,2480.0,1920.0,1,C0,857650,2019-12-12,brooklyn,406 EAST 95TH STREET NYC
4,GLENDALE,01 ONE FAMILY DWELLINGS,1,3650,40,A5,69-11 67TH STREET,11385.0,1.0,0.0,1.0,1924.0,1246.0,1940.0,1,A5,525000,2019-03-19,queens,69-11 67TH STREET NYC
5,MIDLAND BEACH,01 ONE FAMILY DWELLINGS,1,3737,34,A5,1225 MASON AVENUE,10306.0,1.0,0.0,1.0,2500.0,1400.0,1996.0,1,A5,528000,2019-05-31,statenisland,1225 MASON AVENUE NYC
4,MIDDLE VILLAGE,01 ONE FAMILY DWELLINGS,1,3062,38,A1,77-17 66TH ROAD,11379.0,1.0,0.0,1.0,2224.0,1568.0,1925.0,1,A1,697500,2019-08-06,queens,77-17 66TH ROAD NYC
3,MARINE PARK,01 ONE FAMILY DWELLINGS,1,8480,7,A9,3609 FILLMORE AVE,11234.0,1.0,0.0,1.0,1530.0,1036.0,1925.0,1,A9,664000,2019-01-31,brooklyn,3609 FILLMORE AVE NYC
3,BENSONHURST,01 ONE FAMILY DWELLINGS,1,6224,60,A1,1537 76TH STREET,11228.0,1.0,0.0,1.0,2800.0,2124.0,1930.0,1,A1,1240000,2019-01-17,brooklyn,1537 76TH STREET NYC
3,EAST NEW YORK,02 TWO FAMILY DWELLINGS,1,4078,18,B1,567 JEROME STREET,11207.0,2.0,0.0,2.0,2000.0,1508.0,1901.0,1,B1,575000,2019-11-14,brooklyn,567 JEROME STREET NYC
5,WILLOWBROOK,01 ONE FAMILY DWELLINGS,1,741,25,A5,40 ARDMORE AVENUE,10314.0,1.0,0.0,1.0,2625.0,1440.0,2006.0,1,A5,665000,2019-07-18,statenisland,40 ARDMORE AVENUE NYC
4,ST. ALBANS,01 ONE FAMILY DWELLINGS,1,10304,144,A5,113-10 DUNKIRK STREET,11412.0,1.0,0.0,1.0,2491.0,1188.0,1950.0,1,A5,500000,2019-09-24,queens,113-10 DUNKIRK STREET NYC
4,SOUTH JAMAICA,02 TWO FAMILY DWELLINGS,1,11928,123,B3,109-83 142ND STREET,11435.0,2.0,0.0,2.0,4400.0,1468.0,1930.0,1,B3,832000,2019-04-25,queens,109-83 142ND STREET NYC
5,ARDEN HEIGHTS,01 ONE FAMILY DWELLINGS,1,5773,37,A5,24 LEGATE AVENUE,10312.0,1.0,0.0,1.0,1092.0,1690.0,1990.0,1,A5,440000,2019-12-12,statenisland,24 LEGATE AVENUE NYC
3,EAST NEW YORK,02 TWO FAMILY DWELLINGS,1,4336,117,B2,764 ELTON STREET,11208.0,2.0,0.0,2.0,2900.0,2184.0,2000.0,1,B2,760000,2019-10-25,brooklyn,764 ELTON STREET NYC
4,ASTORIA,03 THREE FAMILY DWELLINGS,1,796,64,C0,21-74 42ND STREET,11105.0,3.0,0.0,3.0,2100.0,3517.0,1960.0,1,C0,1725000,2019-07-23,queens,21-74 42ND STREET NYC
4,FLUSHING-NORTH,01 ONE FAMILY DWELLINGS,1,7376,20,A5,50-30 FRANCIS LEWIS BOULEVARD,11364.0,1.0,0.0,1.0,2425.0,896.0,1955.0,1,A5,762000,2019-12-26,queens,50-30 FRANCIS LEWIS BOULEVARD NYC
5,NEW SPRINGVILLE,01 ONE FAMILY DWELLINGS,1,2111,106,A1,8 GARY PLACE,10314.0,1.0,0.0,1.0,4361.0,2092.0,1965.0,1,A1,720000,2019-07-19,statenisland,8 GARY PLACE NYC
4,ST. ALBANS,01 ONE FAMILY DWELLINGS,1,10295,57,A5,111-19 178TH STREET,11433.0,1.0,0.0,1.0,2500.0,1320.0,1940.0,1,A5,485000,2019-02-20,queens,111-19 178TH STREET NYC
4,HOLLIS,01 ONE FAMILY DWELLINGS,1,10556,40,A5,90-03 FRANCIS LEWIS BLVD,11428.0,1.0,0.0,1.0,2000.0,1504.0,1935.0,1,A5,583000,2019-10-28,queens,90-03 FRANCIS LEWIS BLVD NYC
3,OCEAN HILL,03 THREE FAMILY DWELLINGS,1,1490,23,C0,838 HANCOCK STREET,11233.0,3.0,0.0,3.0,1875.0,2250.0,1901.0,1,C0,1700000,2019-05-16,brooklyn,838 HANCOCK STREET NYC
4,ROSEDALE,01 ONE FAMILY DWELLINGS,1,13569,24,A1,243-15 145TH AVENUE,11422.0,1.0,0.0,1.0,3000.0,1624.0,1940.0,1,A1,495000,2019-01-31,queens,243-15 145TH AVENUE NYC
4,ST. ALBANS,01 ONE FAMILY DWELLINGS,1,12437,84,A5,116-34 LOVINGHAM PLACE,11412.0,1.0,0.0,1.0,1800.0,1260.0,1930.0,1,A5,500000,2019-06-25,queens,116-34 LOVINGHAM PLACE NYC
3,CANARSIE,02 TWO FAMILY DWELLINGS,1,8297,17,B9,1631 EAST 94TH STREET,11236.0,2.0,0.0,2.0,2000.0,2340.0,1960.0,1,B9,720000,2019-10-30,brooklyn,1631 EAST 94TH STREET NYC
2,MORRISANIA/LONGWOOD,03 THREE FAMILY DWELLINGS,1,2708,69,C0,959 EAST 156TH STREET,10455.0,3.0,0.0,3.0,2500.0,3072.0,1901.0,1,C0,650000,2019-11-04,bronx,959 EAST 156TH STREET NYC
4,FLUSHING-NORTH,02 TWO FAMILY DWELLINGS,1,5387,11,B2,42-49 156TH STREET,11355.0,2.0,0.0,2.0,4800.0,1560.0,1910.0,1,B2,990000,2019-09-25,queens,42-49 156TH STREET NYC
3,CLINTON HILL,01 ONE FAMILY DWELLINGS,1,1890,63,A9,102 HALL STREET,11205.0,1.0,0.0,1.0,1600.0,1632.0,1901.0,1,A9,1600000,2019-07-30,brooklyn,102 HALL STREET NYC
5,ROSSVILLE,01 ONE FAMILY DWELLINGS,1,7038,94,A5,170 BALSAM PLACE,10309.0,1.0,0.0,1.0,1350.0,1088.0,1986.0,1,A5,420000,2019-08-29,statenisland,170 BALSAM PLACE NYC
4,SOUTH OZONE PARK,01 ONE FAMILY DWELLINGS,1,11725,3,A1,130-52 LEFFERTS BOULEVARD,11420.0,1.0,0.0,1.0,2114.0,1608.0,1920.0,1,A1,413950,2019-01-10,queens,130-52 LEFFERTS BOULEVARD NYC
3,WINDSOR TERRACE,02 TWO FAMILY DWELLINGS,1,5282,67,B2,2919 FT HAMILTON PARKWAY,11218.0,2.0,0.0,2.0,1537.0,2526.0,1901.0,1,B2,1300000,2019-05-10,brooklyn,2919 FT HAMILTON PARKWAY NYC
3,CYPRESS HILLS,02 TWO FAMILY DWELLINGS,1,4107,109,B2,83 HEMLOCK STREET,11208.0,2.0,0.0,2.0,2000.0,2000.0,1925.0,1,B2,950000,2019-12-20,brooklyn,83 HEMLOCK STREET NYC
3,OLD MILL BASIN,02 TWO FAMILY DWELLINGS,1,7879,12,B3,1559 EAST 54TH STREET,11234.0,2.0,0.0,2.0,1950.0,1356.0,1920.0,1,B3,444400,2019-12-04,brooklyn,1559 EAST 54TH STREET NYC
2,WILLIAMSBRIDGE,02 TWO FAMILY DWELLINGS,1,4822,11,B3,4058 BRONX BOULEVARD,10466.0,2.0,0.0,2.0,4200.0,1768.0,1930.0,1,B3,640000,2019-04-01,bronx,4058 BRONX BOULEVARD NYC
4,EAST ELMHURST,07 RENTALS - WALKUP APARTMENTS,2A,1696,55,C3,32-27 101ST STREET,11369.0,4.0,0.0,4.0,2800.0,3858.0,1901.0,2,C3,700000,2019-01-31,queens,32-27 101ST STREET NYC
4,HOLLIS,01 ONE FAMILY DWELLINGS,1,10450,34,A1,89-26 189TH STREET,11423.0,1.0,0.0,1.0,4500.0,1876.0,1920.0,1,A1,450000,2019-08-19,queens,89-26 189TH STREET NYC
2,BAYCHESTER,01 ONE FAMILY DWELLINGS,1,4898,42,A5,1804 SCHIEFFELIN AVENUE,10466.0,1.0,0.0,1.0,1800.0,1534.0,1955.0,1,A5,500000,2019-02-12,bronx,1804 SCHIEFFELIN AVENUE NYC
5,GREAT KILLS,01 ONE FAMILY DWELLINGS,1,5190,40,A5,35 FAIRLAWN LOOP,10308.0,1.0,0.0,1.0,1698.0,1645.0,1989.0,1,A5,516000,2019-03-28,statenisland,35 FAIRLAWN LOOP NYC
4,ASTORIA,02 TWO FAMILY DWELLINGS,1,556,33,B3,21-26 33RD AVENUE,11106.0,2.0,0.0,2.0,3613.0,1628.0,1925.0,1,B3,1265000,2019-06-25,queens,21-26 33RD AVENUE NYC
4,HILLCREST,01 ONE FAMILY DWELLINGS,1,7050,5,A1,82-11 172ND STREET,11432.0,1.0,0.0,1.0,4000.0,1294.0,1940.0,1,A1,855000,2019-08-07,queens,82-11 172ND STREET NYC
4,MIDDLE VILLAGE,01 ONE FAMILY DWELLINGS,1,2847,55,A5,60-45 77TH STREET,11379.0,1.0,0.0,1.0,1800.0,1732.0,1945.0,1,A5,675000,2019-04-22,queens,60-45 77TH STREET NYC
4,FRESH MEADOWS,01 ONE FAMILY DWELLINGS,1,7169,39,A2,73-32 182 ST,11366.0,1.0,0.0,1.0,4230.0,1682.0,1950.0,1,A2,999000,2019-08-07,queens,73-32 182 ST NYC
5,HUGUENOT,01 ONE FAMILY DWELLINGS,1,6883,62,A5,796 RENSSELAER AVENUE,10309.0,1.0,0.0,1.0,2419.0,1425.0,1998.0,1,A5,644800,2019-12-18,statenisland,796 RENSSELAER AVENUE NYC
4,SPRINGFIELD GARDENS,01 ONE FAMILY DWELLINGS,1,12574,13,A1,137-37 168TH STREET,11434.0,1.0,0.0,1.0,2700.0,1060.0,1920.0,1,A1,540000,2019-10-22,queens,137-37 168TH STREET NYC
4,WOODSIDE,02 TWO FAMILY DWELLINGS,1,1200,13,B1,35-19 61ST STREET,11377.0,2.0,0.0,2.0,2994.0,2000.0,1925.0,1,B1,1170000,2019-09-10,queens,35-19 61ST STREET NYC
5,GREAT KILLS,01 ONE FAMILY DWELLINGS,1,4605,12,A2,160 ISLINGTON STREET,10308.0,1.0,0.0,1.0,4000.0,2047.0,1967.0,1,A2,540000,2019-09-16,statenisland,160 ISLINGTON STREET NYC
3,BAY RIDGE,02 TWO FAMILY DWELLINGS,1,6009,37,B1,8206 6TH AVENUE,11209.0,2.0,0.0,2.0,2288.0,2440.0,1920.0,1,B1,450000,2019-07-15,brooklyn,8206 6TH AVENUE NYC
4,ARVERNE,03 THREE FAMILY DWELLINGS,1,16040,56,C0,431 BEACH 66TH ST,11692.0,3.0,0.0,3.0,4000.0,3130.0,1920.0,1,C0,580000,2019-10-29,queens,431 BEACH 66TH ST NYC
4,FLUSHING-NORTH,01 ONE FAMILY DWELLINGS,1,7357,29,A5,48-21 WEEKS LANE,11365.0,1.0,0.0,1.0,3094.0,1188.0,1950.0,1,A5,730000,2019-10-18,queens,48-21 WEEKS LANE NYC
4,SPRINGFIELD GARDENS,01 ONE FAMILY DWELLINGS,1,13080,11,A2,143-27 184TH STREET,11413.0,1.0,0.0,1.0,4000.0,960.0,1940.0,1,A2,904000,2019-05-31,queens,143-27 184TH STREET NYC
3,CROWN HEIGHTS,02 TWO FAMILY DWELLINGS,1,1367,84,B1,1421 PARK PLACE,11213.0,2.0,0.0,2.0,2555.0,2160.0,1910.0,1,B1,331667,2019-09-23,brooklyn,1421 PARK PLACE NYC
5,PRINCES BAY,01 ONE FAMILY DWELLINGS,1,6941,9,A2,27 CLEARMONT AVENUE,10309.0,1.0,0.0,1.0,4000.0,880.0,1970.0,1,A2,612000,2019-09-26,statenisland,27 CLEARMONT AVENUE NYC
5,BULLS HEAD,01 ONE FAMILY DWELLINGS,1,1590,46,A9,254 LANDER AVENUE,10314.0,1.0,0.0,1.0,2400.0,1444.0,1995.0,1,A9,558000,2019-10-08,statenisland,254 LANDER AVENUE NYC
3,BOROUGH PARK,02 TWO FAMILY DWELLINGS,1,5745,5,S2,6411 11TH AVENUE,11219.0,2.0,1.0,3.0,1813.0,2600.0,1931.0,1,S2,1200000,2019-04-24,brooklyn,6411 11TH AVENUE NYC
4,LITTLE NECK,01 ONE FAMILY DWELLINGS,1,8127,26,A5,42-30 MARATHON PARKWAY,11363.0,1.0,0.0,1.0,2391.0,1015.0,1925.0,1,A5,653000,2019-09-10,queens,42-30 MARATHON PARKWAY NYC
4,RICHMOND HILL,02 TWO FAMILY DWELLINGS,1,9309,8,B2,102-30 92ND AVENUE,11418.0,2.0,0.0,2.0,4000.0,1952.0,1920.0,1,B2,816000,2019-08-30,queens,102-30 92ND AVENUE NYC
4,SO. JAMAICA-BAISLEY PARK,02 TWO FAMILY DWELLINGS,1,12336,27,B1,115-29 MARSDEN STREET,11434.0,2.0,0.0,2.0,4373.0,2250.0,1998.0,1,B1,800000,2019-07-30,queens,115-29 MARSDEN STREET NYC
4,BROAD CHANNEL,01 ONE FAMILY DWELLINGS,1,15317,77,A2,53 WEST 13TH ROAD,11693.0,1.0,0.0,1.0,2500.0,1178.0,1920.0,1,A2,365000,2019-10-17,queens,53 WEST 13TH ROAD NYC
4,WOODSIDE,03 THREE FAMILY DWELLINGS,1,1321,38,C0,43-28 53RD STREET,11377.0,3.0,0.0,3.0,2500.0,2146.0,1920.0,1,C0,999000,2019-11-25,queens,43-28 53RD STREET NYC
5,CASTLETON CORNERS,01 ONE FAMILY DWELLINGS,1,377,10,A1,216 KEMBALL AVENUE,10314.0,1.0,0.0,1.0,4482.0,2208.0,2018.0,1,A1,926608,2019-01-03,statenisland,216 KEMBALL AVENUE NYC
2,CASTLE HILL/UNIONPORT,02 TWO FAMILY DWELLINGS,1,3487,136,B2,294 ZEREGA AVENUE,10473.0,2.0,0.0,2.0,2106.0,3068.0,2011.0,1,B2,925000,2019-02-28,bronx,294 ZEREGA AVENUE NYC
3,CYPRESS HILLS,02 TWO FAMILY DWELLINGS,1,4141,124,S2,3242 FULTON STREET,11208.0,2.0,1.0,3.0,1596.0,1900.0,1910.0,1,S2,580000,2019-06-25,brooklyn,3242 FULTON STREET NYC
3,FLATLANDS,02 TWO FAMILY DWELLINGS,1,7774,55,B9,1280 EAST 49TH STREET,11234.0,2.0,0.0,2.0,1600.0,1100.0,1944.0,1,B9,450000,2019-01-18,brooklyn,1280 EAST 49TH STREET NYC
4,SPRINGFIELD GARDENS,01 ONE FAMILY DWELLINGS,1,12589,51,A2,140-18 172 ST,11434.0,1.0,0.0,1.0,2923.0,1100.0,1930.0,1,A2,460000,2019-10-10,queens,140-18 172 ST NYC
4,MIDDLE VILLAGE,02 TWO FAMILY DWELLINGS,1,2884,132,B1,85-03 60TH AVENUE,11379.0,2.0,0.0,2.0,1848.0,2499.0,1995.0,1,B1,960000,2019-08-13,queens,85-03 60TH AVENUE NYC
2,HIGHBRIDGE/MORRIS HEIGHTS,01 ONE FAMILY DWELLINGS,1,2506,31,A5,1224 SHAKESPEARE AVENUE,10452.0,1.0,0.0,1.0,1005.0,1116.0,1907.0,1,A5,395000,2019-01-09,bronx,1224 SHAKESPEARE AVENUE NYC
4,ROSEDALE,02 TWO FAMILY DWELLINGS,1,13643,29,B2,245-56 148TH DRIVE,11422.0,2.0,0.0,2.0,4000.0,2750.0,1960.0,1,B2,810000,2019-09-05,queens,245-56 148TH DRIVE NYC
3,BAY RIDGE,03 THREE FAMILY DWELLINGS,1,5841,57,C0,227 67TH STREET,11220.0,3.0,0.0,3.0,1620.0,2400.0,1915.0,1,C0,1503000,2019-05-31,brooklyn,227 67TH STREET NYC
3,MARINE PARK,01 ONE FAMILY DWELLINGS,1,8526,18,A1,2049 KIMBALL STREET,11234.0,1.0,0.0,1.0,2500.0,1084.0,1925.0,1,A1,630000,2019-04-18,brooklyn,2049 KIMBALL STREET NYC
4,HILLCREST,01 ONE FAMILY DWELLINGS,1,7018,41,A2,80-11 167TH STREET,11432.0,1.0,0.0,1.0,4000.0,756.0,1950.0,1,A2,685000,2019-04-01,queens,80-11 167TH STREET NYC
3,FLATBUSH-EAST,02 TWO FAMILY DWELLINGS,1,7791,35,B1,1117 EAST 43RD STREET,11210.0,2.0,0.0,2.0,2000.0,2520.0,1950.0,1,B1,800000,2019-04-04,brooklyn,1117 EAST 43RD STREET NYC
4,HAMMELS,02 TWO FAMILY DWELLINGS,1,16125,17,B2,336 BEACH 92ND STREET,11693.0,2.0,0.0,2.0,2500.0,1881.0,1910.0,1,B2,525000,2019-04-15,queens,336 BEACH 92ND STREET NYC
4,SO. JAMAICA-BAISLEY PARK,01 ONE FAMILY DWELLINGS,1,12011,16,A1,117-37 VAN WYCK EXPRESSWAY,11436.0,1.0,0.0,1.0,2400.0,1552.0,1930.0,1,A1,630700,2019-09-24,queens,117-37 VAN WYCK EXPRESSWAY NYC
2,BAYCHESTER,02 TWO FAMILY DWELLINGS,1,4985,70,B2,4047 HILL AVENUE,10466.0,2.0,0.0,2.0,2375.0,2302.0,1915.0,1,B2,608500,2019-04-18,bronx,4047 HILL AVENUE NYC
3,DYKER HEIGHTS,01 ONE FAMILY DWELLINGS,1,5954,5,A5,7613 FT HAMILTON PARKWAY,11228.0,1.0,0.0,1.0,2160.0,1480.0,1925.0,1,A5,980000,2019-10-07,brooklyn,7613 FT HAMILTON PARKWAY NYC
3,MADISON,01 ONE FAMILY DWELLINGS,1,7313,36,A1,1983 FORD STREET,11229.0,1.0,0.0,1.0,2600.0,1264.0,1915.0,1,A1,888000,2019-07-02,brooklyn,1983 FORD STREET NYC
3,OLD MILL BASIN,01 ONE FAMILY DWELLINGS,1,7896,10,A1,1777 EAST 51ST STREET,11234.0,1.0,0.0,1.0,3000.0,864.0,1920.0,1,A1,499000,2019-01-24,brooklyn,1777 EAST 51ST STREET NYC
2,BAYCHESTER,01 ONE FAMILY DWELLINGS,1,4962,67,A2,3927 DURYEA,10466.0,1.0,0.0,1.0,3333.0,1512.0,1939.0,1,A2,500000,2019-02-14,bronx,3927 DURYEA NYC
4,JACKSON HEIGHTS,02 TWO FAMILY DWELLINGS,1,1395,24,B3,31-32 84TH STREET,11370.0,2.0,0.0,2.0,2242.0,1696.0,1930.0,1,B3,870000,2019-10-18,queens,31-32 84TH STREET NYC
4,SOUTH OZONE PARK,02 TWO FAMILY DWELLINGS,1,11761,2,B3,123-17 133RD AVENUE,11420.0,2.0,0.0,2.0,4000.0,1900.0,1950.0,1,B3,640000,2019-09-30,queens,123-17 133RD AVENUE NYC
4,RICHMOND HILL,01 ONE FAMILY DWELLINGS,1,9502,59,A1,102-09 134TH STREET,11419.0,1.0,0.0,1.0,2375.0,1440.0,1920.0,1,A1,540000,2019-07-18,queens,102-09 134TH STREET NYC
4,FLUSHING-SOUTH,03 THREE FAMILY DWELLINGS,1,6656,11,C0,70-37 153RD STREET,11367.0,3.0,0.0,3.0,1940.0,2080.0,1965.0,1,C0,1350000,2019-09-30,queens,70-37 153RD STREET NYC
3,FLATBUSH-NORTH,02 TWO FAMILY DWELLINGS,1,4634,28,B1,731 LENOX ROAD,11203.0,2.0,0.0,2.0,2115.0,1732.0,1940.0,1,B1,545000,2019-05-13,brooklyn,731 LENOX ROAD NYC
3,EAST NEW YORK,03 THREE FAMILY DWELLINGS,1,4253,32,C0,602 AUTUMN AVENUE,11208.0,3.0,0.0,3.0,2500.0,2064.0,1910.0,1,C0,800000,2019-06-03,brooklyn,602 AUTUMN AVENUE NYC
4,BAYSIDE,01 ONE FAMILY DWELLINGS,1,6010,15,A1,28-17 210TH PLACE,11360.0,1.0,0.0,1.0,4925.0,2108.0,1935.0,1,A1,950000,2019-08-06,queens,28-17 210TH PLACE NYC
5,GREAT KILLS,01 ONE FAMILY DWELLINGS,1,5318,21,A5,66 LITTLEFIELD AVENUE,10312.0,1.0,0.0,1.0,2448.0,1374.0,1975.0,1,A5,789591,2019-11-28,statenisland,66 LITTLEFIELD AVENUE NYC
4,FAR ROCKAWAY,02 TWO FAMILY DWELLINGS,1,15799,10,B9,331 BEACH 27TH STREET,11691.0,2.0,0.0,2.0,3800.0,1449.0,1945.0,1,B9,435000,2019-06-28,queens,331 BEACH 27TH STREET NYC
4,RICHMOND HILL,01 ONE FAMILY DWELLINGS,1,9394,16,A1,95-30 109 STREET,11419.0,1.0,0.0,1.0,2523.0,1348.0,1920.0,1,A1,535600,2019-12-05,queens,95-30 109 STREET NYC
2,PELHAM PARKWAY SOUTH,01 ONE FAMILY DWELLINGS,1,4205,50,A5,1790 SEMINOLE AVENUE,10461.0,1.0,0.0,1.0,2400.0,1600.0,1940.0,1,A5,529000,2019-08-23,bronx,1790 SEMINOLE AVENUE NYC
2,SOUNDVIEW,02 TWO FAMILY DWELLINGS,1,3878,33,B2,1822 MCGRAW AVENUE,10472.0,2.0,0.0,2.0,2458.0,2408.0,1920.0,1,B2,620000,2019-03-20,bronx,1822 MCGRAW AVENUE NYC
5,GRASMERE,01 ONE FAMILY DWELLINGS,1,3171,55,A5,672 BRITTON AVENUE,10304.0,1.0,0.0,1.0,1700.0,1440.0,2003.0,1,A5,640000,2019-06-25,statenisland,672 BRITTON AVENUE NYC
3,BAY RIDGE,01 ONE FAMILY DWELLINGS,1,6060,63,A1,123 89 STREET,11209.0,1.0,0.0,1.0,2500.0,1456.0,1925.0,1,A1,1275000,2019-05-03,brooklyn,123 89 STREET NYC
2,MORRISANIA/LONGWOOD,02 TWO FAMILY DWELLINGS,1,2716,33,B3,896 EAST 167 STREET,10459.0,2.0,0.0,2.0,2271.0,1640.0,1901.0,1,B3,365040,2019-04-01,bronx,896 EAST 167 STREET NYC
4,WOODHAVEN,02 TWO FAMILY DWELLINGS,1,8907,50,B2,88-45 77TH STREET,11421.0,2.0,0.0,2.0,1942.0,2028.0,1920.0,1,B2,830000,2019-10-30,queens,88-45 77TH STREET NYC
3,FLATBUSH-EAST,01 ONE FAMILY DWELLINGS,1,4975,68,A9,1351 ALBANY AVENUE,11203.0,1.0,0.0,1.0,1783.0,1316.0,1920.0,1,A9,560000,2019-12-17,brooklyn,1351 ALBANY AVENUE NYC
5,GREAT KILLS-BAY TERRACE,01 ONE FAMILY DWELLINGS,1,4698,5,A5,47 FAIRBANKS AVENUE,10306.0,1.0,0.0,1.0,2500.0,1448.0,1965.0,1,A5,572500,2019-04-24,statenisland,47 FAIRBANKS AVENUE NYC
2,SOUNDVIEW,01 ONE FAMILY DWELLINGS,1,3776,17,A5,1224 MANOR AVENUE,10472.0,1.0,0.0,1.0,2500.0,1392.0,1920.0,1,A5,457364,2019-04-29,bronx,1224 MANOR AVENUE NYC
4,BAYSIDE,01 ONE FAMILY DWELLINGS,1,7425,5,A1,53-35 BELL BOULEVARD,11364.0,1.0,0.0,1.0,4000.0,1296.0,1935.0,1,A1,950000,2019-05-20,queens,53-35 BELL BOULEVARD NYC
3,KENSINGTON,01 ONE FAMILY DWELLINGS,1,5317,19,A5,321 CATON AVENUE,11218.0,1.0,0.0,1.0,2000.0,2165.0,1915.0,1,A1,1510000,2019-06-25,brooklyn,321 CATON AVENUE NYC
3,FLATLANDS,02 TWO FAMILY DWELLINGS,1,7735,26,B9,1099 EAST 51ST STREET,11234.0,2.0,0.0,2.0,2150.0,906.0,1940.0,1,B9,595000,2019-05-21,brooklyn,1099 EAST 51ST STREET NYC
4,SOUTH JAMAICA,02 TWO FAMILY DWELLINGS,1,10238,3,B3,106-05 169TH STREET,11433.0,2.0,0.0,2.0,2000.0,2102.0,1930.0,1,B3,330000,2019-05-30,queens,106-05 169TH STREET NYC
2,COUNTRY CLUB,01 ONE FAMILY DWELLINGS,1,5407,47,A5,1345 KEARNEY AVENUE,10465.0,1.0,0.0,1.0,3806.0,1944.0,1955.0,1,A5,595000,2019-07-25,bronx,1345 KEARNEY AVENUE NYC
3,CANARSIE,02 TWO FAMILY DWELLINGS,1,8212,56,B1,928 EAST 105TH STREET,11236.0,2.0,0.0,2.0,2000.0,2072.0,1955.0,1,B1,659000,2019-04-22,brooklyn,928 EAST 105TH STREET NYC
5,HUGUENOT,01 ONE FAMILY DWELLINGS,1,6335,63,A2,633 IONIA AVENUE,10312.0,1.0,0.0,1.0,4000.0,1975.0,1970.0,1,A2,702500,2019-10-18,statenisland,633 IONIA AVENUE NYC
2,SOUNDVIEW,03 THREE FAMILY DWELLINGS,1,3660,15,C0,924 FTELEY AVENUE,10473.0,3.0,0.0,3.0,2083.0,3600.0,2006.0,1,C0,770000,2019-05-29,bronx,924 FTELEY AVENUE NYC
5,ARROCHAR-SHORE ACRES,01 ONE FAMILY DWELLINGS,1,2831,43,A1,107 ABBOTT STREET,10305.0,1.0,0.0,1.0,2300.0,1526.0,1920.0,1,A1,585000,2019-12-13,statenisland,107 ABBOTT STREET NYC
5,BULLS HEAD,01 ONE FAMILY DWELLINGS,1,1591,69,A5,30 HIRSCH LANE,10314.0,1.0,0.0,1.0,1242.0,1410.0,1995.0,1,A5,470000,2019-12-06,statenisland,30 HIRSCH LANE NYC
2,THROGS NECK,01 ONE FAMILY DWELLINGS,1,5606,114,A5,190 BUTTRICK AVE,10465.0,1.0,0.0,1.0,1800.0,1224.0,1915.0,1,A5,460000,2019-05-21,bronx,190 BUTTRICK AVE NYC
4,MASPETH,02 TWO FAMILY DWELLINGS,1,2783,51,B1,67-03 61ST ROAD,11379.0,2.0,0.0,2.0,2216.0,2415.0,1955.0,1,B1,800000,2019-10-21,queens,67-03 61ST ROAD NYC
2,WESTCHESTER,21 OFFICE BUILDINGS,4,4068,31,O8,2511 EAST TREMONT AVENUE,10461.0,1.0,2.0,3.0,3388.0,2830.0,1950.0,4,O8,997500,2019-02-04,bronx,2511 EAST TREMONT AVENUE NYC
2,WILLIAMSBRIDGE,01 ONE FAMILY DWELLINGS,1,4876,52,A5,1012 EAST 230TH STREET,10466.0,1.0,0.0,1.0,1751.0,1276.0,1950.0,1,A5,435000,2019-10-03,bronx,1012 EAST 230TH STREET NYC
4,CAMBRIA HEIGHTS,01 ONE FAMILY DWELLINGS,1,11291,25,A5,115-21 227TH STREET,11411.0,1.0,0.0,1.0,2000.0,784.0,1945.0,1,A5,515000,2019-05-13,queens,115-21 227TH STREET NYC
4,OZONE PARK,01 ONE FAMILY DWELLINGS,1,9143,1,A5,8402 108 AVE,11417.0,1.0,0.0,1.0,1180.0,1127.0,1930.0,1,A5,525000,2019-02-12,queens,8402 108 AVE NYC
2,CASTLE HILL/UNIONPORT,02 TWO FAMILY DWELLINGS,1,3531,125,B2,2027 LACOMBE AVENUE,10473.0,2.0,0.0,2.0,4000.0,2325.0,1987.0,1,B2,650000,2019-11-01,bronx,2027 LACOMBE AVENUE NYC
3,MIDWOOD,01 ONE FAMILY DWELLINGS,1,7640,63,A1,1238 EAST 23RD STREET,11210.0,1.0,0.0,1.0,3000.0,1320.0,1920.0,1,A1,926000,2019-08-20,brooklyn,1238 EAST 23RD STREET NYC
4,SOUTH OZONE PARK,01 ONE FAMILY DWELLINGS,1,11896,10,A2,12623 152ND AVENUE,11420.0,1.0,0.0,1.0,4000.0,1078.0,1950.0,1,A2,605000,2019-02-18,queens,12623 152ND AVENUE NYC
4,RICHMOND HILL,01 ONE FAMILY DWELLINGS,1,9497,90,A1,101-23 129TH STREET,11419.0,1.0,0.0,1.0,2523.0,1436.0,1915.0,1,A1,562500,2019-02-27,queens,101-23 129TH STREET NYC
4,ST. ALBANS,01 ONE FAMILY DWELLINGS,1,12619,18,A1,117-24 199TH STREET,11412.0,1.0,0.0,1.0,2450.0,1280.0,1925.0,1,A1,385000,2019-10-30,queens,117-24 199TH STREET NYC
3,FLATBUSH-EAST,02 TWO FAMILY DWELLINGS,1,4917,35,B1,3215 BEVERLY ROAD,11226.0,2.0,0.0,2.0,1700.0,1584.0,1910.0,1,B1,650000,2019-10-04,brooklyn,3215 BEVERLY ROAD NYC
4,ST. ALBANS,01 ONE FAMILY DWELLINGS,1,10978,38,A1,112-32 203 STREET,11412.0,1.0,0.0,1.0,3000.0,1254.0,1925.0,1,A1,570000,2019-11-15,queens,112-32 203 STREET NYC
4,FLORAL PARK,01 ONE FAMILY DWELLINGS,1,8766,12,A0,83-37 LITTLE NECK PARKWAY,11004.0,1.0,0.0,1.0,3820.0,893.0,1945.0,1,A0,600000,2019-10-02,queens,83-37 LITTLE NECK PARKWAY NYC
5,GREAT KILLS,02 TWO FAMILY DWELLINGS,1,5449,33,B3,437 COLON AVENUE,10308.0,2.0,0.0,2.0,4000.0,2197.0,1970.0,1,B3,550000,2019-02-21,statenisland,437 COLON AVENUE NYC
3,MARINE PARK,01 ONE FAMILY DWELLINGS,1,7862,62,A1,1648 RYDER STREET,11234.0,1.0,0.0,1.0,2000.0,1316.0,1930.0,1,A1,760000,2019-11-27,brooklyn,1648 RYDER STREET NYC
1,HARLEM-CENTRAL,07 RENTALS - WALKUP APARTMENTS,2A,2025,28,C3,203 WEST 139TH STREET,10030.0,4.0,0.0,4.0,1965.0,4084.0,1926.0,2,C3,1800000,2019-09-16,manhattan,203 WEST 139TH STREET NYC
2,BAYCHESTER,02 TWO FAMILY DWELLINGS,1,4788,11,B1,2947 GUNTHER AVENUE,10469.0,2.0,0.0,2.0,2874.0,2585.0,1960.0,1,B1,560000,2019-04-04,bronx,2947 GUNTHER AVENUE NYC
5,TOTTENVILLE,01 ONE FAMILY DWELLINGS,1,7850,28,A2,120 JOLINE AVENUE,10307.0,1.0,0.0,1.0,4481.0,1200.0,1925.0,1,A2,575000,2019-07-30,statenisland,120 JOLINE AVENUE NYC
2,WILLIAMSBRIDGE,02 TWO FAMILY DWELLINGS,1,4879,63,B1,1044 EAST 233 STREET,10466.0,2.0,0.0,2.0,1614.0,1782.0,1950.0,1,B1,509000,2019-05-10,bronx,1044 EAST 233 STREET NYC
5,ANNADALE,01 ONE FAMILY DWELLINGS,1,6363,26,A2,292 SHIRLEY AVENUE,10312.0,1.0,0.0,1.0,4000.0,1232.0,1975.0,1,A2,435475,2019-08-12,statenisland,292 SHIRLEY AVENUE NYC
3,CANARSIE,02 TWO FAMILY DWELLINGS,1,8201,20,B2,1219 EAST 93RD STREET,11236.0,2.0,0.0,2.0,1933.0,1492.0,1935.0,1,B2,499000,2019-11-20,brooklyn,1219 EAST 93RD STREET NYC
4,MASPETH,02 TWO FAMILY DWELLINGS,1,2372,136,B1,53-29 62 STREET,11378.0,2.0,0.0,2.0,2000.0,1080.0,1940.0,1,B1,566375,2019-03-07,queens,53-29 62 STREET NYC
4,FLUSHING-NORTH,02 TWO FAMILY DWELLINGS,1,5421,18,B3,43-35 163RD STREET,11358.0,2.0,0.0,2.0,2000.0,2029.0,1925.0,1,B3,825000,2019-05-13,queens,43-35 163RD STREET NYC
5,TOMPKINSVILLE,03 THREE FAMILY DWELLINGS,1,115,68,C0,349 VICTORY BOULEVARD,10301.0,3.0,0.0,3.0,3900.0,2224.0,1910.0,1,C0,520000,2019-08-19,statenisland,349 VICTORY BOULEVARD NYC
4,SPRINGFIELD GARDENS,01 ONE FAMILY DWELLINGS,1,12672,20,A1,121-32 192ND STREET,11413.0,1.0,0.0,1.0,3950.0,1630.0,1930.0,1,A1,590000,2019-01-25,queens,121-32 192ND STREET NYC
3,BAY RIDGE,01 ONE FAMILY DWELLINGS,1,6118,73,A5,9410 WOGAN TERRACE,11209.0,1.0,0.0,1.0,1218.0,1104.0,1930.0,1,A5,382500,2019-05-25,brooklyn,9410 WOGAN TERRACE NYC
4,FRESH MEADOWS,01 ONE FAMILY DWELLINGS,1,7089,45,A1,65-44 183RD STREET,11365.0,1.0,0.0,1.0,4000.0,1440.0,1940.0,1,A1,920000,2019-10-18,queens,65-44 183RD STREET NYC
2,PELHAM PARKWAY SOUTH,02 TWO FAMILY DWELLINGS,1,4304,17,B2,2017 HAIGHT AVENUE,10461.0,2.0,0.0,2.0,3325.0,1958.0,1925.0,1,B2,600768,2019-08-23,bronx,2017 HAIGHT AVENUE NYC
2,SOUNDVIEW,03 THREE FAMILY DWELLINGS,1,3711,62,C0,1041 EVERGREEN AVENUE,10472.0,3.0,0.0,3.0,1900.0,1959.0,1940.0,1,C0,415000,2019-06-28,bronx,1041 EVERGREEN AVENUE NYC
4,CAMBRIA HEIGHTS,01 ONE FAMILY DWELLINGS,1,12748,113,A2,117-16 232ND STREET,11411.0,1.0,0.0,1.0,4000.0,1144.0,1950.0,1,A2,635000,2019-08-15,queens,117-16 232ND STREET NYC
3,CROWN HEIGHTS,02 TWO FAMILY DWELLINGS,1,1366,28,B1,1340 PROSPECT PLACE,11213.0,2.0,0.0,2.0,2566.0,2400.0,1910.0,1,B1,690000,2019-11-20,brooklyn,1340 PROSPECT PLACE NYC
2,PELHAM PARKWAY NORTH,02 TWO FAMILY DWELLINGS,1,4460,38,B9,2439 THROOP AVENUE,10469.0,2.0,0.0,2.0,2200.0,1732.0,1945.0,1,B9,680000,2019-05-17,bronx,2439 THROOP AVENUE NYC
2,WESTCHESTER,02 TWO FAMILY DWELLINGS,1,3832,6,B1,1270 HAVEMEYER AVENUE,10462.0,2.0,0.0,2.0,1975.0,2700.0,1950.0,1,B1,750000,2019-04-15,bronx,1270 HAVEMEYER AVENUE NYC
4,SOUTH OZONE PARK,01 ONE FAMILY DWELLINGS,1,11614,26,A1,109-40 135TH STREET,11420.0,1.0,0.0,1.0,2500.0,1470.0,1920.0,1,A1,600000,2019-07-25,queens,109-40 135TH STREET NYC
2,WILLIAMSBRIDGE,01 ONE FAMILY DWELLINGS,1,4702,2,A5,1055 EAST 219 STREET,10469.0,1.0,0.0,1.0,1971.0,1782.0,1955.0,1,A5,485000,2019-11-01,bronx,1055 EAST 219 STREET NYC
2,SOUNDVIEW,02 TWO FAMILY DWELLINGS,1,3493,43,B1,1766 LACOMBE AVENUE,10473.0,2.0,0.0,2.0,1992.0,2745.0,1975.0,1,B1,399000,2019-04-23,bronx,1766 LACOMBE AVENUE NYC
4,MASPETH,03 THREE FAMILY DWELLINGS,1,2652,10,C0,59-71 59TH PLACE,11378.0,3.0,0.0,3.0,2794.0,3496.0,1963.0,1,C0,1220000,2019-11-08,queens,59-71 59TH PLACE NYC
2,SOUNDVIEW,02 TWO FAMILY DWELLINGS,1,3766,2,B1,1857 GLEASON AVENUE,10472.0,2.0,0.0,2.0,1600.0,1600.0,1926.0,1,B1,490000,2019-12-17,bronx,1857 GLEASON AVENUE NYC
4,MIDDLE VILLAGE,03 THREE FAMILY DWELLINGS,1,2931,28,C0,61-31 75TH STREET,11379.0,3.0,0.0,3.0,2000.0,2800.0,1960.0,1,C0,1177000,2019-08-28,queens,61-31 75TH STREET NYC
3,GRAVESEND,01 ONE FAMILY DWELLINGS,1,6601,48,A9,239 AVENUE P,11204.0,1.0,0.0,1.0,2200.0,1118.0,1925.0,1,A9,958000,2019-09-26,brooklyn,239 AVENUE P NYC
4,HOLLIS,02 TWO FAMILY DWELLINGS,1,10576,3,B3,89-77 210TH PLACE,11427.0,2.0,0.0,2.0,2800.0,1943.0,1930.0,1,B3,765000,2019-07-31,queens,89-77 210TH PLACE NYC
4,JACKSON HEIGHTS,01 ONE FAMILY DWELLINGS,1,1094,56,A5,24-29 82ND STREET,11370.0,1.0,0.0,1.0,2100.0,1536.0,1940.0,1,A5,745000,2019-06-07,queens,24-29 82ND STREET NYC
3,GRAVESEND,01 ONE FAMILY DWELLINGS,1,6949,26,A9,165 BAY 52ND STREET,11214.0,1.0,0.0,1.0,3000.0,1496.0,1930.0,1,A9,550000,2019-10-29,brooklyn,165 BAY 52ND STREET NYC
5,GRANT CITY,01 ONE FAMILY DWELLINGS,1,3306,20,B2,40 SEAVIEW AVENUE,10304.0,2.0,0.0,2.0,3150.0,2904.0,2018.0,1,A1,945954,2019-06-25,statenisland,40 SEAVIEW AVENUE NYC
3,FLATBUSH-NORTH,02 TWO FAMILY DWELLINGS,1,1331,6,B9,410 LEFFERTS AVE.,11225.0,2.0,0.0,2.0,2200.0,1400.0,1920.0,1,B9,350000,2019-04-18,brooklyn,410 LEFFERTS AVE. NYC
4,FLUSHING-SOUTH,01 ONE FAMILY DWELLINGS,1,6954,39,A2,71-46 167 STREET,11365.0,1.0,0.0,1.0,3800.0,1812.0,1960.0,1,A2,905000,2019-09-23,queens,71-46 167 STREET NYC
5,WEST NEW BRIGHTON,01 ONE FAMILY DWELLINGS,1,124,66,A1,68 PORTLAND PLACE,10301.0,1.0,0.0,1.0,2160.0,1492.0,1910.0,1,A1,545000,2019-08-05,statenisland,68 PORTLAND PLACE NYC
3,CYPRESS HILLS,01 ONE FAMILY DWELLINGS,1,3912,57,A1,74 HIGHLAND PLACE,11208.0,1.0,0.0,1.0,2567.0,1980.0,1920.0,1,A1,742000,2019-11-25,brooklyn,74 HIGHLAND PLACE NYC
4,SPRINGFIELD GARDENS,01 ONE FAMILY DWELLINGS,1,12668,18,A2,189-06 121ST AVENUE,11412.0,1.0,0.0,1.0,4000.0,1402.0,1950.0,1,A2,615000,2019-07-09,queens,189-06 121ST AVENUE NYC
3,CANARSIE,01 ONE FAMILY DWELLINGS,1,7991,59,A1,654 EAST 87TH STREET,11236.0,1.0,0.0,1.0,2520.0,1354.0,1935.0,1,A1,525000,2019-04-25,brooklyn,654 EAST 87TH STREET NYC
3,MARINE PARK,01 ONE FAMILY DWELLINGS,1,7863,38,A1,3902 AVENUE P,11234.0,1.0,0.0,1.0,4000.0,2500.0,1930.0,1,A1,900000,2019-11-14,brooklyn,3902 AVENUE P NYC
3,SHEEPSHEAD BAY,02 TWO FAMILY DWELLINGS,1,7396,48,B3,2373 EAST 12TH STREET,11229.0,2.0,0.0,2.0,3000.0,1908.0,1930.0,1,B3,1100000,2019-04-03,brooklyn,2373 EAST 12TH STREET NYC
3,OLD MILL BASIN,02 TWO FAMILY DWELLINGS,1,8377,32,B2,1601 EAST 56TH STREET,11234.0,2.0,0.0,2.0,3500.0,2080.0,1925.0,1,B2,775000,2019-09-24,brooklyn,1601 EAST 56TH STREET NYC
2,PELHAM GARDENS,02 TWO FAMILY DWELLINGS,1,4482,65,B3,2531 MICKLE AVENUE,10469.0,2.0,0.0,2.0,3800.0,1785.0,1950.0,1,B3,630000,2019-11-19,bronx,2531 MICKLE AVENUE NYC
4,SOUTH JAMAICA,02 TWO FAMILY DWELLINGS,1,10183,27,B2,164-27 109 ROAD,11433.0,2.0,0.0,2.0,2049.0,2331.0,2004.0,1,B2,630000,2019-01-18,queens,164-27 109 ROAD NYC
4,JAMAICA ESTATES,01 ONE FAMILY DWELLINGS,1,7231,108,A1,180-38 80TH DRIVE,11432.0,1.0,0.0,1.0,4042.0,1588.0,1935.0,1,A1,850000,2019-08-16,queens,180-38 80TH DRIVE NYC
5,OAKWOOD,02 TWO FAMILY DWELLINGS,1,4655,14,B9,36 GUYON AVENUE,10306.0,2.0,0.0,2.0,3423.0,2350.0,2018.0,1,B9,915434,2019-08-05,statenisland,36 GUYON AVENUE NYC
2,WILLIAMSBRIDGE,03 THREE FAMILY DWELLINGS,1,4874,59,C0,1040 EAST 228,10466.0,3.0,0.0,3.0,2954.0,2816.0,1925.0,1,C0,368600,2019-04-25,bronx,1040 EAST 228 NYC
4,FLUSHING-NORTH,01 ONE FAMILY DWELLINGS,1,6423,13,A5,58-40 150TH STREET,11355.0,1.0,0.0,1.0,1682.0,1260.0,1950.0,1,A5,880000,2019-10-15,queens,58-40 150TH STREET NYC
4,WOODSIDE,01 ONE FAMILY DWELLINGS,1,1133,35,A5,55-01 32 AVE,11377.0,1.0,0.0,1.0,1806.0,1650.0,1960.0,1,A5,1053000,2019-03-29,queens,55-01 32 AVE NYC
4,SOUTH JAMAICA,01 ONE FAMILY DWELLINGS,1,10268,2,A1,176-15 110TH AVENUE,11433.0,1.0,0.0,1.0,2483.0,1464.0,1920.0,1,A1,635000,2019-02-22,queens,176-15 110TH AVENUE NYC
4,QUEENS VILLAGE,01 ONE FAMILY DWELLINGS,1,10711,27,A1,91-48 SPRINGFIELD BOULEVARD,11428.0,1.0,0.0,1.0,2604.0,1864.0,1925.0,1,A1,430000,2019-05-07,queens,91-48 SPRINGFIELD BOULEVARD NYC
5,ARDEN HEIGHTS,02 TWO FAMILY DWELLINGS,1,6023,54,B9,88 GREEN VALLEY ROAD,10312.0,2.0,0.0,2.0,2488.0,2248.0,1983.0,1,B9,450000,2019-08-09,statenisland,88 GREEN VALLEY ROAD NYC
4,RICHMOND HILL,02 TWO FAMILY DWELLINGS,1,9478,14,B3,95-18 133 STREET,11419.0,2.0,0.0,2.0,2521.0,1608.0,1920.0,1,B3,700000,2019-01-30,queens,95-18 133 STREET NYC
4,ROSEDALE,02 TWO FAMILY DWELLINGS,1,13472,37,B3,224-16 145TH ROAD,11413.0,2.0,0.0,2.0,4000.0,1812.0,1930.0,1,B3,675000,2019-03-01,queens,224-16 145TH ROAD NYC
5,GREAT KILLS,01 ONE FAMILY DWELLINGS,1,5486,61,A5,451 KATAN AVENUE,10308.0,1.0,0.0,1.0,2464.0,1368.0,1975.0,1,A5,620000,2019-09-06,statenisland,451 KATAN AVENUE NYC
2,MORRIS PARK/VAN NEST,02 TWO FAMILY DWELLINGS,1,4096,40,B3,1734 BOGART AVENUE,10462.0,2.0,0.0,2.0,2125.0,1575.0,1935.0,1,B3,570000,2019-03-15,bronx,1734 BOGART AVENUE NYC
4,WOODHAVEN,02 TWO FAMILY DWELLINGS,1,8975,15,B2,95-09 91ST AVENUE,11421.0,2.0,0.0,2.0,3743.0,2080.0,2004.0,1,B2,1081688,2019-03-13,queens,95-09 91ST AVENUE NYC
4,SOUTH OZONE PARK,01 ONE FAMILY DWELLINGS,1,11894,44,A2,150-20 126 STREET,11420.0,1.0,0.0,1.0,4000.0,600.0,1940.0,1,A2,528000,2019-10-11,queens,150-20 126 STREET NYC
3,BERGEN BEACH,02 TWO FAMILY DWELLINGS,1,8435,10,B1,2173 ROYCE STREET,11234.0,2.0,0.0,2.0,3000.0,2039.0,1975.0,1,B1,970000,2019-12-26,brooklyn,2173 ROYCE STREET NYC
4,MASPETH,01 ONE FAMILY DWELLINGS,1,2773,55,A5,62-20 MOUNT OLIVET CRESCENT,11379.0,1.0,0.0,1.0,2640.0,1288.0,1960.0,1,A5,668900,2019-01-28,queens,62-20 MOUNT OLIVET CRESCENT NYC
3,CANARSIE,02 TWO FAMILY DWELLINGS,1,8304,10,B1,10101 SEAVIEW AVENUE,11236.0,2.0,0.0,2.0,3176.0,2160.0,1960.0,1,B1,671000,2019-01-07,brooklyn,10101 SEAVIEW AVENUE NYC
5,TRAVIS,01 ONE FAMILY DWELLINGS,1,2625,49,A5,84 CHURCH AVENUE,10314.0,1.0,0.0,1.0,868.0,1192.0,1989.0,1,A5,405000,2019-07-02,statenisland,84 CHURCH AVENUE NYC
4,WOODHAVEN,01 ONE FAMILY DWELLINGS,1,9179,25,A5,85-60 102 ST,11418.0,1.0,0.0,1.0,2156.0,1448.0,1910.0,1,A5,660000,2019-06-28,queens,85-60 102 ST NYC
4,RICHMOND HILL,01 ONE FAMILY DWELLINGS,1,9580,34,A1,104-62 127 STREET,11419.0,1.0,0.0,1.0,2700.0,1344.0,1920.0,1,A1,660000,2019-08-26,queens,104-62 127 STREET NYC
3,OLD MILL BASIN,01 ONE FAMILY DWELLINGS,1,8495,62,A9,1632 EAST 56TH STREET,11234.0,1.0,0.0,1.0,2200.0,1316.0,1925.0,1,A9,640000,2019-01-04,brooklyn,1632 EAST 56TH STREET NYC
4,HOLLIS,02 TWO FAMILY DWELLINGS,1,10378,26,B2,189-10 LUDLUM AVENUE,11412.0,2.0,0.0,2.0,4503.0,2246.0,2002.0,1,B2,691200,2019-06-13,queens,189-10 LUDLUM AVENUE NYC
4,ST. ALBANS,01 ONE FAMILY DWELLINGS,1,11082,72,A5,209-15 116TH ROAD,11411.0,1.0,0.0,1.0,1796.0,1224.0,1950.0,1,A5,350000,2019-01-10,queens,209-15 116TH ROAD NYC
3,WINDSOR TERRACE,02 TWO FAMILY DWELLINGS,1,877,38,B2,558 17TH STREET,11215.0,2.0,0.0,2.0,1003.0,1048.0,1910.0,1,B2,1575000,2019-07-26,brooklyn,558 17TH STREET NYC
3,MARINE PARK,01 ONE FAMILY DWELLINGS,1,8504,13,A9,1967 EAST 37TH STREET,11234.0,1.0,0.0,1.0,1800.0,1120.0,1925.0,1,A9,675000,2019-10-31,brooklyn,1967 EAST 37TH STREET NYC
2,WAKEFIELD,01 ONE FAMILY DWELLINGS,1,5015,57,A1,1925 EDENWALD AVENUE,10466.0,1.0,0.0,1.0,2500.0,1530.0,1920.0,1,A1,480000,2019-10-11,bronx,1925 EDENWALD AVENUE NYC
2,SOUNDVIEW,02 TWO FAMILY DWELLINGS,1,3771,19,B1,1236 EVERGREEN AVENUE,10472.0,2.0,0.0,2.0,2467.0,2604.0,1930.0,1,B1,480000,2019-04-04,bronx,1236 EVERGREEN AVENUE NYC
3,CANARSIE,02 TWO FAMILY DWELLINGS,1,7994,29,B2,8907 BAY VIEW AVENUE,11236.0,2.0,0.0,2.0,2581.0,1476.0,1930.0,1,B2,467222,2019-01-15,brooklyn,8907 BAY VIEW AVENUE NYC
3,DYKER HEIGHTS,01 ONE FAMILY DWELLINGS,1,6278,16,A1,1124 80TH ST,11228.0,1.0,0.0,1.0,4000.0,1420.0,1910.0,1,A1,1300000,2019-12-04,brooklyn,1124 80TH ST NYC
3,EAST NEW YORK,02 TWO FAMILY DWELLINGS,1,4528,10,B2,1140 STANLEY AVENUE,11208.0,2.0,0.0,2.0,2641.0,3009.0,2005.0,1,B2,690000,2019-09-06,brooklyn,1140 STANLEY AVENUE NYC
3,BROWNSVILLE,02 TWO FAMILY DWELLINGS,1,3639,53,B1,922 MOTHER GASTON BOULEVARD,11212.0,2.0,0.0,2.0,2300.0,1760.0,1930.0,1,B1,685000,2019-06-25,brooklyn,922 MOTHER GASTON BOULEVARD NYC
3,FLATBUSH-EAST,02 TWO FAMILY DWELLINGS,1,7580,5,B1,3413 AVENUE I,11210.0,2.0,0.0,2.0,2350.0,2400.0,1915.0,1,B1,939000,2019-08-28,brooklyn,3413 AVENUE I NYC
3,EAST NEW YORK,02 TWO FAMILY DWELLINGS,1,3720,36,B2,230 PENNSYLVANIA AVENUE,11207.0,2.0,0.0,2.0,2000.0,3300.0,1905.0,1,B2,655000,2019-05-31,brooklyn,230 PENNSYLVANIA AVENUE NYC
3,EAST NEW YORK,03 THREE FAMILY DWELLINGS,1,4268,6,C0,643 CRESCENT STREET,11208.0,3.0,0.0,3.0,2120.0,2024.0,1910.0,1,C0,309000,2019-05-08,brooklyn,643 CRESCENT STREET NYC
3,OCEAN PARKWAY-SOUTH,02 TWO FAMILY DWELLINGS,1,7198,48,B1,2473 EAST 2ND STREET,11223.0,2.0,0.0,2.0,1992.0,2132.0,1940.0,1,B1,705179,2019-12-30,brooklyn,2473 EAST 2ND STREET NYC
4,ROSEDALE,02 TWO FAMILY DWELLINGS,1,13635,44,B2,245-39 147TH DRIVE,11422.0,2.0,0.0,2.0,3800.0,2300.0,1950.0,1,B2,845000,2019-04-24,queens,245-39 147TH DRIVE NYC
3,EAST NEW YORK,03 THREE FAMILY DWELLINGS,1,3741,35,C0,304 BRADFORD STREET,11207.0,3.0,0.0,3.0,2000.0,2700.0,1930.0,1,C0,880000,2019-02-01,brooklyn,304 BRADFORD STREET NYC
2,MELROSE/CONCOURSE,02 TWO FAMILY DWELLINGS,1,2421,50,B9,297 EAST 161 STREET,10451.0,2.0,0.0,2.0,3650.0,2328.0,1925.0,1,B9,1400000,2019-06-27,bronx,297 EAST 161 STREET NYC
4,MASPETH,01 ONE FAMILY DWELLINGS,1,2734,21,A5,60-32 60TH DRIVE,11378.0,1.0,0.0,1.0,1600.0,1200.0,1940.0,1,A5,575000,2019-04-02,queens,60-32 60TH DRIVE NYC
2,MELROSE/CONCOURSE,01 ONE FAMILY DWELLINGS,1,2400,3,S1,672 COURTLANDT AVENUE,10451.0,1.0,1.0,2.0,2549.0,2320.0,1940.0,1,S1,411000,2019-11-27,bronx,672 COURTLANDT AVENUE NYC
4,FAR ROCKAWAY,02 TWO FAMILY DWELLINGS,1,15590,50,B2,5-36 MEEHAN AVENUE,11691.0,2.0,0.0,2.0,2945.0,2200.0,1960.0,1,B2,798250,2019-11-15,queens,5-36 MEEHAN AVENUE NYC
4,BAYSIDE,01 ONE FAMILY DWELLINGS,1,6077,14,A1,34-14 JORDAN STREET,11358.0,1.0,0.0,1.0,2066.0,1360.0,1930.0,1,A1,350000,2019-11-14,queens,34-14 JORDAN STREET NYC
4,BEECHHURST,01 ONE FAMILY DWELLINGS,1,4568,82,A1,157-22 CRYDERS LANE,11357.0,1.0,0.0,1.0,4122.0,2067.0,1975.0,1,A1,1200000,2019-09-26,queens,157-22 CRYDERS LANE NYC
3,EAST NEW YORK,02 TWO FAMILY DWELLINGS,1,4178,34,B3,68 FORBELL STREET,11208.0,2.0,0.0,2.0,2190.0,1262.0,1910.0,1,B3,610000,2019-03-25,brooklyn,68 FORBELL STREET NYC
4,FLUSHING-SOUTH,02 TWO FAMILY DWELLINGS,1,6933,76,B3,70-19 164 STREET,11365.0,2.0,0.0,2.0,4750.0,2236.0,1950.0,1,B3,1360000,2019-12-10,queens,70-19 164 STREET NYC
3,GREENPOINT,03 THREE FAMILY DWELLINGS,1,2681,25,C0,103 1/2 ECKFORD STREET,11222.0,3.0,0.0,3.0,2250.0,2668.0,1910.0,1,C0,1640000,2019-03-25,brooklyn,103 1/2 ECKFORD STREET NYC
5,SOUTH BEACH,01 ONE FAMILY DWELLINGS,1,3393,82,A5,28 CAMERON AVENUE,10305.0,1.0,0.0,1.0,2000.0,1200.0,1995.0,1,A5,530000,2019-08-29,statenisland,28 CAMERON AVENUE NYC
2,CITY ISLAND,02 TWO FAMILY DWELLINGS,1,5627,38,B3,37 CENTRE STREET,10464.0,2.0,0.0,2.0,4000.0,1559.0,1940.0,1,B3,662500,2019-04-03,bronx,37 CENTRE STREET NYC
4,ARVERNE,02 TWO FAMILY DWELLINGS,1,15905,64,B2,172 SEA GRASS LANE,11692.0,2.0,0.0,2.0,2236.0,3018.0,2014.0,1,B2,850000,2019-10-17,queens,172 SEA GRASS LANE NYC
3,BATH BEACH,02 TWO FAMILY DWELLINGS,1,6374,11,B1,95 BAY 23RD STREET,11214.0,2.0,0.0,2.0,2825.0,2909.0,1960.0,1,B1,1420000,2019-12-09,brooklyn,95 BAY 23RD STREET NYC
4,ROSEDALE,01 ONE FAMILY DWELLINGS,1,13689,7,A2,259-16 148TH DRIVE,11422.0,1.0,0.0,1.0,3900.0,1500.0,1950.0,1,A2,515000,2019-10-02,queens,259-16 148TH DRIVE NYC
2,WESTCHESTER,01 ONE FAMILY DWELLINGS,1,3830,36,A5,2354 ELLIS AVENUE,10462.0,1.0,0.0,1.0,1854.0,1152.0,1959.0,1,A5,515000,2019-07-01,bronx,2354 ELLIS AVENUE NYC
4,DOUGLASTON,01 ONE FAMILY DWELLINGS,1,8370,49,A2,64-16 MARATHON PARKWAY,11362.0,1.0,0.0,1.0,4500.0,1170.0,1960.0,1,A2,800000,2019-06-13,queens,64-16 MARATHON PARKWAY NYC
4,ELMHURST,03 THREE FAMILY DWELLINGS,1,2503,8,C0,54-53 69TH LANE,11378.0,3.0,0.0,3.0,2250.0,2760.0,1940.0,1,C0,1150000,2019-10-29,queens,54-53 69TH LANE NYC
3,GRAVESEND,03 THREE FAMILY DWELLINGS,1,6861,26,C0,8637 23RD AVENUE,11214.0,3.0,0.0,3.0,2900.0,3327.0,1960.0,1,C0,1600000,2019-11-21,brooklyn,8637 23RD AVENUE NYC
3,BENSONHURST,02 TWO FAMILY DWELLINGS,1,6293,42,B1,8108 15TH AVENUE,11228.0,2.0,0.0,2.0,2000.0,2100.0,1920.0,1,B1,990000,2019-09-09,brooklyn,8108 15TH AVENUE NYC
3,EAST NEW YORK,02 TWO FAMILY DWELLINGS,1,4036,34,B2,510 SHEPHERD AVENUE,11208.0,2.0,0.0,2.0,1900.0,1920.0,1930.0,1,B2,871000,2019-10-24,brooklyn,510 SHEPHERD AVENUE NYC
3,FLATBUSH-NORTH,02 TWO FAMILY DWELLINGS,1,1331,48,B9,479 EAST NEW YORK AVENUE,11225.0,2.0,0.0,2.0,3600.0,1292.0,1930.0,1,B9,835000,2019-03-27,brooklyn,479 EAST NEW YORK AVENUE NYC
3,EAST NEW YORK,01 ONE FAMILY DWELLINGS,1,4313,38,A2,728 ELTON STREET,11208.0,1.0,0.0,1.0,4000.0,758.0,1925.0,1,A2,900000,2019-05-10,brooklyn,728 ELTON STREET NYC
5,OAKWOOD-BEACH,01 ONE FAMILY DWELLINGS,1,4691,30,A5,153 BROOK AVENUE,10306.0,1.0,0.0,1.0,2400.0,1600.0,1986.0,1,A5,535000,2019-09-23,statenisland,153 BROOK AVENUE NYC
3,CANARSIE,02 TWO FAMILY DWELLINGS,1,8086,69,B1,1698 REMSEN AVENUE,11236.0,2.0,0.0,2.0,3900.0,2460.0,1955.0,1,B1,530000,2019-04-11,brooklyn,1698 REMSEN AVENUE NYC
4,JAMAICA,01 ONE FAMILY DWELLINGS,1,9793,56,A9,163-16 89TH AVENUE,11432.0,1.0,0.0,1.0,1975.0,1476.0,1930.0,1,A9,980000,2019-06-06,queens,163-16 89TH AVENUE NYC
4,CAMBRIA HEIGHTS,01 ONE FAMILY DWELLINGS,1,11328,50,A1,116-26 228TH STREET,11411.0,1.0,0.0,1.0,4000.0,1488.0,1940.0,1,A1,410000,2019-04-05,queens,116-26 228TH STREET NYC
5,GRANT CITY,01 ONE FAMILY DWELLINGS,1,3538,110,A2,210 BUEL AVENUE,10305.0,1.0,0.0,1.0,4500.0,852.0,1960.0,1,A2,520000,2019-10-04,statenisland,210 BUEL AVENUE NYC
4,SO. JAMAICA-BAISLEY PARK,02 TWO FAMILY DWELLINGS,1,11999,70,B2,116-14 142ND STREET,11436.0,2.0,0.0,2.0,3270.0,1863.0,2004.0,1,B2,512000,2019-07-08,queens,116-14 142ND STREET NYC
4,FLUSHING-NORTH,01 ONE FAMILY DWELLINGS,1,5525,24,A1,45-35 AUBURNDALE LANE,11358.0,1.0,0.0,1.0,3528.0,1638.0,1925.0,1,A1,860000,2019-11-05,queens,45-35 AUBURNDALE LANE NYC
2,CASTLE HILL/UNIONPORT,01 ONE FAMILY DWELLINGS,1,3693,76,A1,2225 STORY AVENUE,10473.0,1.0,0.0,1.0,2575.0,1800.0,1945.0,1,A1,425000,2019-09-13,bronx,2225 STORY AVENUE NYC
4,SOUTH JAMAICA,02 TWO FAMILY DWELLINGS,1,10088,4,B2,106-41 WALTHAM STREET,11435.0,2.0,0.0,2.0,2500.0,1560.0,2002.0,1,B2,685000,2019-06-20,queens,106-41 WALTHAM STREET NYC
4,FLUSHING-NORTH,01 ONE FAMILY DWELLINGS,1,5622,62,A2,48-70 187TH STREET,11365.0,1.0,0.0,1.0,4000.0,836.0,1955.0,1,A2,868000,2019-12-09,queens,48-70 187TH STREET NYC
4,EAST ELMHURST,02 TWO FAMILY DWELLINGS,1,1088,12,B3,23-12 95TH STREET,11369.0,2.0,0.0,2.0,2200.0,1980.0,1935.0,1,B3,515000,2019-08-12,queens,23-12 95TH STREET NYC
5,BULLS HEAD,01 ONE FAMILY DWELLINGS,1,1574,98,A5,48 GRAHAM AVENUE,10314.0,1.0,0.0,1.0,3233.0,1648.0,1970.0,1,A5,535000,2019-10-25,statenisland,48 GRAHAM AVENUE NYC
5,MANOR HEIGHTS,02 TWO FAMILY DWELLINGS,1,796,59,B2,38 HAROLD STREET,10314.0,2.0,0.0,2.0,3000.0,1600.0,2002.0,1,B2,595000,2019-08-27,statenisland,38 HAROLD STREET NYC
4,QUEENS VILLAGE,01 ONE FAMILY DWELLINGS,1,10644,12,A1,90-27 212TH STREET,11428.0,1.0,0.0,1.0,3040.0,1726.0,1930.0,1,A1,570000,2019-01-15,queens,90-27 212TH STREET NYC
2,BAYCHESTER,02 TWO FAMILY DWELLINGS,1,4708,60,B1,1142 EAST 214 STREET,10469.0,2.0,0.0,2.0,1876.0,2018.0,1945.0,1,B1,585000,2019-03-21,bronx,1142 EAST 214 STREET NYC
3,DYKER HEIGHTS,02 TWO FAMILY DWELLINGS,1,6292,57,B2,1329 82ND STREET,11228.0,2.0,0.0,2.0,3100.0,2024.0,1925.0,1,B2,1285000,2019-07-09,brooklyn,1329 82ND STREET NYC
4,HOWARD BEACH,01 ONE FAMILY DWELLINGS,1,14058,15,A2,162-28 85TH STREET,11414.0,1.0,0.0,1.0,4000.0,2423.0,1960.0,1,A2,720000,2019-08-28,queens,162-28 85TH STREET NYC
3,BATH BEACH,02 TWO FAMILY DWELLINGS,1,6357,14,B1,8645 14TH AVENUE,11228.0,2.0,0.0,2.0,2320.0,2160.0,1930.0,1,B1,637500,2019-03-27,brooklyn,8645 14TH AVENUE NYC
5,GRASMERE,01 ONE FAMILY DWELLINGS,1,3184,149,A5,1053 WEST FINGERBOARD RD,10304.0,1.0,0.0,1.0,3000.0,1264.0,1989.0,1,A5,560000,2019-03-21,statenisland,1053 WEST FINGERBOARD RD NYC
4,ST. ALBANS,01 ONE FAMILY DWELLINGS,1,12396,61,A1,174-05 115TH AVENUE,11434.0,1.0,0.0,1.0,4000.0,1944.0,1930.0,1,A1,685000,2019-04-17,queens,174-05 115TH AVENUE NYC
3,MADISON,01 ONE FAMILY DWELLINGS,1,6784,49,A1,1785 EAST 21 ST,11229.0,1.0,0.0,1.0,4000.0,1690.0,1925.0,1,A1,1100000,2019-06-18,brooklyn,1785 EAST 21 ST NYC
4,FLUSHING-NORTH,01 ONE FAMILY DWELLINGS,1,6361,48,A1,57-17 134TH STREET,11355.0,1.0,0.0,1.0,3000.0,1312.0,1920.0,1,A1,808000,2019-05-15,queens,57-17 134TH STREET NYC
4,FOREST HILLS,01 ONE FAMILY DWELLINGS,1,3223,43,A5,70-49 MANSE STREET,11375.0,1.0,0.0,1.0,2000.0,1414.0,1930.0,1,A5,820000,2019-05-03,queens,70-49 MANSE STREET NYC
4,ST. ALBANS,01 ONE FAMILY DWELLINGS,1,11021,45,A5,11410 205TH STREET,11412.0,1.0,0.0,1.0,2500.0,1620.0,1940.0,1,A5,505000,2019-07-29,queens,11410 205TH STREET NYC
4,FLORAL PARK,01 ONE FAMILY DWELLINGS,1,8788,66,A0,84-19 258TH STREET,11001.0,1.0,0.0,1.0,4000.0,1247.0,1950.0,1,A0,610000,2019-12-09,queens,84-19 258TH STREET NYC
3,BOROUGH PARK,02 TWO FAMILY DWELLINGS,1,5404,46,B1,1781 45TH STREET,11204.0,2.0,0.0,2.0,2000.0,2064.0,1910.0,1,B1,1275000,2019-07-17,brooklyn,1781 45TH STREET NYC
3,CANARSIE,01 ONE FAMILY DWELLINGS,1,8055,55,A2,55 STILLWELL PLACE,11204.0,1.0,0.0,1.0,3250.0,860.0,1935.0,1,A2,585000,2019-03-12,brooklyn,55 STILLWELL PLACE NYC
2,BAYCHESTER,01 ONE FAMILY DWELLINGS,1,4750,66,A5,3354 TIEMANN AVENUE,10469.0,1.0,0.0,1.0,1710.0,1539.0,1950.0,1,A5,323000,2019-05-03,bronx,3354 TIEMANN AVENUE NYC
2,BRONXDALE,03 THREE FAMILY DWELLINGS,1,4616,7,C0,1157 BURKE AVENUE,10469.0,3.0,0.0,3.0,1809.0,2683.0,1955.0,1,C0,625000,2019-08-15,bronx,1157 BURKE AVENUE NYC
3,BOROUGH PARK,03 THREE FAMILY DWELLINGS,1,5670,35,C0,1368 53RD STREET,11219.0,3.0,0.0,3.0,2304.0,3940.0,1960.0,1,C0,1885000,2019-08-15,brooklyn,1368 53RD STREET NYC
4,JAMAICA HILLS,02 TWO FAMILY DWELLINGS,1,9784,34,B2,84-81 160 STREET,11432.0,2.0,0.0,2.0,3000.0,2490.0,1930.0,1,B2,992000,2019-05-10,queens,84-81 160 STREET NYC
2,BAYCHESTER,02 TWO FAMILY DWELLINGS,1,4978,16,B9,4030 BRUNER AVENUE,10466.0,2.0,0.0,2.0,2215.0,1512.0,1950.0,1,B9,465000,2019-05-30,bronx,4030 BRUNER AVENUE NYC
4,ST. ALBANS,01 ONE FAMILY DWELLINGS,1,11037,10,A1,115-61 196TH STREET,11412.0,1.0,0.0,1.0,3500.0,1336.0,1930.0,1,A1,600000,2019-12-04,queens,115-61 196TH STREET NYC
3,BENSONHURST,02 TWO FAMILY DWELLINGS,1,6295,91,B1,1680 81ST STREET,11214.0,2.0,0.0,2.0,1700.0,2208.0,1935.0,1,B1,1100000,2019-11-27,brooklyn,1680 81ST STREET NYC
4,FAR ROCKAWAY,02 TWO FAMILY DWELLINGS,1,15741,50,B2,31-09 BESSEMUND AVE,11691.0,2.0,0.0,2.0,4457.0,3480.0,1965.0,1,B2,565000,2019-02-25,queens,31-09 BESSEMUND AVE NYC
4,QUEENS VILLAGE,01 ONE FAMILY DWELLINGS,1,10615,10,A1,93-22 214TH PLACE,11428.0,1.0,0.0,1.0,2750.0,1216.0,1920.0,1,A1,625000,2019-08-13,queens,93-22 214TH PLACE NYC
3,BOROUGH PARK,01 ONE FAMILY DWELLINGS,1,5475,19,A9,1930 52ND STREET,11204.0,1.0,0.0,1.0,1828.0,1568.0,1925.0,1,A9,1045000,2019-09-10,brooklyn,1930 52ND STREET NYC
3,DYKER HEIGHTS,01 ONE FAMILY DWELLINGS,1,6243,33,A5,1264 77TH STREET,11228.0,1.0,0.0,1.0,2000.0,1536.0,1920.0,1,A5,1165000,2019-02-07,brooklyn,1264 77TH STREET NYC
2,MORRISANIA/LONGWOOD,03 THREE FAMILY DWELLINGS,1,2708,15,C0,719 BECK STREET,10455.0,3.0,0.0,3.0,2500.0,3492.0,1901.0,1,C0,1150000,2019-10-11,bronx,719 BECK STREET NYC
4,OZONE PARK,01 ONE FAMILY DWELLINGS,1,9152,24,A1,107-38 90 STREET,11417.0,1.0,0.0,1.0,2002.0,960.0,1925.0,1,A1,495000,2019-05-23,queens,107-38 90 STREET NYC
4,HOLLISWOOD,01 ONE FAMILY DWELLINGS,1,7271,54,A1,81-15 189TH STREET,11423.0,1.0,0.0,1.0,4000.0,1680.0,1940.0,1,A1,990000,2019-01-28,queens,81-15 189TH STREET NYC
4,BAYSIDE,01 ONE FAMILY DWELLINGS,1,7466,27,A1,58-44 BELL BOULEVARD,11364.0,1.0,0.0,1.0,3990.0,2354.0,1937.0,1,A1,1240000,2019-08-27,queens,58-44 BELL BOULEVARD NYC
4,ARVERNE,01 ONE FAMILY DWELLINGS,1,16027,48,A2,66-12 ALMEDA AVE,11692.0,1.0,0.0,1.0,2500.0,1407.0,1960.0,1,A2,370800,2019-03-15,queens,66-12 ALMEDA AVE NYC
3,BERGEN BEACH,01 ONE FAMILY DWELLINGS,1,8458,44,A9,2430 EAST 72ND STREET,11234.0,1.0,0.0,1.0,2567.0,1517.0,1975.0,1,A9,707000,2019-12-05,brooklyn,2430 EAST 72ND STREET NYC
4,GLENDALE,02 TWO FAMILY DWELLINGS,1,3644,46,B3,70-11 65TH STREET,11385.0,2.0,0.0,2.0,2000.0,1104.0,1925.0,1,B3,525000,2019-05-02,queens,70-11 65TH STREET NYC
4,ST. ALBANS,01 ONE FAMILY DWELLINGS,1,10992,36,A1,113-37 197TH STREET,11412.0,1.0,0.0,1.0,3000.0,1672.0,1930.0,1,A1,639000,2019-02-28,queens,113-37 197TH STREET NYC
4,ELMHURST,02 TWO FAMILY DWELLINGS,1,2891,35,B2,84-25 52ND AVENUE,11373.0,2.0,0.0,2.0,2209.0,2048.0,1910.0,1,B2,1100000,2019-11-14,queens,84-25 52ND AVENUE NYC
3,EAST NEW YORK,01 ONE FAMILY DWELLINGS,1,4164,36,S1,370 CRESCENT STREET,11208.0,1.0,1.0,2.0,2500.0,2000.0,1930.0,1,S1,710000,2019-11-07,brooklyn,370 CRESCENT STREET NYC
4,OZONE PARK,01 ONE FAMILY DWELLINGS,1,11344,12,A5,132-12 82ND STREET,11417.0,1.0,0.0,1.0,2193.0,1280.0,1940.0,1,A5,539000,2019-07-15,queens,132-12 82ND STREET NYC
3,CYPRESS HILLS,01 ONE FAMILY DWELLINGS,1,4121,73,A9,113 LINCOLN AVENUE,11208.0,1.0,0.0,1.0,1700.0,1132.0,1910.0,1,A9,385000,2019-09-12,brooklyn,113 LINCOLN AVENUE NYC
3,BOROUGH PARK,02 TWO FAMILY DWELLINGS,1,5643,64,B1,1433 50TH STREET,11219.0,2.0,0.0,2.0,2003.0,3520.0,1970.0,1,B1,1425000,2019-05-29,brooklyn,1433 50TH STREET NYC
4,WOODHAVEN,01 ONE FAMILY DWELLINGS,1,8947,17,A9,92-16 77TH STREET,11421.0,1.0,0.0,1.0,1600.0,1140.0,1920.0,1,A9,346500,2019-09-27,queens,92-16 77TH STREET NYC
3,SHEEPSHEAD BAY,01 ONE FAMILY DWELLINGS,1,8815,78,A2,3082 EMMONS AVENUE,11235.0,1.0,0.0,1.0,836.0,558.0,1925.0,1,A2,398000,2019-07-08,brooklyn,3082 EMMONS AVENUE NYC
4,ST. ALBANS,01 ONE FAMILY DWELLINGS,1,11034,30,A1,194-52 115TH AVENUE,11412.0,1.0,0.0,1.0,2375.0,1344.0,1920.0,1,A1,476053,2019-04-22,queens,194-52 115TH AVENUE NYC
3,FLATBUSH-NORTH,01 ONE FAMILY DWELLINGS,1,4665,5,A1,978 LENOX ROAD,11212.0,1.0,0.0,1.0,2000.0,1568.0,1920.0,1,A1,617576,2019-12-23,brooklyn,978 LENOX ROAD NYC
4,ROCKAWAY PARK,03 THREE FAMILY DWELLINGS,1,16157,97,C0,101-06 ROCKAWAY BEACH BLVD,11694.0,3.0,0.0,3.0,1606.0,2940.0,2006.0,1,C0,800000,2019-10-17,queens,101-06 ROCKAWAY BEACH BLVD NYC
4,KEW GARDENS,02 TWO FAMILY DWELLINGS,1,9249,15,B3,84-08 129TH STREET,11415.0,2.0,0.0,2.0,2500.0,928.0,1915.0,1,B3,525000,2019-03-18,queens,84-08 129TH STREET NYC
3,BAY RIDGE,01 ONE FAMILY DWELLINGS,1,6041,46,A1,73 87TH STREET,11209.0,1.0,0.0,1.0,3150.0,1564.0,1925.0,1,A1,999999,2019-12-30,brooklyn,73 87TH STREET NYC
5,ROSSVILLE,02 TWO FAMILY DWELLINGS,1,7048,67,B2,100 LUCILLE AVENUE,10309.0,2.0,0.0,2.0,4170.0,2600.0,1983.0,1,B2,812500,2019-03-04,statenisland,100 LUCILLE AVENUE NYC
4,WOODHAVEN,01 ONE FAMILY DWELLINGS,1,8973,42,A1,89-29A 91ST STREET,11421.0,1.0,0.0,1.0,2000.0,1505.0,1920.0,1,A1,383500,2019-09-25,queens,89-29A 91ST STREET NYC
4,OZONE PARK,02 TWO FAMILY DWELLINGS,1,9046,18,B2,97-30 75TH STREET,11416.0,2.0,0.0,2.0,1340.0,1248.0,1930.0,1,B2,575000,2019-07-12,queens,97-30 75TH STREET NYC
4,MIDDLE VILLAGE,01 ONE FAMILY DWELLINGS,1,2843,85,A5,60-15 72ND STREET,11378.0,1.0,0.0,1.0,1800.0,1998.0,1955.0,1,A5,670000,2019-10-03,queens,60-15 72ND STREET NYC
2,MORRISANIA/LONGWOOD,01 ONE FAMILY DWELLINGS,1,2961,2,A1,795 EAST 169 STREET,10456.0,1.0,0.0,1.0,1170.0,2208.0,1901.0,1,A1,515000,2019-05-07,bronx,795 EAST 169 STREET NYC
4,HOWARD BEACH,01 ONE FAMILY DWELLINGS,1,14084,44,A1,164-35 90TH STREET,11414.0,1.0,0.0,1.0,4000.0,2350.0,1950.0,1,A1,777500,2019-03-11,queens,164-35 90TH STREET NYC
4,ELMHURST,01 ONE FAMILY DWELLINGS,1,2462,3,A5,51-49 70TH STREET,11377.0,1.0,0.0,1.0,1825.0,1224.0,1945.0,1,A5,815000,2019-09-06,queens,51-49 70TH STREET NYC
4,BAYSIDE,03 THREE FAMILY DWELLINGS,1,7309,41,C0,209-41 45TH ROAD,11361.0,3.0,0.0,3.0,3750.0,3277.0,2017.0,1,C0,1629200,2019-04-29,queens,209-41 45TH ROAD NYC
2,WAKEFIELD,02 TWO FAMILY DWELLINGS,1,5056,22,B2,4346 EDSON AVENUE,10466.0,2.0,0.0,2.0,2317.0,1908.0,1925.0,1,B2,615000,2019-11-06,bronx,4346 EDSON AVENUE NYC
5,NEW DORP,02 TWO FAMILY DWELLINGS,1,4192,7,B3,131 3 STREET,10314.0,2.0,0.0,2.0,4135.0,2000.0,1930.0,1,B3,976388,2019-07-11,statenisland,131 3 STREET NYC
2,BELMONT,02 TWO FAMILY DWELLINGS,1,3087,6,B2,2314 HUGHES AVENUE,10458.0,2.0,0.0,2.0,2500.0,2148.0,1905.0,1,B2,515642,2019-06-27,bronx,2314 HUGHES AVENUE NYC
4,LONG ISLAND CITY,03 THREE FAMILY DWELLINGS,1,342,63,C0,36-36 30TH STREET,11106.0,3.0,0.0,3.0,2142.0,2750.0,1970.0,1,C0,680000,2019-06-04,queens,36-36 30TH STREET NYC
2,BAYCHESTER,02 TWO FAMILY DWELLINGS,1,4962,35,B3,2182 STRANG AVENUE,10466.0,2.0,0.0,2.0,3000.0,1181.0,1925.0,1,B3,358000,2019-03-18,bronx,2182 STRANG AVENUE NYC
3,MARINE PARK,01 ONE FAMILY DWELLINGS,1,8472,39,A5,3026 AVENUE R,11229.0,1.0,0.0,1.0,2050.0,1700.0,1935.0,1,A5,805000,2019-08-22,brooklyn,3026 AVENUE R NYC
5,SOUTH BEACH,01 ONE FAMILY DWELLINGS,1,3370,15,A2,415 ATLANTIC AVENUE,10305.0,1.0,0.0,1.0,4400.0,1080.0,1960.0,1,A2,638000,2019-09-24,statenisland,415 ATLANTIC AVENUE NYC
5,SOUTH BEACH,01 ONE FAMILY DWELLINGS,1,3246,20,A9,135 LAMPORT BOULEVARD,10305.0,1.0,0.0,1.0,2058.0,1230.0,1960.0,1,A9,380000,2019-02-04,statenisland,135 LAMPORT BOULEVARD NYC
4,FLUSHING-NORTH,01 ONE FAMILY DWELLINGS,1,5752,52,A0,166-59 21ST AVE,11357.0,1.0,0.0,1.0,4200.0,1235.0,1945.0,1,A0,950000,2019-07-26,queens,166-59 21ST AVE NYC
4,OZONE PARK,03 THREE FAMILY DWELLINGS,1,9111,9,C0,103-10 92ND STREET,11417.0,3.0,0.0,3.0,2288.0,3391.0,1987.0,1,C0,800000,2019-01-15,queens,103-10 92ND STREET NYC
3,BAY RIDGE,02 TWO FAMILY DWELLINGS,1,5969,24,B1,340 78TH STREET,11209.0,2.0,0.0,2.0,2187.0,3210.0,1920.0,1,B1,990000,2019-08-08,brooklyn,340 78TH STREET NYC
4,RICHMOND HILL,02 TWO FAMILY DWELLINGS,1,9300,59,B3,87-43 110TH STREET,11418.0,2.0,0.0,2.0,2500.0,1275.0,1920.0,1,B3,550000,2019-06-07,queens,87-43 110TH STREET NYC
2,CASTLE HILL/UNIONPORT,02 TWO FAMILY DWELLINGS,1,3688,55,B3,2171 QUIMBY AVE,10473.0,2.0,0.0,2.0,2575.0,1690.0,1915.0,1,B3,469000,2019-03-12,bronx,2171 QUIMBY AVE NYC
4,SO. JAMAICA-BAISLEY PARK,01 ONE FAMILY DWELLINGS,1,12202,34,A1,150-66 116TH ROAD,11434.0,1.0,0.0,1.0,2000.0,896.0,1925.0,1,A1,446000,2019-01-17,queens,150-66 116TH ROAD NYC
5,WESTERLEIGH,01 ONE FAMILY DWELLINGS,1,1435,121,A5,95 GALLOWAY AVENUE,10302.0,1.0,0.0,1.0,1728.0,1620.0,1996.0,1,A5,530000,2019-06-12,statenisland,95 GALLOWAY AVENUE NYC
4,OZONE PARK,02 TWO FAMILY DWELLINGS,1,9148,36,B2,87-19 SUTTER AVENUE,11417.0,2.0,0.0,2.0,1487.0,1840.0,1950.0,1,B2,775000,2019-07-26,queens,87-19 SUTTER AVENUE NYC
3,BUSHWICK,02 TWO FAMILY DWELLINGS,1,3275,62,B3,107 HARMAN STREET,11221.0,2.0,0.0,2.0,2000.0,2880.0,1920.0,1,B3,934500,2019-10-23,brooklyn,107 HARMAN STREET NYC
3,CARROLL GARDENS,03 THREE FAMILY DWELLINGS,1,478,18,C0,194 W 9TH STREET,11231.0,3.0,0.0,3.0,1875.0,2160.0,1901.0,1,C0,1100000,2019-03-11,brooklyn,194 W 9TH STREET NYC
4,CAMBRIA HEIGHTS,01 ONE FAMILY DWELLINGS,1,11288,56,A2,115-44 225TH STREET,11411.0,1.0,0.0,1.0,4000.0,1246.0,1950.0,1,A2,550000,2019-02-28,queens,115-44 225TH STREET NYC
3,BEDFORD STUYVESANT,21 OFFICE BUILDINGS,4,1676,43,O8,304A MALCOLM X BOULEVARD,11233.0,1.0,2.0,3.0,1376.0,2640.0,1927.0,4,O8,1700000,2019-07-31,brooklyn,304A MALCOLM X BOULEVARD NYC
3,BENSONHURST,02 TWO FAMILY DWELLINGS,1,6205,81,B3,1823 74TH STREET,11204.0,2.0,0.0,2.0,2400.0,1578.0,1910.0,1,B3,990000,2019-04-05,brooklyn,1823 74TH STREET NYC
3,BUSHWICK,02 TWO FAMILY DWELLINGS,1,3423,67,B2,171 SCHAEFER STREET,11207.0,2.0,0.0,2.0,2000.0,2700.0,1925.0,1,B2,700000,2019-04-26,brooklyn,171 SCHAEFER STREET NYC
4,QUEENS VILLAGE,01 ONE FAMILY DWELLINGS,1,10629,17,A1,92-15 VANDERVEER STREET,11428.0,1.0,0.0,1.0,2500.0,1312.0,1930.0,1,A1,615000,2019-01-16,queens,92-15 VANDERVEER STREET NYC
3,CANARSIE,01 ONE FAMILY DWELLINGS,1,7908,78,A5,273 DORSET STREET,11236.0,1.0,0.0,1.0,1530.0,1020.0,1945.0,1,A5,500000,2019-02-04,brooklyn,273 DORSET STREET NYC
4,RICHMOND HILL,02 TWO FAMILY DWELLINGS,1,9327,93,B2,87-25 117TH STREET,11418.0,2.0,0.0,2.0,3680.0,2585.0,1901.0,1,B2,947700,2019-08-01,queens,87-25 117TH STREET NYC
5,WESTERLEIGH,01 ONE FAMILY DWELLINGS,1,1501,139,A2,50 HAWTHORNE AVENUE,10314.0,1.0,0.0,1.0,4600.0,988.0,1960.0,1,A2,599000,2019-06-27,statenisland,50 HAWTHORNE AVENUE NYC
5,GREAT KILLS,01 ONE FAMILY DWELLINGS,1,5110,24,A5,122 MAYBURY AVENUE,10308.0,1.0,0.0,1.0,2300.0,1176.0,1965.0,1,A5,550000,2019-09-13,statenisland,122 MAYBURY AVENUE NYC
4,BAYSIDE,01 ONE FAMILY DWELLINGS,1,6074,17,A5,33-18 JORDAN STREET,11358.0,1.0,0.0,1.0,2394.0,1080.0,1930.0,1,A5,635000,2019-12-18,queens,33-18 JORDAN STREET NYC
2,KINGSBRIDGE HTS/UNIV HTS,03 THREE FAMILY DWELLINGS,1,3195,74,C0,5 CLINTON PLACE,10453.0,3.0,0.0,3.0,2165.0,2068.0,2007.0,1,C0,730000,2019-06-12,bronx,5 CLINTON PLACE NYC
5,MIDLAND BEACH,02 TWO FAMILY DWELLINGS,1,3766,20,B2,70 FREEBORN STREET,10305.0,2.0,0.0,2.0,4000.0,3900.0,2010.0,1,B2,700000,2019-11-20,statenisland,70 FREEBORN STREET NYC
4,CORONA,02 TWO FAMILY DWELLINGS,1,1966,16,B2,57-28 VAN DOREN STREET,11368.0,2.0,0.0,2.0,2500.0,1792.0,1940.0,1,B2,980000,2019-06-26,queens,57-28 VAN DOREN STREET NYC
4,CORONA,02 TWO FAMILY DWELLINGS,1,1942,95,B2,10319 52ND AVENUE,11368.0,2.0,0.0,2.0,2500.0,1368.0,1930.0,1,B2,940000,2019-05-09,queens,10319 52ND AVENUE NYC
4,RIDGEWOOD,02 TWO FAMILY DWELLINGS,1,3617,42,B1,64-43 WOODBINE STREET,11385.0,2.0,0.0,2.0,2500.0,3300.0,1930.0,1,B1,1150000,2019-04-11,queens,64-43 WOODBINE STREET NYC
5,SILVER LAKE,01 ONE FAMILY DWELLINGS,1,250,25,A1,32 UNIVERSITY PLACE,10301.0,1.0,0.0,1.0,2500.0,1192.0,1935.0,1,A1,320000,2019-08-15,statenisland,32 UNIVERSITY PLACE NYC
4,FLUSHING-NORTH,01 ONE FAMILY DWELLINGS,1,5258,3,A1,189-06 33RD AVENUE,11358.0,1.0,0.0,1.0,3744.0,1914.0,1940.0,1,A1,999000,2019-02-28,queens,189-06 33RD AVENUE NYC
4,BAYSIDE,01 ONE FAMILY DWELLINGS,1,7449,35,A2,56-53 220TH STREET,11364.0,1.0,0.0,1.0,4000.0,1079.0,1950.0,1,A2,880000,2019-08-12,queens,56-53 220TH STREET NYC
4,OZONE PARK,02 TWO FAMILY DWELLINGS,1,9084,32,B2,101-12 86 STREET,11416.0,2.0,0.0,2.0,1250.0,1538.0,1910.0,1,B2,720000,2019-10-24,queens,101-12 86 STREET NYC
4,SO. JAMAICA-BAISLEY PARK,01 ONE FAMILY DWELLINGS,1,12219,4,B3,152-08 123RD AVENUE,11434.0,2.0,0.0,2.0,4000.0,2258.0,1930.0,1,A2,873000,2019-10-30,queens,152-08 123RD AVENUE NYC
3,BENSONHURST,02 TWO FAMILY DWELLINGS,1,6323,27,B2,1460 84TH STREET,11228.0,2.0,0.0,2.0,2383.0,1960.0,1930.0,1,B2,1200000,2019-09-18,brooklyn,1460 84TH STREET NYC
4,ASTORIA,02 TWO FAMILY DWELLINGS,1,835,11,B1,23-71 31ST STREET,11105.0,2.0,0.0,2.0,2250.0,1512.0,1901.0,1,B1,1600000,2019-04-01,queens,23-71 31ST STREET NYC
4,ST. ALBANS,01 ONE FAMILY DWELLINGS,1,12462,28,A1,178-30 BAISLEY BOULEVARD,11434.0,1.0,0.0,1.0,3810.0,1552.0,1925.0,1,A1,560000,2019-11-14,queens,178-30 BAISLEY BOULEVARD NYC
5,ROSSVILLE-CHARLESTON,02 TWO FAMILY DWELLINGS,1,7356,140,B9,110 HERRICK AVENUE,10309.0,2.0,0.0,2.0,1509.0,1492.0,2001.0,1,B9,557000,2019-07-31,statenisland,110 HERRICK AVENUE NYC
4,CORONA,02 TWO FAMILY DWELLINGS,1,1754,108,B1,34-13 110TH STREET,11368.0,2.0,0.0,2.0,2000.0,2176.0,1920.0,1,B1,1180000,2019-05-02,queens,34-13 110TH STREET NYC
4,QUEENS VILLAGE,02 TWO FAMILY DWELLINGS,1,11145,42,B3,216-35 111TH AVENUE,11429.0,2.0,0.0,2.0,2500.0,1552.0,1920.0,1,B3,585000,2019-08-28,queens,216-35 111TH AVENUE NYC
4,GLENDALE,02 TWO FAMILY DWELLINGS,1,3818,41,B1,79-71 78TH AVENUE,11385.0,2.0,0.0,2.0,2000.0,2120.0,1910.0,1,B1,600000,2019-01-03,queens,79-71 78TH AVENUE NYC
4,BEECHHURST,02 TWO FAMILY DWELLINGS,1,4543,17,B1,154-54 RIVERSIDE DRIVE,11357.0,2.0,0.0,2.0,4500.0,2800.0,2001.0,1,B1,1450000,2019-07-25,queens,154-54 RIVERSIDE DRIVE NYC
4,ST. ALBANS,01 ONE FAMILY DWELLINGS,1,11074,67,A1,116-22 203RD STREET,11412.0,1.0,0.0,1.0,3000.0,1265.0,1920.0,1,A1,575000,2019-05-28,queens,116-22 203RD STREET NYC
3,CROWN HEIGHTS,03 THREE FAMILY DWELLINGS,1,1222,48,C0,901 ST MARKS AVE,11213.0,3.0,0.0,3.0,2346.0,3672.0,1905.0,1,C0,1850000,2019-03-14,brooklyn,901 ST MARKS AVE NYC
3,BEDFORD STUYVESANT,03 THREE FAMILY DWELLINGS,1,1864,70,C0,373 HERKIMER STREET,11213.0,3.0,0.0,3.0,1800.0,3024.0,1901.0,1,C0,1181000,2019-05-20,brooklyn,373 HERKIMER STREET NYC
2,PARKCHESTER,03 THREE FAMILY DWELLINGS,1,3900,22,C0,1442 TAYLOR AVENUE,10460.0,3.0,0.0,3.0,2375.0,3200.0,1930.0,1,C0,310913,2019-07-26,bronx,1442 TAYLOR AVENUE NYC
4,FLUSHING-NORTH,02 TWO FAMILY DWELLINGS,1,5177,41,B9,54-21 151ST STREET,11355.0,2.0,0.0,2.0,1975.0,1429.0,1955.0,1,B9,950000,2019-02-11,queens,54-21 151ST STREET NYC
3,FLATBUSH-CENTRAL,01 ONE FAMILY DWELLINGS,1,5230,66,A1,515 EAST 28TH STREET,11210.0,1.0,0.0,1.0,2700.0,1600.0,1915.0,1,A1,650000,2019-07-15,brooklyn,515 EAST 28TH STREET NYC
3,FLATBUSH-EAST,02 TWO FAMILY DWELLINGS,1,7749,56,B3,1192 EAST 46TH STREET,11234.0,2.0,0.0,2.0,2000.0,1196.0,1925.0,1,B3,368829,2019-04-23,brooklyn,1192 EAST 46TH STREET NYC
3,CROWN HEIGHTS,01 ONE FAMILY DWELLINGS,1,1275,15,A4,1164 UNION STREET,11225.0,1.0,0.0,1.0,2512.0,2937.0,1915.0,1,A4,1385000,2019-03-11,brooklyn,1164 UNION STREET NYC
4,CAMBRIA HEIGHTS,02 TWO FAMILY DWELLINGS,1,12759,12,B3,118-16 223RD STREET,11411.0,2.0,0.0,2.0,4000.0,1281.0,1945.0,1,B3,575000,2019-06-03,queens,118-16 223RD STREET NYC
3,GRAVESEND,02 TWO FAMILY DWELLINGS,1,6915,87,B1,141 BAY 47TH STREET,11214.0,2.0,0.0,2.0,1933.0,1520.0,1945.0,1,B1,1100000,2019-03-19,brooklyn,141 BAY 47TH STREET NYC
4,RICHMOND HILL,02 TWO FAMILY DWELLINGS,1,9304,135,B3,87-64 115TH STREET,11418.0,2.0,0.0,2.0,1600.0,1472.0,1920.0,1,B3,662000,2019-10-15,queens,87-64 115TH STREET NYC
4,ROCKAWAY PARK,03 THREE FAMILY DWELLINGS,1,16156,84,C0,227 BEACH 100,11694.0,3.0,0.0,3.0,3190.0,3552.0,2005.0,1,C0,700000,2019-07-15,queens,227 BEACH 100 NYC
5,ARDEN HEIGHTS,01 ONE FAMILY DWELLINGS,1,6023,142,A1,270 GREEN VALLEY ROAD,10312.0,1.0,0.0,1.0,3420.0,1700.0,1980.0,1,A1,575000,2019-11-05,statenisland,270 GREEN VALLEY ROAD NYC
5,SOUTH BEACH,01 ONE FAMILY DWELLINGS,1,3353,41,A9,57 RUTH PLACE,10305.0,1.0,0.0,1.0,3125.0,1394.0,1985.0,1,A9,509000,2019-04-26,statenisland,57 RUTH PLACE NYC
5,PLEASANT PLAINS,01 ONE FAMILY DWELLINGS,1,6796,10,A5,139B SHARROTT AVENUE,10309.0,1.0,0.0,1.0,2760.0,1400.0,2002.0,1,A5,615000,2019-06-27,statenisland,139B SHARROTT AVENUE NYC
3,CANARSIE,02 TWO FAMILY DWELLINGS,1,8303,9,B1,10001 SEAVIEW AVENUE,11236.0,2.0,0.0,2.0,3025.0,1560.0,1960.0,1,B1,305000,2019-12-12,brooklyn,10001 SEAVIEW AVENUE NYC
4,RIDGEWOOD,03 THREE FAMILY DWELLINGS,1,3612,36,C0,61-60 GATES AVENUE,11385.0,3.0,0.0,3.0,2000.0,3972.0,1920.0,1,C0,1250000,2019-06-05,queens,61-60 GATES AVENUE NYC
4,MIDDLE VILLAGE,02 TWO FAMILY DWELLINGS,1,2979,147,B1,63-26 71 STREET,11379.0,2.0,0.0,2.0,2060.0,1672.0,1950.0,1,B1,855000,2019-01-24,queens,63-26 71 STREET NYC
5,MARINERS HARBOR,02 TWO FAMILY DWELLINGS,1,1238,6,B2,59 MERSEREAU AVENUE,10303.0,2.0,0.0,2.0,4500.0,2240.0,1910.0,1,B2,660000,2019-09-03,statenisland,59 MERSEREAU AVENUE NYC
3,FLATBUSH-EAST,01 ONE FAMILY DWELLINGS,1,4758,39,A1,4711 CLARENDON ROAD,11203.0,1.0,0.0,1.0,2100.0,1430.0,1925.0,1,A1,420000,2019-08-14,brooklyn,4711 CLARENDON ROAD NYC
4,OZONE PARK,01 ONE FAMILY DWELLINGS,1,11345,12,A5,132-10 83RD STREET,11417.0,1.0,0.0,1.0,2000.0,1216.0,1935.0,1,A5,641000,2019-01-17,queens,132-10 83RD STREET NYC
5,ROSEBANK,01 ONE FAMILY DWELLINGS,1,2984,13,A5,456 CLIFTON AVENUE,10305.0,1.0,0.0,1.0,2592.0,880.0,1985.0,1,A5,450000,2019-11-21,statenisland,456 CLIFTON AVENUE NYC
4,BAYSIDE,37 RELIGIOUS FACILITIES,4,5544,11,M9,202-12 45TH AVENUE,11361.0,0.0,1.0,1.0,2000.0,1200.0,1970.0,4,M9,648000,2019-05-29,queens,202-12 45TH AVENUE NYC
3,FLATBUSH-EAST,03 THREE FAMILY DWELLINGS,1,4682,22,C0,116 EAST 57TH STREET,11203.0,3.0,0.0,3.0,3000.0,3220.0,1930.0,1,C0,750000,2019-03-20,brooklyn,116 EAST 57TH STREET NYC
3,CLINTON HILL,03 THREE FAMILY DWELLINGS,1,1890,73,C0,120A HALL STREET,11205.0,3.0,0.0,3.0,1600.0,2240.0,1901.0,1,C0,1250000,2019-10-30,brooklyn,120A HALL STREET NYC
2,WILLIAMSBRIDGE,02 TWO FAMILY DWELLINGS,1,4843,67,B2,740 EAST 230 STREET,10466.0,2.0,0.0,2.0,2860.0,1986.0,1925.0,1,B2,482475,2019-06-24,bronx,740 EAST 230 STREET NYC
3,BENSONHURST,07 RENTALS - WALKUP APARTMENTS,2A,5776,58,C3,1437 BAY RIDGE AVENUE,11219.0,4.0,0.0,4.0,1800.0,3160.0,1920.0,2,C3,1300000,2019-11-12,brooklyn,1437 BAY RIDGE AVENUE NYC
5,BULLS HEAD,02 TWO FAMILY DWELLINGS,1,1602,32,B2,135 ELSON STREET,10314.0,2.0,0.0,2.0,1310.0,1884.0,2015.0,1,B2,665000,2019-08-06,statenisland,135 ELSON STREET NYC
4,SO. JAMAICA-BAISLEY PARK,02 TWO FAMILY DWELLINGS,1,12244,1,B3,161-05 119TH AVENUE,11434.0,2.0,0.0,2.0,4000.0,1900.0,1960.0,1,B3,800000,2019-04-15,queens,161-05 119TH AVENUE NYC
4,WOODSIDE,01 ONE FAMILY DWELLINGS,1,1225,39,A1,54-14 39TH AVENUE,11377.0,1.0,0.0,1.0,2500.0,1384.0,1925.0,1,A1,995000,2019-07-15,queens,54-14 39TH AVENUE NYC
4,GLENDALE,01 ONE FAMILY DWELLINGS,1,3711,78,A1,72-34 INDIANA AVENUE,11385.0,1.0,0.0,1.0,2107.0,1550.0,1920.0,1,A1,715000,2019-02-08,queens,72-34 INDIANA AVENUE NYC
3,GRAVESEND,02 TWO FAMILY DWELLINGS,1,6876,69,B1,142 BAY 37TH STREET,11214.0,2.0,0.0,2.0,2368.0,1564.0,1925.0,1,B1,995000,2019-09-03,brooklyn,142 BAY 37TH STREET NYC
2,BAYCHESTER,02 TWO FAMILY DWELLINGS,1,4784,45,B9,2924 MICKLE AVENUE,10469.0,2.0,0.0,2.0,3167.0,2887.0,1955.0,1,B9,450000,2019-09-25,bronx,2924 MICKLE AVENUE NYC
2,COUNTRY CLUB,01 ONE FAMILY DWELLINGS,1,5480,14,A5,753 CLARENCE AVENUE,10465.0,1.0,0.0,1.0,1767.0,1446.0,1950.0,1,A5,525000,2019-03-28,bronx,753 CLARENCE AVENUE NYC
4,WOODHAVEN,37 RELIGIOUS FACILITIES,4,8947,1,M9,76-02 ROCKAWAY BOULEVARD,11421.0,1.0,1.0,2.0,1886.0,2920.0,1930.0,4,M9,1500000,2019-02-14,queens,76-02 ROCKAWAY BOULEVARD NYC
4,OAKLAND GARDENS,01 ONE FAMILY DWELLINGS,1,7667,14,A2,64-18 233RD STREET,11364.0,1.0,0.0,1.0,4000.0,1114.0,1955.0,1,A2,928000,2019-07-11,queens,64-18 233RD STREET NYC
5,NEW DORP,02 TWO FAMILY DWELLINGS,1,4218,43,B2,110 9TH STREET,10306.0,2.0,0.0,2.0,3700.0,1900.0,2005.0,1,B2,950000,2019-02-20,statenisland,110 9TH STREET NYC
5,MIDLAND BEACH,01 ONE FAMILY DWELLINGS,1,3712,116,A9,490 NAUGHTON AVENUE,10305.0,1.0,0.0,1.0,2800.0,1280.0,1975.0,1,A9,406614,2019-04-29,statenisland,490 NAUGHTON AVENUE NYC
3,FLATBUSH-EAST,01 ONE FAMILY DWELLINGS,1,7768,40,A1,4202 AVENUE I,11210.0,1.0,0.0,1.0,1950.0,1274.0,1920.0,1,A1,665000,2019-05-09,brooklyn,4202 AVENUE I NYC
5,GREAT KILLS,01 ONE FAMILY DWELLINGS,1,5311,63,A5,41 WALNUT AVENUE,10308.0,1.0,0.0,1.0,3325.0,1298.0,1975.0,1,A5,475000,2019-07-08,statenisland,41 WALNUT AVENUE NYC
4,SOUTH OZONE PARK,02 TWO FAMILY DWELLINGS,1,11659,78,B3,114-11 133RD STREET,11420.0,2.0,0.0,2.0,3575.0,1600.0,1940.0,1,B3,525000,2019-04-18,queens,114-11 133RD STREET NYC
4,ASTORIA,03 THREE FAMILY DWELLINGS,1,597,85,C0,26-33 29TH STREET,11102.0,3.0,0.0,3.0,1575.0,2750.0,1960.0,1,C0,1550000,2019-10-30,queens,26-33 29TH STREET NYC
4,RICHMOND HILL,01 ONE FAMILY DWELLINGS,1,9410,28,S1,108-19 101ST AVENUE,11419.0,1.0,1.0,2.0,2000.0,2200.0,1920.0,1,S1,825000,2019-03-14,queens,108-19 101ST AVENUE NYC
4,RICHMOND HILL,02 TWO FAMILY DWELLINGS,1,9478,6,B2,132-14 95TH AVENUE,11419.0,2.0,0.0,2.0,2521.0,2064.0,1915.0,1,B2,905000,2019-04-29,queens,132-14 95TH AVENUE NYC
4,FLUSHING-NORTH,01 ONE FAMILY DWELLINGS,1,4714,49,A2,151-67 25TH AVENUE,11357.0,1.0,0.0,1.0,4000.0,1144.0,1955.0,1,A2,970000,2019-02-08,queens,151-67 25TH AVENUE NYC
5,PORT RICHMOND,02 TWO FAMILY DWELLINGS,1,1044,30,B2,459 HEBERTON AVENUE,10302.0,2.0,0.0,2.0,2700.0,1752.0,1925.0,1,B2,510000,2019-11-20,statenisland,459 HEBERTON AVENUE NYC
4,SPRINGFIELD GARDENS,02 TWO FAMILY DWELLINGS,1,13080,39,B2,143-24 185TH STREET,11413.0,2.0,0.0,2.0,4000.0,1521.0,1950.0,1,B2,514216,2019-07-26,queens,143-24 185TH STREET NYC
4,FLUSHING-NORTH,01 ONE FAMILY DWELLINGS,1,5267,21,A1,40-16 154 STREET,11354.0,1.0,0.0,1.0,3810.0,1800.0,1925.0,1,A1,960000,2019-06-18,queens,40-16 154 STREET NYC
3,BAY RIDGE,02 TWO FAMILY DWELLINGS,1,5932,117,B1,618 74TH STREET,11209.0,2.0,0.0,2.0,2367.0,2640.0,1925.0,1,B1,1225000,2019-12-17,brooklyn,618 74TH STREET NYC
4,FLUSHING-NORTH,02 TWO FAMILY DWELLINGS,1,5441,26,B1,45-29 162ND STREET,11358.0,2.0,0.0,2.0,2000.0,2200.0,1920.0,1,B1,1200000,2019-04-29,queens,45-29 162ND STREET NYC
4,SOUTH JAMAICA,02 TWO FAMILY DWELLINGS,1,10161,46,B2,106-49 GUY R BREWER BLVD,11433.0,2.0,0.0,2.0,4000.0,1654.0,1920.0,1,B2,765000,2019-01-25,queens,106-49 GUY R BREWER BLVD NYC
4,OZONE PARK,03 THREE FAMILY DWELLINGS,1,9086,42,C0,84-01 LIBERTY AVENUE,11417.0,3.0,0.0,3.0,2709.0,3300.0,2005.0,1,C0,1121748,2019-12-27,queens,84-01 LIBERTY AVENUE NYC
4,CORONA,02 TWO FAMILY DWELLINGS,1,1881,51,B3,47-17 98TH STREET,11368.0,2.0,0.0,2.0,1900.0,1952.0,1925.0,1,B3,567000,2019-02-15,queens,47-17 98TH STREET NYC
4,SOUTH JAMAICA,02 TWO FAMILY DWELLINGS,1,10071,10,B2,106-03 REMINGTON STREET,11435.0,2.0,0.0,2.0,2000.0,2450.0,2003.0,1,B2,750000,2019-06-25,queens,106-03 REMINGTON STREET NYC
4,SO. JAMAICA-BAISLEY PARK,01 ONE FAMILY DWELLINGS,1,12027,71,A1,119-11 146TH STREET,11436.0,1.0,0.0,1.0,2000.0,896.0,1925.0,1,A1,321000,2019-03-11,queens,119-11 146TH STREET NYC
2,WESTCHESTER,03 THREE FAMILY DWELLINGS,1,3820,82,C0,2219 POWELL AVE,10462.0,3.0,0.0,3.0,2060.0,2800.0,1960.0,1,C0,675000,2019-07-11,bronx,2219 POWELL AVE NYC
2,WAKEFIELD,01 ONE FAMILY DWELLINGS,1,5068,54,A1,4437 RICHARDSON AVENUE,10470.0,1.0,0.0,1.0,2500.0,1428.0,1940.0,1,A1,490000,2019-05-13,bronx,4437 RICHARDSON AVENUE NYC
2,BELMONT,02 TWO FAMILY DWELLINGS,1,3100,40,B9,1028 GROTE STREET,10460.0,2.0,0.0,2.0,1650.0,1981.0,1901.0,1,B9,461370,2019-09-20,bronx,1028 GROTE STREET NYC
3,FLATBUSH-NORTH,02 TWO FAMILY DWELLINGS,1,4625,39,B1,51 EAST 55TH STREET,11203.0,2.0,0.0,2.0,1800.0,2016.0,1935.0,1,B1,658000,2019-10-24,brooklyn,51 EAST 55TH STREET NYC
4,QUEENS VILLAGE,01 ONE FAMILY DWELLINGS,1,11265,105,A0,114-52 222ND STREET,11411.0,1.0,0.0,1.0,4000.0,1181.0,1950.0,1,A0,467500,2019-06-20,queens,114-52 222ND STREET NYC
2,PARKCHESTER,02 TWO FAMILY DWELLINGS,1,3927,24,B1,1564 LELAND AVENUE,10460.0,2.0,0.0,2.0,3117.0,2420.0,1915.0,1,B1,750000,2019-12-26,bronx,1564 LELAND AVENUE NYC
5,ELTINGVILLE,01 ONE FAMILY DWELLINGS,1,5606,3,A1,3490 RICHMOND AVENUE,10312.0,1.0,0.0,1.0,4000.0,1864.0,1965.0,1,A1,545900,2019-06-25,statenisland,3490 RICHMOND AVENUE NYC
5,WEST NEW BRIGHTON,02 TWO FAMILY DWELLINGS,1,211,14,B9,233 TAYLOR STREET,10310.0,2.0,0.0,2.0,3645.0,1176.0,2002.0,1,B9,321195,2019-12-02,statenisland,233 TAYLOR STREET NYC
3,BUSHWICK,02 TWO FAMILY DWELLINGS,1,3332,116,B2,114 LINDEN ST,11221.0,2.0,0.0,2.0,1910.0,1960.0,1994.0,1,B2,900000,2019-08-19,brooklyn,114 LINDEN ST NYC
4,QUEENS VILLAGE,01 ONE FAMILY DWELLINGS,1,10814,37,A1,94-67 224TH STREET,11428.0,1.0,0.0,1.0,3200.0,1326.0,1920.0,1,A1,450000,2019-12-19,queens,94-67 224TH STREET NYC
3,BOROUGH PARK,02 TWO FAMILY DWELLINGS,1,5672,17,B1,826 54TH STREET,11220.0,2.0,0.0,2.0,2003.0,2176.0,1910.0,1,B1,1580000,2019-10-11,brooklyn,826 54TH STREET NYC
4,FOREST HILLS,01 ONE FAMILY DWELLINGS,1,3266,50,A1,72-35 INGRAM STREET,11375.0,1.0,0.0,1.0,4657.0,2310.0,1935.0,1,A1,1880000,2019-08-22,queens,72-35 INGRAM STREET NYC
4,SOUTH JAMAICA,01 ONE FAMILY DWELLINGS,1,11965,36,A5,111-26 SUTPHIN BOULEVARD,11435.0,1.0,0.0,1.0,3650.0,1190.0,1960.0,1,A5,450000,2019-01-04,queens,111-26 SUTPHIN BOULEVARD NYC
4,SO. JAMAICA-BAISLEY PARK,01 ONE FAMILY DWELLINGS,1,12217,11,A2,150-16 122 AVE,11434.0,1.0,0.0,1.0,4000.0,1152.0,1930.0,1,A2,400000,2019-03-27,queens,150-16 122 AVE NYC
4,FLUSHING-NORTH,03 THREE FAMILY DWELLINGS,1,4999,18,C0,149-36 34TH AVENUE,11354.0,3.0,0.0,3.0,3300.0,3139.0,1970.0,1,C0,1430000,2019-07-02,queens,149-36 34TH AVENUE NYC
4,SOUTH OZONE PARK,01 ONE FAMILY DWELLINGS,1,11625,20,A1,111-28 121ST STREET,11420.0,1.0,0.0,1.0,1867.0,1134.0,1920.0,1,A1,485000,2019-08-23,queens,111-28 121ST STREET NYC
3,DYKER HEIGHTS,02 TWO FAMILY DWELLINGS,1,6189,56,B3,1353 73RD STREET,11228.0,2.0,0.0,2.0,4000.0,2199.0,1930.0,1,B3,1350000,2019-11-18,brooklyn,1353 73RD STREET NYC
4,WOODHAVEN,02 TWO FAMILY DWELLINGS,1,8966,38,B2,90-15 84TH STREET,11421.0,2.0,0.0,2.0,2000.0,1972.0,1901.0,1,B2,430000,2019-07-08,queens,90-15 84TH STREET NYC
4,JACKSON HEIGHTS,02 TWO FAMILY DWELLINGS,1,1175,33,B1,32-56 80TH STREET,11370.0,2.0,0.0,2.0,2342.0,2128.0,1930.0,1,B1,985000,2019-03-14,queens,32-56 80TH STREET NYC
3,CANARSIE,01 ONE FAMILY DWELLINGS,1,8182,34,A5,1093 EAST 94TH STREET,11236.0,1.0,0.0,1.0,1838.0,1280.0,1965.0,1,A5,575000,2019-02-15,brooklyn,1093 EAST 94TH STREET NYC
4,GLENDALE,01 ONE FAMILY DWELLINGS,1,3845,66,A1,78-40 87TH STREET,11385.0,1.0,0.0,1.0,2500.0,1438.0,1920.0,1,A1,455000,2019-01-15,queens,78-40 87TH STREET NYC
2,BEDFORD PARK/NORWOOD,03 THREE FAMILY DWELLINGS,1,3305,51,C0,2895 VALENTINE AVENUE,10458.0,3.0,0.0,3.0,3500.0,3340.0,1930.0,1,C0,900000,2019-11-21,bronx,2895 VALENTINE AVENUE NYC
4,BELLEROSE,02 TWO FAMILY DWELLINGS,1,8621,27,B1,85-54 LITTLE NECK PARKWAY,11001.0,2.0,0.0,2.0,2142.0,1648.0,1950.0,1,B1,694000,2019-08-13,queens,85-54 LITTLE NECK PARKWAY NYC
3,FLATBUSH-EAST,02 TWO FAMILY DWELLINGS,1,4970,70,B2,1349 BROOKLYN AVENUE,11203.0,2.0,0.0,2.0,4000.0,2212.0,1920.0,1,B2,1130000,2019-06-25,brooklyn,1349 BROOKLYN AVENUE NYC
3,GRAVESEND,02 TWO FAMILY DWELLINGS,1,6668,34,B1,1864 WEST 12TH STREET,11223.0,2.0,0.0,2.0,2500.0,2200.0,1930.0,1,B1,1460000,2019-12-10,brooklyn,1864 WEST 12TH STREET NYC
3,OLD MILL BASIN,02 TWO FAMILY DWELLINGS,1,8544,35,B2,2017 EAST 53RD STREET,11234.0,2.0,0.0,2.0,3000.0,972.0,1930.0,1,B2,910000,2019-03-01,brooklyn,2017 EAST 53RD STREET NYC
4,SPRINGFIELD GARDENS,01 ONE FAMILY DWELLINGS,1,12568,13,A2,134-53 173RD STREET,11434.0,1.0,0.0,1.0,3300.0,1060.0,1920.0,1,A2,335000,2019-09-20,queens,134-53 173RD STREET NYC
3,BOROUGH PARK,07 RENTALS - WALKUP APARTMENTS,2A,5535,22,C3,2038 62ND STREET,11204.0,4.0,0.0,4.0,2000.0,3320.0,1931.0,2,C3,1440000,2019-12-16,brooklyn,2038 62ND STREET NYC
5,GREAT KILLS,01 ONE FAMILY DWELLINGS,1,5264,27,A2,318 ROBINSON AVENUE,10312.0,1.0,0.0,1.0,4750.0,952.0,1950.0,1,A2,485000,2019-05-28,statenisland,318 ROBINSON AVENUE NYC
4,OAKLAND GARDENS,01 ONE FAMILY DWELLINGS,1,7617,49,A5,64-45 BELL BOULEVARD,11364.0,1.0,0.0,1.0,2600.0,1188.0,1950.0,1,A5,735000,2019-08-06,queens,64-45 BELL BOULEVARD NYC
3,EAST NEW YORK,03 THREE FAMILY DWELLINGS,1,4178,10,C0,397 ELDERT LANE,11208.0,3.0,0.0,3.0,2410.0,2080.0,1910.0,1,C0,788000,2019-05-21,brooklyn,397 ELDERT LANE NYC
4,FLORAL PARK,01 ONE FAMILY DWELLINGS,1,8787,77,A0,84-15 257TH STREET,11001.0,1.0,0.0,1.0,4000.0,990.0,1945.0,1,A0,635000,2019-08-16,queens,84-15 257TH STREET NYC
3,BAY RIDGE,01 ONE FAMILY DWELLINGS,1,5921,115,A5,616 73RD STREET,11209.0,1.0,0.0,1.0,1317.0,938.0,1930.0,1,A5,790000,2019-09-30,brooklyn,616 73RD STREET NYC
4,SOUTH JAMAICA,01 ONE FAMILY DWELLINGS,1,10251,83,A1,10719 FERN PLACE,11433.0,1.0,0.0,1.0,2500.0,1598.0,1925.0,1,A1,625000,2019-12-23,queens,10719 FERN PLACE NYC
4,CAMBRIA HEIGHTS,01 ONE FAMILY DWELLINGS,1,12761,14,A2,118-18 225TH STREET,11411.0,1.0,0.0,1.0,4000.0,880.0,1945.0,1,A2,526500,2019-10-23,queens,118-18 225TH STREET NYC
4,SO. JAMAICA-BAISLEY PARK,01 ONE FAMILY DWELLINGS,1,12331,3,A1,167-05 115 AVENUE,11434.0,1.0,0.0,1.0,3000.0,1030.0,1925.0,1,A1,545000,2019-10-25,queens,167-05 115 AVENUE NYC
3,OLD MILL BASIN,01 ONE FAMILY DWELLINGS,1,7896,56,A1,1686 EAST 52 STREET,11234.0,1.0,0.0,1.0,3000.0,1116.0,1920.0,1,A1,527500,2019-09-03,brooklyn,1686 EAST 52 STREET NYC
5,TOTTENVILLE,01 ONE FAMILY DWELLINGS,1,8025,60,A1,5352 ARTHUR KILL ROAD,10307.0,1.0,0.0,1.0,3811.0,2022.0,1901.0,1,A1,524349,2019-02-12,statenisland,5352 ARTHUR KILL ROAD NYC
4,COLLEGE POINT,02 TWO FAMILY DWELLINGS,1,4200,35,B2,22-36 125TH STREET,11356.0,2.0,0.0,2.0,2500.0,1458.0,1910.0,1,B2,850000,2019-08-13,queens,22-36 125TH STREET NYC
5,DONGAN HILLS,02 TWO FAMILY DWELLINGS,1,3318,38,B2,172 ALTER AVENUE,10304.0,2.0,0.0,2.0,3346.0,2436.0,2005.0,1,B2,880000,2019-04-17,statenisland,172 ALTER AVENUE NYC
3,EAST NEW YORK,01 ONE FAMILY DWELLINGS,1,4055,60,A5,1097 BLAKE AVENUE,11208.0,1.0,0.0,1.0,1620.0,1134.0,1990.0,1,A5,450000,2019-01-11,brooklyn,1097 BLAKE AVENUE NYC
2,MOTT HAVEN/PORT MORRIS,01 ONE FAMILY DWELLINGS,1,2577,63,A9,447 WALES,10455.0,1.0,0.0,1.0,4808.0,1056.0,1901.0,1,A9,1525000,2019-12-09,bronx,447 WALES NYC
4,HOWARD BEACH,01 ONE FAMILY DWELLINGS,1,14044,36,A1,88-09 162ND AVENUE,11414.0,1.0,0.0,1.0,3434.0,2040.0,1960.0,1,A1,700000,2019-07-25,queens,88-09 162ND AVENUE NYC
4,ELMHURST,02 TWO FAMILY DWELLINGS,1,2458,6,B2,51-51 69TH PLACE,11377.0,2.0,0.0,2.0,4500.0,2325.0,1910.0,1,B2,1100000,2019-09-03,queens,51-51 69TH PLACE NYC
4,CAMBRIA HEIGHTS,02 TWO FAMILY DWELLINGS,1,12760,116,B3,118-23 223RD STREET,11411.0,2.0,0.0,2.0,4000.0,1485.0,1945.0,1,B3,660000,2019-09-10,queens,118-23 223RD STREET NYC
3,BRIGHTON BEACH,07 RENTALS - WALKUP APARTMENTS,2A,7260,75,C3,"2860 BRIGHTON 3 STREET, 4",11235.0,4.0,0.0,4.0,1600.0,1800.0,1931.0,2,C3,650000,2019-11-15,brooklyn,"2860 BRIGHTON 3 STREET, 4 NYC"
3,CANARSIE,01 ONE FAMILY DWELLINGS,1,8025,30,A2,925 EAST 88TH STREET,11236.0,1.0,0.0,1.0,2367.0,1000.0,1925.0,1,A2,477000,2019-11-07,brooklyn,925 EAST 88TH STREET NYC
2,EAST TREMONT,02 TWO FAMILY DWELLINGS,1,3095,36,S2,714 E 180TH STREET,10457.0,2.0,1.0,3.0,3523.0,3134.0,1920.0,1,S2,800000,2019-03-22,bronx,714 E 180TH STREET NYC
2,BAYCHESTER,01 ONE FAMILY DWELLINGS,1,5227,3,A1,2032 TILLOTSON AVENUE,10475.0,1.0,0.0,1.0,3750.0,1712.0,1955.0,1,A1,515000,2019-01-17,bronx,2032 TILLOTSON AVENUE NYC
3,EAST NEW YORK,02 TWO FAMILY DWELLINGS,1,4180,54,B1,446 LINCOLN AVENUE,11208.0,2.0,0.0,2.0,1500.0,1020.0,1910.0,1,B1,371000,2019-07-11,brooklyn,446 LINCOLN AVENUE NYC
2,WILLIAMSBRIDGE,01 ONE FAMILY DWELLINGS,1,4653,90,A1,3823 CARPENTER AVENUE,10467.0,1.0,0.0,1.0,2861.0,1170.0,1925.0,1,A1,395460,2019-05-23,bronx,3823 CARPENTER AVENUE NYC
4,ASTORIA,02 TWO FAMILY DWELLINGS,1,873,36,B1,23-02 24TH AVENUE,11102.0,2.0,0.0,2.0,2100.0,1932.0,1950.0,1,B1,1400000,2019-03-01,queens,23-02 24TH AVENUE NYC
3,MARINE PARK,02 TWO FAMILY DWELLINGS,1,8824,47,B9,2369 STUART STREET,11229.0,2.0,0.0,2.0,2000.0,2460.0,1960.0,1,B9,890000,2019-04-05,brooklyn,2369 STUART STREET NYC
5,GREAT KILLS,01 ONE FAMILY DWELLINGS,1,5299,42,A5,26 CRISPI LANE,10308.0,1.0,0.0,1.0,2052.0,1660.0,2005.0,1,A5,430060,2019-10-21,statenisland,26 CRISPI LANE NYC
2,BEDFORD PARK/NORWOOD,02 TWO FAMILY DWELLINGS,1,3343,141,B2,3329 PERRY AVENUE,10467.0,2.0,0.0,2.0,2503.0,2574.0,1901.0,1,B2,435000,2019-02-04,bronx,3329 PERRY AVENUE NYC
3,FLATBUSH-NORTH,01 ONE FAMILY DWELLINGS,1,4593,50,A5,106 EAST 91ST STREET,11212.0,1.0,0.0,1.0,1600.0,1152.0,1945.0,1,A5,610000,2019-04-05,brooklyn,106 EAST 91ST STREET NYC
4,SOUTH OZONE PARK,02 TWO FAMILY DWELLINGS,1,11605,64,B3,109-15 124TH STREET,11420.0,2.0,0.0,2.0,3000.0,1620.0,1920.0,1,B3,775000,2019-03-14,queens,109-15 124TH STREET NYC
3,OCEAN PARKWAY-SOUTH,03 THREE FAMILY DWELLINGS,1,7199,41,C0,3 PARKWAY COURT,11223.0,3.0,0.0,3.0,2000.0,2240.0,1930.0,1,C0,1200000,2019-11-13,brooklyn,3 PARKWAY COURT NYC
5,PORT IVORY,01 ONE FAMILY DWELLINGS,1,1290,64,A2,17 KINSEY PLACE,10303.0,1.0,0.0,1.0,3040.0,1068.0,1920.0,1,A9,400000,2019-06-19,statenisland,17 KINSEY PLACE NYC
3,FLATBUSH-EAST,01 ONE FAMILY DWELLINGS,1,4969,32,A9,575 EAST 35TH STREET,11203.0,1.0,0.0,1.0,2500.0,1152.0,1935.0,1,A9,795000,2019-08-06,brooklyn,575 EAST 35TH STREET NYC
3,OCEAN PARKWAY-NORTH,07 RENTALS - WALKUP APARTMENTS,2A,6564,77,C3,1533 MCDONALD AVENUE,11230.0,4.0,0.0,4.0,2240.0,2800.0,1911.0,2,C3,1188000,2019-10-02,brooklyn,1533 MCDONALD AVENUE NYC
4,FLUSHING-SOUTH,01 ONE FAMILY DWELLINGS,1,7005,26,A1,77-01 169 STREET,11366.0,1.0,0.0,1.0,2000.0,1796.0,1935.0,1,A1,780000,2019-04-22,queens,77-01 169 STREET NYC
3,DYKER HEIGHTS,01 ONE FAMILY DWELLINGS,1,5954,130,A5,960 76 STREET,11228.0,1.0,0.0,1.0,1800.0,1288.0,1925.0,1,A5,812500,2019-11-08,brooklyn,960 76 STREET NYC
3,GRAVESEND,03 THREE FAMILY DWELLINGS,1,6915,10,C0,108 28TH AVENUE,11214.0,3.0,0.0,3.0,2900.0,1448.0,1930.0,1,C0,908000,2019-08-20,brooklyn,108 28TH AVENUE NYC
5,MANOR HEIGHTS,02 TWO FAMILY DWELLINGS,1,760,45,B3,222 MOUNTAINVIEW AVENUE,10314.0,2.0,0.0,2.0,4000.0,1280.0,1925.0,1,B3,673000,2019-12-17,statenisland,222 MOUNTAINVIEW AVENUE NYC
3,FLATLANDS,01 ONE FAMILY DWELLINGS,1,7821,59,A5,5 HARDEN STREET,11234.0,1.0,0.0,1.0,1188.0,1683.0,1940.0,1,A5,621708,2019-11-07,brooklyn,5 HARDEN STREET NYC
3,KENSINGTON,03 THREE FAMILY DWELLINGS,1,5342,1,C0,211 EAST 8TH STREET,11218.0,3.0,0.0,3.0,2000.0,3000.0,1901.0,1,C0,1600000,2019-11-08,brooklyn,211 EAST 8TH STREET NYC
4,MIDDLE VILLAGE,01 ONE FAMILY DWELLINGS,1,3781,34,A5,7944 67TH ROAD,11379.0,1.0,0.0,1.0,1770.0,1312.0,1920.0,1,A5,690000,2019-04-15,queens,7944 67TH ROAD NYC
2,BAYCHESTER,01 ONE FAMILY DWELLINGS,1,4945,108,A1,2116 GARRETT PLACE,10466.0,1.0,0.0,1.0,2485.0,1092.0,1930.0,1,A1,392200,2019-05-21,bronx,2116 GARRETT PLACE NYC
4,BAYSIDE,01 ONE FAMILY DWELLINGS,1,7420,52,A1,53-19 211TH STREET,11364.0,1.0,0.0,1.0,3960.0,2184.0,1950.0,1,A1,1035000,2019-04-24,queens,53-19 211TH STREET NYC
3,CYPRESS HILLS,01 ONE FAMILY DWELLINGS,1,4124,21,A9,129 NORWOOD AVENUE,11208.0,1.0,0.0,1.0,1393.0,1320.0,1901.0,1,A9,608400,2019-02-05,brooklyn,129 NORWOOD AVENUE NYC
3,BUSHWICK,02 TWO FAMILY DWELLINGS,1,3254,73,B3,51 STANHOPE STREET,11221.0,2.0,0.0,2.0,2500.0,2750.0,1931.0,1,B3,1480000,2019-10-15,brooklyn,51 STANHOPE STREET NYC
2,BRONXDALE,01 ONE FAMILY DWELLINGS,1,4632,16,A5,784 MAGENTA STREET,10467.0,1.0,0.0,1.0,1600.0,1160.0,1940.0,1,A5,350000,2019-03-28,bronx,784 MAGENTA STREET NYC
3,FLATBUSH-CENTRAL,07 RENTALS - WALKUP APARTMENTS,2A,5217,53,C3,"593 EAST 17TH STREET, 4",11226.0,4.0,0.0,4.0,3440.0,3000.0,1932.0,2,C3,1687500,2019-12-12,brooklyn,"593 EAST 17TH STREET, 4 NYC"
4,FLUSHING-NORTH,02 TWO FAMILY DWELLINGS,1,6724,35,B3,57-57 157TH STREET,11355.0,2.0,0.0,2.0,4100.0,3190.0,1950.0,1,B3,468564,2019-12-06,queens,57-57 157TH STREET NYC
4,SOUTH JAMAICA,02 TWO FAMILY DWELLINGS,1,11938,57,B3,145-15 ARLINGTON TERRACE,11435.0,2.0,0.0,2.0,4000.0,2200.0,1930.0,1,B3,870000,2019-04-05,queens,145-15 ARLINGTON TERRACE NYC
3,OCEAN HILL,03 THREE FAMILY DWELLINGS,1,1483,140,C0,30 HOWARD AVENUE,11221.0,3.0,0.0,3.0,1580.0,2700.0,2002.0,1,C0,1150000,2019-07-10,brooklyn,30 HOWARD AVENUE NYC
2,WILLIAMSBRIDGE,03 THREE FAMILY DWELLINGS,1,4859,17,C0,951 E. 223RD STREET,10466.0,3.0,0.0,3.0,2500.0,2440.0,1925.0,1,C0,875000,2019-01-24,bronx,951 E. 223RD STREET NYC
4,ROCKAWAY PARK,02 TWO FAMILY DWELLINGS,1,16228,16,B1,181 BEACH 118 STREET,11694.0,2.0,0.0,2.0,3200.0,3762.0,1910.0,1,B1,725000,2019-09-30,queens,181 BEACH 118 STREET NYC
4,SOUTH OZONE PARK,01 ONE FAMILY DWELLINGS,1,11722,7,A1,130-55 115TH STREET,11420.0,1.0,0.0,1.0,2400.0,1328.0,1930.0,1,A1,438500,2019-11-07,queens,130-55 115TH STREET NYC
4,RIDGEWOOD,01 ONE FAMILY DWELLINGS,1,3589,65,A9,59-17 DECATUR STREET,11385.0,1.0,0.0,1.0,3265.0,1429.0,1920.0,1,A9,650000,2019-12-27,queens,59-17 DECATUR STREET NYC
3,OCEAN HILL,02 TWO FAMILY DWELLINGS,1,1439,26,B9,2046 PACIFIC STREET,11233.0,2.0,0.0,2.0,1292.0,1872.0,1901.0,1,B9,465000,2019-06-20,brooklyn,2046 PACIFIC STREET NYC
4,FLUSHING-NORTH,01 ONE FAMILY DWELLINGS,1,6430,6,A5,150-14 BOOTH MEMORIAL AVE,11355.0,1.0,0.0,1.0,1800.0,1080.0,1950.0,1,A5,783000,2019-07-24,queens,150-14 BOOTH MEMORIAL AVE NYC
3,FLATLANDS,02 TWO FAMILY DWELLINGS,1,7795,38,B3,1837 SCHENECTADY AVENUE,11234.0,2.0,0.0,2.0,2500.0,1472.0,1925.0,1,B3,360000,2019-10-17,brooklyn,1837 SCHENECTADY AVENUE NYC
3,BAY RIDGE,01 ONE FAMILY DWELLINGS,1,6072,47,A5,647 90TH STREET,11228.0,1.0,0.0,1.0,1200.0,2175.0,1925.0,1,A5,900000,2019-10-21,brooklyn,647 90TH STREET NYC
3,EAST NEW YORK,02 TWO FAMILY DWELLINGS,1,4457,51,B2,461 MILFORD STREET,11208.0,2.0,0.0,2.0,2200.0,1692.0,1920.0,1,B2,435100,2019-07-08,brooklyn,461 MILFORD STREET NYC
4,ROSEDALE,03 THREE FAMILY DWELLINGS,1,13544,29,C0,241-18 NEWHALL AVE,11422.0,3.0,0.0,3.0,3000.0,1688.0,1925.0,1,C0,879000,2019-12-02,queens,241-18 NEWHALL AVE NYC
4,FLUSHING-SOUTH,01 ONE FAMILY DWELLINGS,1,6642,45,A5,144-19 70TH AVE,11367.0,1.0,0.0,1.0,1800.0,1424.0,1935.0,1,A5,650000,2019-10-31,queens,144-19 70TH AVE NYC
4,JACKSON HEIGHTS,01 ONE FAMILY DWELLINGS,1,1383,23,A5,30-36 86TH STREET,11369.0,1.0,0.0,1.0,1900.0,1292.0,1945.0,1,A5,740000,2019-01-18,queens,30-36 86TH STREET NYC
3,SHEEPSHEAD BAY,01 ONE FAMILY DWELLINGS,1,7402,39,A5,1715 AVENUE X,11235.0,1.0,0.0,1.0,2200.0,1780.0,1945.0,1,A5,771000,2019-09-30,brooklyn,1715 AVENUE X NYC
4,RICHMOND HILL,02 TWO FAMILY DWELLINGS,1,9390,22,B2,106-11 97TH AVENUE,11416.0,2.0,0.0,2.0,2823.0,2120.0,1920.0,1,B2,629025,2019-11-08,queens,106-11 97TH AVENUE NYC
3,OLD MILL BASIN,01 ONE FAMILY DWELLINGS,1,7895,38,A9,2187 UTICA AVENUE,11234.0,1.0,0.0,1.0,1333.0,1164.0,1925.0,1,A9,365000,2019-04-04,brooklyn,2187 UTICA AVENUE NYC
2,SCHUYLERVILLE/PELHAM BAY,03 THREE FAMILY DWELLINGS,1,4157,77,C0,1625 PILGRIM AVENUE,10461.0,3.0,0.0,3.0,2375.0,3120.0,1940.0,1,C0,960000,2019-03-25,bronx,1625 PILGRIM AVENUE NYC
3,FLATBUSH-EAST,01 ONE FAMILY DWELLINGS,1,5008,1,A1,3321 GLENWOOD RD,11210.0,1.0,0.0,1.0,4400.0,3615.0,1920.0,1,A1,750000,2019-08-16,brooklyn,3321 GLENWOOD RD NYC
3,FLATBUSH-LEFFERTS GARDEN,01 ONE FAMILY DWELLINGS,1,5035,37,A5,192 MIDWOOD STREET,11225.0,1.0,0.0,1.0,2000.0,1800.0,1901.0,1,A5,1350000,2019-03-29,brooklyn,192 MIDWOOD STREET NYC
4,SOUTH OZONE PARK,02 TWO FAMILY DWELLINGS,1,11643,9,B1,116-18 LINDEN BOULEVARD,11420.0,2.0,0.0,2.0,2110.0,1540.0,2004.0,1,B1,620000,2019-05-08,queens,116-18 LINDEN BOULEVARD NYC
2,SOUNDVIEW,02 TWO FAMILY DWELLINGS,1,3460,112,B1,2015 GILDERSLEEVE AVENUE,10473.0,2.0,0.0,2.0,2643.0,1718.0,2009.0,1,B1,540691,2019-11-07,bronx,2015 GILDERSLEEVE AVENUE NYC
4,GLEN OAKS,01 ONE FAMILY DWELLINGS,1,8538,4,A2,76-04 265TH STREET,11040.0,1.0,0.0,1.0,4600.0,1088.0,1950.0,1,A2,515000,2019-01-28,queens,76-04 265TH STREET NYC
5,NEW BRIGHTON,03 THREE FAMILY DWELLINGS,1,41,14,C0,30 LAYTON AVENUE,10301.0,3.0,0.0,3.0,2500.0,2568.0,1920.0,1,C0,550000,2019-08-29,statenisland,30 LAYTON AVENUE NYC
2,CROTONA PARK,02 TWO FAMILY DWELLINGS,1,2948,50,B1,751 CROTONA PARK NORTH,10457.0,2.0,0.0,2.0,2525.0,2244.0,1901.0,1,B1,505000,2019-03-13,bronx,751 CROTONA PARK NORTH NYC
3,OLD MILL BASIN,01 ONE FAMILY DWELLINGS,1,8377,66,A5,1562 EAST 57TH STREET,11234.0,1.0,0.0,1.0,2000.0,1815.0,1965.0,1,A5,620000,2019-11-05,brooklyn,1562 EAST 57TH STREET NYC
3,MADISON,01 ONE FAMILY DWELLINGS,1,6832,18,A1,1832 EAST 27TH STREET,11229.0,1.0,0.0,1.0,3000.0,2375.0,1935.0,1,A1,1350000,2019-11-07,brooklyn,1832 EAST 27TH STREET NYC
4,AIRPORT LA GUARDIA,01 ONE FAMILY DWELLINGS,1,976,37,A5,21-64 81ST STREET,11370.0,1.0,0.0,1.0,1800.0,1224.0,1950.0,1,A5,670000,2019-12-06,queens,21-64 81ST STREET NYC
4,LAURELTON,01 ONE FAMILY DWELLINGS,1,13122,35,A5,135-05 227TH STREET,11413.0,1.0,0.0,1.0,2500.0,1560.0,1935.0,1,A5,590000,2019-01-28,queens,135-05 227TH STREET NYC
3,FLATBUSH-EAST,01 ONE FAMILY DWELLINGS,1,7667,55,A1,1322 EAST 32ND STREET,11210.0,1.0,0.0,1.0,3200.0,1484.0,1925.0,1,A1,984000,2019-11-13,brooklyn,1322 EAST 32ND STREET NYC
2,WAKEFIELD,01 ONE FAMILY DWELLINGS,1,5028,32,A5,4104 MONTICELLO,10466.0,1.0,0.0,1.0,1152.0,1600.0,1965.0,1,A5,457000,2019-08-15,bronx,4104 MONTICELLO NYC
3,OCEAN PARKWAY-NORTH,07 RENTALS - WALKUP APARTMENTS,2A,5378,48,C3,913 CORTELYOU ROAD,11218.0,4.0,0.0,4.0,2000.0,2700.0,1930.0,2,C3,1250000,2019-03-27,brooklyn,913 CORTELYOU ROAD NYC
2,MORRISANIA/LONGWOOD,03 THREE FAMILY DWELLINGS,1,2698,103,C0,944 REV JAMES POLITE AVE,10459.0,3.0,0.0,3.0,1493.0,2802.0,2006.0,1,C0,815000,2019-05-08,bronx,944 REV JAMES POLITE AVE NYC
5,CASTLETON CORNERS,02 TWO FAMILY DWELLINGS,1,357,32,B2,169 KINGSLEY AVENUE,10314.0,2.0,0.0,2.0,3600.0,2032.0,1920.0,1,B2,695000,2019-09-10,statenisland,169 KINGSLEY AVENUE NYC
3,PROSPECT HEIGHTS,03 THREE FAMILY DWELLINGS,1,1153,71,C0,117 UNDERHILL AVE,11238.0,3.0,0.0,3.0,1250.0,4500.0,2009.0,1,C0,1550000,2019-05-22,brooklyn,117 UNDERHILL AVE NYC
5,GREAT KILLS,02 TWO FAMILY DWELLINGS,1,5153,22,B9,51 WHITMAN AVENUE,10308.0,2.0,0.0,2.0,4428.0,1928.0,1994.0,1,B9,720000,2019-06-27,statenisland,51 WHITMAN AVENUE NYC
3,BUSHWICK,02 TWO FAMILY DWELLINGS,1,3294,23,B3,958 BUSHWICK AVENUE,11221.0,2.0,0.0,2.0,2387.0,2280.0,1901.0,1,B3,1550000,2019-10-10,brooklyn,958 BUSHWICK AVENUE NYC
2,MOTT HAVEN/PORT MORRIS,01 ONE FAMILY DWELLINGS,1,2555,25,A5,607 OAK TERRACE,10454.0,1.0,0.0,1.0,2089.0,1104.0,2000.0,1,A5,485000,2019-07-12,bronx,607 OAK TERRACE NYC
5,SOUTH BEACH,01 ONE FAMILY DWELLINGS,1,3110,42,A5,209 SAND LANE,10305.0,1.0,0.0,1.0,2250.0,1348.0,2018.0,1,A5,598700,2019-04-10,statenisland,209 SAND LANE NYC
5,CONCORD,01 ONE FAMILY DWELLINGS,1,568,26,A1,14 LAUREL AVENUE,10304.0,1.0,0.0,1.0,3050.0,720.0,1910.0,1,A1,355000,2019-05-03,statenisland,14 LAUREL AVENUE NYC
2,BRONXDALE,02 TWO FAMILY DWELLINGS,1,4520,10,B3,2722 LURTING AVE,10469.0,2.0,0.0,2.0,1800.0,1876.0,1950.0,1,B3,650000,2019-07-17,bronx,2722 LURTING AVE NYC
5,WEST NEW BRIGHTON,02 TWO FAMILY DWELLINGS,1,207,17,B2,45 WEST STREET,10310.0,2.0,0.0,2.0,3773.0,2875.0,2006.0,1,B2,640000,2019-12-11,statenisland,45 WEST STREET NYC
3,KENSINGTON,27 FACTORIES,4,5304,10,F4,1135 36TH STREET,11218.0,0.0,1.0,1.0,2090.0,2070.0,1931.0,4,F4,999990,2019-03-14,brooklyn,1135 36TH STREET NYC
4,MIDDLE VILLAGE,02 TWO FAMILY DWELLINGS,1,3064,25,B2,77-31 66TH DRIVE,11379.0,2.0,0.0,2.0,2300.0,1862.0,1930.0,1,B2,680000,2019-03-18,queens,77-31 66TH DRIVE NYC
5,BULLS HEAD,02 TWO FAMILY DWELLINGS,1,1621,43,B2,49 KINGSBRIDGE AVENUE,10314.0,2.0,0.0,2.0,2450.0,1326.0,1981.0,1,B2,598000,2019-05-17,statenisland,49 KINGSBRIDGE AVENUE NYC
4,OZONE PARK,03 THREE FAMILY DWELLINGS,1,9000,22,C0,95-32 76TH STREET,11416.0,3.0,0.0,3.0,1958.0,1906.0,1920.0,1,C0,725000,2019-07-11,queens,95-32 76TH STREET NYC
5,WESTERLEIGH,01 ONE FAMILY DWELLINGS,1,1442,45,A1,96 CRYSTAL AVENUE,10302.0,1.0,0.0,1.0,3560.0,1593.0,1935.0,1,A1,592000,2019-02-14,statenisland,96 CRYSTAL AVENUE NYC
4,EAST ELMHURST,01 ONE FAMILY DWELLINGS,1,1090,63,A5,23-23 96TH STREET,11369.0,1.0,0.0,1.0,1710.0,1485.0,1940.0,1,A5,720000,2019-05-14,queens,23-23 96TH STREET NYC
4,SO. JAMAICA-BAISLEY PARK,01 ONE FAMILY DWELLINGS,1,12063,121,A5,126-27 145TH STREET,11436.0,1.0,0.0,1.0,2050.0,1024.0,1925.0,1,A5,415000,2019-01-29,queens,126-27 145TH STREET NYC
4,JACKSON HEIGHTS,02 TWO FAMILY DWELLINGS,1,1396,54,B3,31-13 84TH STREET,11370.0,2.0,0.0,2.0,2242.0,1971.0,1925.0,1,B3,910000,2019-04-26,queens,31-13 84TH STREET NYC
3,FLATBUSH-CENTRAL,02 TWO FAMILY DWELLINGS,1,5228,14,S2,1393 FLATBUSH AVENUE,11210.0,2.0,1.0,3.0,1440.0,3360.0,1933.0,1,S2,950000,2019-05-21,brooklyn,1393 FLATBUSH AVENUE NYC
4,FAR ROCKAWAY,01 ONE FAMILY DWELLINGS,1,15687,76,A2,32-33 BAYWATER COURT,11691.0,1.0,0.0,1.0,4000.0,2366.0,1970.0,1,A2,490000,2019-10-30,queens,32-33 BAYWATER COURT NYC
4,FLUSHING-NORTH,01 ONE FAMILY DWELLINGS,1,4910,14,A5,29-18 166TH STREET,11358.0,1.0,0.0,1.0,2000.0,1600.0,1930.0,1,A5,742500,2019-12-23,queens,29-18 166TH STREET NYC
2,EAST TREMONT,07 RENTALS - WALKUP APARTMENTS,2A,3117,107,C3,1982 MARMION AVENUE,10460.0,4.0,0.0,4.0,1793.0,3995.0,2003.0,2,C3,1400000,2019-05-30,bronx,1982 MARMION AVENUE NYC
3,FLATBUSH-EAST,02 TWO FAMILY DWELLINGS,1,4988,60,B1,1417 ALBANY,11203.0,2.0,0.0,2.0,1742.0,1836.0,1930.0,1,B1,705000,2019-10-30,brooklyn,1417 ALBANY NYC
2,WAKEFIELD,01 ONE FAMILY DWELLINGS,1,5051,29,A1,4342 GUNTHER AVENUE,10466.0,1.0,0.0,1.0,2338.0,1925.0,1940.0,1,A1,499000,2019-01-24,bronx,4342 GUNTHER AVENUE NYC
5,MIDLAND BEACH,01 ONE FAMILY DWELLINGS,1,3745,12,A5,324 POULTNEY STREET,10306.0,1.0,0.0,1.0,2561.0,1535.0,2018.0,1,A5,626224,2019-07-16,statenisland,324 POULTNEY STREET NYC
2,THROGS NECK,01 ONE FAMILY DWELLINGS,1,5439,46,A1,525 EDISON AVENUE,10465.0,1.0,0.0,1.0,2250.0,1600.0,1935.0,1,A1,525000,2019-01-11,bronx,525 EDISON AVENUE NYC
4,EAST ELMHURST,03 THREE FAMILY DWELLINGS,1,1374,28,C0,26-44 95TH STREET,11369.0,3.0,0.0,3.0,2930.0,2192.0,1925.0,1,C0,995000,2019-02-15,queens,26-44 95TH STREET NYC
5,PORT RICHMOND,02 TWO FAMILY DWELLINGS,1,1116,145,B2,52 RIVERSIDE LANE,10302.0,2.0,0.0,2.0,3713.0,1550.0,2018.0,1,B2,560038,2019-06-13,statenisland,52 RIVERSIDE LANE NYC
2,WESTCHESTER,01 ONE FAMILY DWELLINGS,1,4078,29,A1,2532 POPLAR STREET,10461.0,1.0,0.0,1.0,2908.0,1300.0,1925.0,1,A1,510000,2019-07-31,bronx,2532 POPLAR STREET NYC
5,WEST NEW BRIGHTON,02 TWO FAMILY DWELLINGS,1,158,92,B2,110 ELM STREET,10310.0,2.0,0.0,2.0,4200.0,1672.0,1920.0,1,B2,738000,2019-07-16,statenisland,110 ELM STREET NYC
5,NEW DORP-HEIGHTS,02 TWO FAMILY DWELLINGS,1,4302,83,B9,3046 RICHMOND ROAD,10306.0,2.0,0.0,2.0,3248.0,2020.0,1995.0,1,B9,815000,2019-12-18,statenisland,3046 RICHMOND ROAD NYC
4,RICHMOND HILL,02 TWO FAMILY DWELLINGS,1,9467,15,B3,95-20 127TH STREET,11419.0,2.0,0.0,2.0,2683.0,1895.0,1910.0,1,B3,680000,2019-04-04,queens,95-20 127TH STREET NYC
4,LAURELTON,02 TWO FAMILY DWELLINGS,1,13084,133,B2,143-40 222ND STREET,11413.0,2.0,0.0,2.0,1380.0,1088.0,2006.0,1,B2,600000,2019-05-29,queens,143-40 222ND STREET NYC
3,MARINE PARK,02 TWO FAMILY DWELLINGS,1,8519,71,B1,2066 EAST 34TH STREET,11234.0,2.0,0.0,2.0,1800.0,1890.0,1935.0,1,B1,641500,2019-09-27,brooklyn,2066 EAST 34TH STREET NYC
3,BUSHWICK,02 TWO FAMILY DWELLINGS,1,3450,14,B2,630 CHAUNCEY STREET,11207.0,2.0,0.0,2.0,1667.0,1500.0,1910.0,1,B2,620114,2019-04-09,brooklyn,630 CHAUNCEY STREET NYC
3,OCEAN PARKWAY-SOUTH,02 TWO FAMILY DWELLINGS,1,7193,45,B9,2477 WEST 3RD STREET,11223.0,2.0,0.0,2.0,3132.0,1128.0,1950.0,1,B9,1175000,2019-12-02,brooklyn,2477 WEST 3RD STREET NYC
5,NEW SPRINGVILLE,02 TWO FAMILY DWELLINGS,1,2378,87,B9,142 BRAISTED AVENUE,10314.0,2.0,0.0,2.0,2400.0,1536.0,1980.0,1,B9,590000,2019-11-21,statenisland,142 BRAISTED AVENUE NYC
4,ST. ALBANS,01 ONE FAMILY DWELLINGS,1,12628,6,A5,117-02 203RD STREET,11412.0,1.0,0.0,1.0,2500.0,1056.0,1955.0,1,A5,480000,2019-12-30,queens,117-02 203RD STREET NYC
4,FLUSHING-NORTH,02 TWO FAMILY DWELLINGS,1,5257,34,B3,33-56 UTOPIA PARKWAY,11358.0,2.0,0.0,2.0,3200.0,1166.0,1940.0,1,B3,900000,2019-07-26,queens,33-56 UTOPIA PARKWAY NYC
4,MIDDLE VILLAGE,01 ONE FAMILY DWELLINGS,1,3010,19,A5,64-24 83RD STREET,11379.0,1.0,0.0,1.0,2000.0,1440.0,1930.0,1,A5,875000,2019-04-15,queens,64-24 83RD STREET NYC
5,ARDEN HEIGHTS,01 ONE FAMILY DWELLINGS,1,5742,38,A5,376 ASPEN KNOLLS WAY,10312.0,1.0,0.0,1.0,500.0,1354.0,1999.0,1,A5,370000,2019-09-23,statenisland,376 ASPEN KNOLLS WAY NYC
4,FLUSHING-NORTH,01 ONE FAMILY DWELLINGS,1,4866,49,A5,157-57 26TH AVENUE,11354.0,1.0,0.0,1.0,2066.0,1660.0,1946.0,1,A5,560000,2019-08-02,queens,157-57 26TH AVENUE NYC
3,FLATLANDS,02 TWO FAMILY DWELLINGS,1,7735,47,B3,5120 GLENWOOD ROAD,11234.0,2.0,0.0,2.0,1983.0,1626.0,1950.0,1,B3,735000,2019-12-05,brooklyn,5120 GLENWOOD ROAD NYC
4,MASPETH,02 TWO FAMILY DWELLINGS,1,2414,1,B2,66-11 51ST ROAD,11377.0,2.0,0.0,2.0,3758.0,3234.0,1925.0,1,B2,400000,2019-01-10,queens,66-11 51ST ROAD NYC
5,GRANT CITY,01 ONE FAMILY DWELLINGS,1,3591,23,A5,42 GRANT PLACE,10306.0,1.0,0.0,1.0,2000.0,1440.0,1930.0,1,A5,405000,2019-09-16,statenisland,42 GRANT PLACE NYC
5,GREAT KILLS-BAY TERRACE,01 ONE FAMILY DWELLINGS,1,4971,14,A5,16 O'GORMAN AVENUE,10306.0,1.0,0.0,1.0,2500.0,1140.0,1970.0,1,A5,475000,2019-08-05,statenisland,16 O'GORMAN AVENUE NYC
4,EAST ELMHURST,02 TWO FAMILY DWELLINGS,1,1087,40,B1,23-68 94TH STREET,11369.0,2.0,0.0,2.0,1800.0,1735.0,1945.0,1,B1,750000,2019-01-07,queens,23-68 94TH STREET NYC
4,ST. ALBANS,02 TWO FAMILY DWELLINGS,1,10987,52,B1,191-07 113TH ROAD,11412.0,2.0,0.0,2.0,2000.0,1800.0,1960.0,1,B1,650000,2019-12-27,queens,191-07 113TH ROAD NYC
4,FLUSHING-NORTH,01 ONE FAMILY DWELLINGS,1,6732,116,A1,59-36 155TH STREET,11355.0,1.0,0.0,1.0,2325.0,1392.0,1925.0,1,A1,940000,2019-10-07,queens,59-36 155TH STREET NYC
5,CASTLETON CORNERS,01 ONE FAMILY DWELLINGS,1,316,9,A1,191 RAYMOND PLACE,10310.0,1.0,0.0,1.0,2500.0,1096.0,1925.0,1,A1,450000,2019-06-06,statenisland,191 RAYMOND PLACE NYC
5,CLOVE LAKES,01 ONE FAMILY DWELLINGS,1,299,37,A2,942 BARD AVENUE,10301.0,1.0,0.0,1.0,4400.0,2156.0,1965.0,1,A2,674000,2019-06-04,statenisland,942 BARD AVENUE NYC
3,CANARSIE,01 ONE FAMILY DWELLINGS,1,8286,50,A2,1320 EAST 103RD STREET,11236.0,1.0,0.0,1.0,4150.0,2140.0,1960.0,1,A2,710000,2019-10-21,brooklyn,1320 EAST 103RD STREET NYC
5,BULLS HEAD,01 ONE FAMILY DWELLINGS,1,1605,99,A5,138 ROMAN AVENUE,10314.0,1.0,0.0,1.0,2538.0,1304.0,1965.0,1,A5,545000,2019-03-28,statenisland,138 ROMAN AVENUE NYC
5,PORT RICHMOND,01 ONE FAMILY DWELLINGS,1,1055,17,A1,35 BEEKMAN STREET,10302.0,1.0,0.0,1.0,3420.0,1032.0,1925.0,1,A1,450000,2019-11-14,statenisland,35 BEEKMAN STREET NYC
4,FAR ROCKAWAY,01 ONE FAMILY DWELLINGS,1,15537,54,A1,17-19 REDFERN AVENUE,11691.0,1.0,0.0,1.0,2352.0,1594.0,1925.0,1,A1,650000,2019-04-30,queens,17-19 REDFERN AVENUE NYC
5,ARDEN HEIGHTS,01 ONE FAMILY DWELLINGS,1,6018,45,A5,129 HAMPTON GREEN,10312.0,1.0,0.0,1.0,2720.0,1000.0,1973.0,1,A5,470000,2019-10-29,statenisland,129 HAMPTON GREEN NYC
2,MELROSE/CONCOURSE,02 TWO FAMILY DWELLINGS,1,2421,53,B9,291 EAST 161 STREET,10451.0,2.0,0.0,2.0,2409.0,2040.0,1925.0,1,B9,1950000,2019-06-25,bronx,291 EAST 161 STREET NYC
2,WILLIAMSBRIDGE,03 THREE FAMILY DWELLINGS,1,4870,68,C0,3943 LACONIA AVENUE,10466.0,3.0,0.0,3.0,1981.0,3387.0,2005.0,1,C0,1119984,2019-10-25,bronx,3943 LACONIA AVENUE NYC
3,GRAVESEND,01 ONE FAMILY DWELLINGS,1,7080,105,A5,132 AVENUE S,11223.0,1.0,0.0,1.0,1600.0,1528.0,1920.0,1,A5,880000,2019-03-29,brooklyn,132 AVENUE S NYC
5,GREAT KILLS,01 ONE FAMILY DWELLINGS,1,5319,26,A5,58 THORNYCROFT AVENUE,10312.0,1.0,0.0,1.0,2210.0,1292.0,1980.0,1,A5,550000,2019-08-19,statenisland,58 THORNYCROFT AVENUE NYC
5,PORT IVORY,02 TWO FAMILY DWELLINGS,1,1263,129,B9,100 SOUTH AVENUE,10303.0,2.0,0.0,2.0,2100.0,1170.0,2004.0,1,B9,432735,2019-07-10,statenisland,100 SOUTH AVENUE NYC
4,SOUTH OZONE PARK,01 ONE FAMILY DWELLINGS,1,11620,12,A1,111-12 116TH STREET,11420.0,1.0,0.0,1.0,2292.0,1580.0,1935.0,1,A1,675000,2019-10-31,queens,111-12 116TH STREET NYC
4,COLLEGE POINT,02 TWO FAMILY DWELLINGS,1,3948,8,B2,124-12 5TH AVE,11356.0,2.0,0.0,2.0,2500.0,1800.0,2018.0,1,B2,997885,2019-03-25,queens,124-12 5TH AVE NYC
3,FLATBUSH-LEFFERTS GARDEN,02 TWO FAMILY DWELLINGS,1,5048,71,B1,365 PARKSIDE AVE,11226.0,2.0,0.0,2.0,2450.0,3348.0,1901.0,1,B1,1925000,2019-04-05,brooklyn,365 PARKSIDE AVE NYC
3,CROWN HEIGHTS,02 TWO FAMILY DWELLINGS,1,1342,64,B9,1707 DEAN STREET,11213.0,2.0,0.0,2.0,4019.0,1600.0,1920.0,1,B9,1050000,2019-04-30,brooklyn,1707 DEAN STREET NYC
5,ARDEN HEIGHTS,02 TWO FAMILY DWELLINGS,1,6014,20,B2,71 HOLCOMB AVENUE,10312.0,2.0,0.0,2.0,4000.0,2321.0,2019.0,1,B2,989739,2019-11-26,statenisland,71 HOLCOMB AVENUE NYC
5,GRANT CITY,01 ONE FAMILY DWELLINGS,1,3556,47,A9,120 STOBE AVENUE,10306.0,1.0,0.0,1.0,2625.0,1200.0,1960.0,1,A9,490000,2019-07-01,statenisland,120 STOBE AVENUE NYC
3,CROWN HEIGHTS,02 TWO FAMILY DWELLINGS,1,1385,22,S2,1466 ST JOHNS PLACE,11213.0,2.0,1.0,3.0,2255.0,3420.0,1920.0,1,S2,950000,2019-01-10,brooklyn,1466 ST JOHNS PLACE NYC
2,MORRIS PARK/VAN NEST,03 THREE FAMILY DWELLINGS,1,4267,45,C0,1945 COLDEN,10462.0,3.0,0.0,3.0,2500.0,3760.0,1935.0,1,C0,795000,2019-05-30,bronx,1945 COLDEN NYC
3,DYKER HEIGHTS,02 TWO FAMILY DWELLINGS,1,5902,38,B1,7116 10TH AVENUE,11228.0,2.0,0.0,2.0,2950.0,3660.0,1925.0,1,B1,1700000,2019-07-03,brooklyn,7116 10TH AVENUE NYC
4,FLUSHING-NORTH,02 TWO FAMILY DWELLINGS,1,6728,50,B1,57-40 162ND STREET,11365.0,2.0,0.0,2.0,4000.0,1670.0,1950.0,1,B1,1235000,2019-12-16,queens,57-40 162ND STREET NYC
2,CASTLE HILL/UNIONPORT,02 TWO FAMILY DWELLINGS,1,3533,107,B2,2061 CAESAR PLACE,10473.0,2.0,0.0,2.0,2000.0,2325.0,1988.0,1,B2,468750,2019-08-12,bronx,2061 CAESAR PLACE NYC
5,CONCORD,01 ONE FAMILY DWELLINGS,1,648,76,A5,59 HAMILTON STREET,10304.0,1.0,0.0,1.0,1800.0,1400.0,2000.0,1,A5,410000,2019-05-16,statenisland,59 HAMILTON STREET NYC
3,DYKER HEIGHTS,02 TWO FAMILY DWELLINGS,1,6339,53,B1,1357 86TH STREET,11228.0,2.0,0.0,2.0,1800.0,2052.0,1935.0,1,B1,865000,2019-02-15,brooklyn,1357 86TH STREET NYC
3,BUSHWICK,03 THREE FAMILY DWELLINGS,1,3380,47,C0,1057 JEFFERSON AVENUE,11221.0,3.0,0.0,3.0,2000.0,3000.0,1915.0,1,C0,1300000,2019-11-12,brooklyn,1057 JEFFERSON AVENUE NYC
4,HOWARD BEACH,02 TWO FAMILY DWELLINGS,1,14160,45,B3,156-31 99TH STREET,11414.0,2.0,0.0,2.0,4000.0,840.0,1950.0,1,B3,740000,2019-11-19,queens,156-31 99TH STREET NYC
4,SPRINGFIELD GARDENS,02 TWO FAMILY DWELLINGS,1,12494,45,B3,178-40 EVELETH ROAD,11434.0,2.0,0.0,2.0,2500.0,1692.0,1930.0,1,B3,580000,2019-12-13,queens,178-40 EVELETH ROAD NYC
4,CAMBRIA HEIGHTS,01 ONE FAMILY DWELLINGS,1,12780,91,A2,119-50 221ST STREET,11411.0,1.0,0.0,1.0,4575.0,1044.0,1935.0,1,A2,540000,2019-07-23,queens,119-50 221ST STREET NYC
2,SCHUYLERVILLE/PELHAM BAY,02 TWO FAMILY DWELLINGS,1,5367,21,B2,1384 HOLLYWOOD AVENUE,10461.0,2.0,0.0,2.0,2500.0,1376.0,1925.0,1,B2,538000,2019-08-08,bronx,1384 HOLLYWOOD AVENUE NYC
5,MANOR HEIGHTS,02 TWO FAMILY DWELLINGS,1,799,17,B9,1064 MANOR ROAD,10314.0,2.0,0.0,2.0,4068.0,1872.0,1980.0,1,B9,1110000,2019-05-16,statenisland,1064 MANOR ROAD NYC
4,ROSEDALE,01 ONE FAMILY DWELLINGS,1,13459,7,A2,225-03 147TH AVENUE,11413.0,1.0,0.0,1.0,3240.0,1890.0,1960.0,1,A2,505000,2019-07-15,queens,225-03 147TH AVENUE NYC
4,RICHMOND HILL,01 ONE FAMILY DWELLINGS,1,9547,38,A9,107-64 110TH STREET,11419.0,1.0,0.0,1.0,2000.0,1316.0,1930.0,1,A9,545000,2019-05-28,queens,107-64 110TH STREET NYC
2,EAST TREMONT,01 ONE FAMILY DWELLINGS,1,3096,132,A5,2109 PROSPECT AVENUE,10457.0,1.0,0.0,1.0,1737.0,1320.0,1970.0,1,A5,407000,2019-06-25,bronx,2109 PROSPECT AVENUE NYC
3,FLATBUSH-EAST,01 ONE FAMILY DWELLINGS,1,4976,54,A9,635 EAST 42ND STREET,11203.0,1.0,0.0,1.0,2000.0,1392.0,1925.0,1,A9,675343,2019-03-26,brooklyn,635 EAST 42ND STREET NYC
3,BUSHWICK,02 TWO FAMILY DWELLINGS,1,3422,8,B2,104 COVERT STREET,11207.0,2.0,0.0,2.0,1275.0,2295.0,1920.0,1,B2,1150000,2019-04-25,brooklyn,104 COVERT STREET NYC
4,FLUSHING-NORTH,01 ONE FAMILY DWELLINGS,1,5692,32,A0,58-44 189TH STREET,11365.0,1.0,0.0,1.0,4000.0,1501.0,1945.0,1,A0,905000,2019-03-14,queens,58-44 189TH STREET NYC
3,CYPRESS HILLS,02 TWO FAMILY DWELLINGS,1,3888,12,B1,24 SUNNYSIDE COURT,11207.0,2.0,0.0,2.0,1600.0,2764.0,1901.0,1,B1,740000,2019-03-21,brooklyn,24 SUNNYSIDE COURT NYC
3,CYPRESS HILLS,02 TWO FAMILY DWELLINGS,1,4127,9,B2,179 RICHMOND STREET,11208.0,2.0,0.0,2.0,3750.0,1855.0,1920.0,1,B2,595000,2019-08-29,brooklyn,179 RICHMOND STREET NYC
4,CORONA,02 TWO FAMILY DWELLINGS,1,1980,70,B3,45-03 102ND STREET,11368.0,2.0,0.0,2.0,2500.0,1512.0,1915.0,1,B3,425000,2019-06-26,queens,45-03 102ND STREET NYC
5,GREAT KILLS,01 ONE FAMILY DWELLINGS,1,5494,99,A5,74 CORTELYOU AVENUE,10312.0,1.0,0.0,1.0,3000.0,2264.0,1970.0,1,A9,600000,2019-06-05,statenisland,74 CORTELYOU AVENUE NYC
4,WHITESTONE,02 TWO FAMILY DWELLINGS,1,4666,21,B2,149-33 17TH ROAD,11357.0,2.0,0.0,2.0,3000.0,1680.0,1930.0,1,B2,1160000,2019-11-26,queens,149-33 17TH ROAD NYC
2,BAYCHESTER,03 THREE FAMILY DWELLINGS,1,4737,42,C0,3304 SEYMOUR AVENUE,10469.0,3.0,0.0,3.0,2500.0,2864.0,1935.0,1,C0,575000,2019-04-23,bronx,3304 SEYMOUR AVENUE NYC
5,SILVER LAKE,07 RENTALS - WALKUP APARTMENTS,2A,262,89,C3,141-143 NORMA PLACE,10301.0,4.0,0.0,4.0,4690.0,3224.0,1932.0,2,C3,1250000,2019-02-20,statenisland,141-143 NORMA PLACE NYC
3,FLATLANDS,02 TWO FAMILY DWELLINGS,1,7756,60,B1,1110 EAST 53RD STREET,11234.0,2.0,0.0,2.0,2150.0,1872.0,1945.0,1,B1,665000,2019-03-28,brooklyn,1110 EAST 53RD STREET NYC
4,RICHMOND HILL,02 TWO FAMILY DWELLINGS,1,9614,33,B3,134-11 109TH AVENUE,11420.0,2.0,0.0,2.0,3840.0,1268.0,1960.0,1,B3,545000,2019-01-11,queens,134-11 109TH AVENUE NYC
3,CROWN HEIGHTS,02 TWO FAMILY DWELLINGS,1,1216,10,B3,12 REVERE PLACE,11213.0,2.0,0.0,2.0,1617.0,3536.0,1901.0,1,B3,1300000,2019-08-09,brooklyn,12 REVERE PLACE NYC
3,CANARSIE,01 ONE FAMILY DWELLINGS,1,8287,41,A1,1305 EAST 103RD STREET,11236.0,1.0,0.0,1.0,4000.0,1669.0,1955.0,1,A1,640000,2019-07-23,brooklyn,1305 EAST 103RD STREET NYC
4,OZONE PARK,03 THREE FAMILY DWELLINGS,1,9087,22,C0,86-43 102ND AVE,11416.0,3.0,0.0,3.0,1815.0,2500.0,1925.0,1,C0,475000,2019-05-10,queens,86-43 102ND AVE NYC
2,BRONXDALE,02 TWO FAMILY DWELLINGS,1,4563,61,B1,2917 BOUCK AVENUE,10469.0,2.0,0.0,2.0,1942.0,1764.0,1945.0,1,B1,544000,2019-02-21,bronx,2917 BOUCK AVENUE NYC
3,OLD MILL BASIN,22 STORE BUILDINGS,4,7875,1,K4,5023 AVENUE N,11234.0,2.0,1.0,3.0,2000.0,3500.0,1931.0,4,K4,1025000,2019-04-17,brooklyn,5023 AVENUE N NYC
3,FLATBUSH-EAST,02 TWO FAMILY DWELLINGS,1,4868,31,B1,290 LINDEN BOULEVARD,11226.0,2.0,0.0,2.0,3150.0,2008.0,1910.0,1,B1,975000,2019-03-12,brooklyn,290 LINDEN BOULEVARD NYC
3,CANARSIE,01 ONE FAMILY DWELLINGS,1,8024,59,A5,944 EAST 88TH STREET,11236.0,1.0,0.0,1.0,2400.0,871.0,1930.0,1,A5,440000,2019-09-03,brooklyn,944 EAST 88TH STREET NYC
4,ASTORIA,02 TWO FAMILY DWELLINGS,1,546,5,B1,2311 29TH AVENUE,11102.0,2.0,0.0,2.0,2000.0,1732.0,1930.0,1,B1,1200000,2019-05-29,queens,2311 29TH AVENUE NYC
3,BUSHWICK,02 TWO FAMILY DWELLINGS,1,3150,14,B2,20 ARION PLACE,11206.0,2.0,0.0,2.0,2400.0,2400.0,1925.0,1,B2,1090000,2019-02-14,brooklyn,20 ARION PLACE NYC
4,ROSEDALE,01 ONE FAMILY DWELLINGS,1,13237,7,A1,24105 138 AVENUE,11422.0,1.0,0.0,1.0,4000.0,1430.0,1920.0,1,A1,600000,2019-10-31,queens,24105 138 AVENUE NYC
3,BAY RIDGE,02 TWO FAMILY DWELLINGS,1,6081,1,S2,9023 3RD AVENUE,11209.0,2.0,1.0,3.0,2020.0,2520.0,1911.0,1,S2,1600000,2019-04-16,brooklyn,9023 3RD AVENUE NYC
4,ROSEDALE,01 ONE FAMILY DWELLINGS,1,13242,12,A2,244-12 136TH AVENUE,11422.0,1.0,0.0,1.0,4000.0,1356.0,1920.0,1,A2,485000,2019-12-10,queens,244-12 136TH AVENUE NYC
4,JAMAICA,01 ONE FAMILY DWELLINGS,1,9702,28,A1,144-44 87TH ROAD,11435.0,1.0,0.0,1.0,3000.0,1758.0,1920.0,1,A1,710000,2019-01-03,queens,144-44 87TH ROAD NYC
2,PARKCHESTER,02 TWO FAMILY DWELLINGS,1,3935,23,B1,1334 PURDY STREET,10462.0,2.0,0.0,2.0,4900.0,2284.0,1958.0,1,B1,760000,2019-12-30,bronx,1334 PURDY STREET NYC
3,CYPRESS HILLS,01 ONE FAMILY DWELLINGS,1,3925,56,A1,251 ARLINGTON AVENUE,11208.0,1.0,0.0,1.0,2500.0,2016.0,1920.0,1,A1,550000,2019-04-05,brooklyn,251 ARLINGTON AVENUE NYC
4,BELLEROSE,02 TWO FAMILY DWELLINGS,1,8637,90,B9,8802 COMMONWEALTH BLVD.,11426.0,2.0,0.0,2.0,4470.0,2904.0,1970.0,1,B9,825000,2019-12-04,queens,8802 COMMONWEALTH BLVD. NYC
4,CORONA,02 TWO FAMILY DWELLINGS,1,1951,44,B3,57-20 PENROD STREET,11368.0,2.0,0.0,2.0,2000.0,1616.0,1910.0,1,B3,575000,2019-07-10,queens,57-20 PENROD STREET NYC
3,BOROUGH PARK,02 TWO FAMILY DWELLINGS,1,6558,12,B1,2314 63RD STREET,11204.0,2.0,0.0,2.0,2567.0,2520.0,1930.0,1,B1,669000,2019-01-17,brooklyn,2314 63RD STREET NYC
2,MORRIS PARK/VAN NEST,01 ONE FAMILY DWELLINGS,1,4056,16,A5,1834 DELANCEY PLACE,10462.0,1.0,0.0,1.0,1800.0,1024.0,1950.0,1,A5,450000,2019-08-26,bronx,1834 DELANCEY PLACE NYC
3,OLD MILL BASIN,03 THREE FAMILY DWELLINGS,1,7854,11,C0,1387 EAST 56TH STREET,11234.0,3.0,0.0,3.0,2083.0,3280.0,1970.0,1,C0,790000,2019-11-26,brooklyn,1387 EAST 56TH STREET NYC
4,WOODHAVEN,02 TWO FAMILY DWELLINGS,1,8847,126,B1,86-41 80TH STREET,11421.0,2.0,0.0,2.0,2000.0,2080.0,1910.0,1,B1,771000,2019-05-08,queens,86-41 80TH STREET NYC
4,BAYSIDE,01 ONE FAMILY DWELLINGS,1,6268,35,A1,43-17 204TH STREET,11361.0,1.0,0.0,1.0,4000.0,1679.0,1920.0,1,A1,850000,2019-02-07,queens,43-17 204TH STREET NYC
5,TOTTENVILLE,01 ONE FAMILY DWELLINGS,1,7923,76,A1,219 ASPINWALL STREET,10307.0,1.0,0.0,1.0,3900.0,2375.0,1998.0,1,A1,800000,2019-10-30,statenisland,219 ASPINWALL STREET NYC
2,SOUNDVIEW,01 ONE FAMILY DWELLINGS,1,3476,14,A1,314 NEWMAN AVENUE,10473.0,1.0,0.0,1.0,2785.0,1400.0,1920.0,1,A1,490000,2019-03-14,bronx,314 NEWMAN AVENUE NYC
4,COLLEGE POINT,02 TWO FAMILY DWELLINGS,1,4037,12,B2,12-35 116TH STREET,11356.0,2.0,0.0,2.0,4000.0,1688.0,1930.0,1,B2,830000,2019-08-07,queens,12-35 116TH STREET NYC
4,SPRINGFIELD GARDENS,01 ONE FAMILY DWELLINGS,1,12674,77,A1,121-40 193RD ST,11413.0,1.0,0.0,1.0,2697.0,1168.0,1925.0,1,A1,552000,2019-03-19,queens,121-40 193RD ST NYC
3,OCEAN PARKWAY-SOUTH,01 ONE FAMILY DWELLINGS,1,7174,42,A1,30 STRYKER COURT,11223.0,1.0,0.0,1.0,1500.0,1188.0,1955.0,1,A1,795000,2019-08-15,brooklyn,30 STRYKER COURT NYC
2,BRONXDALE,02 TWO FAMILY DWELLINGS,1,4567,124,B1,2917 ONEILL PLACE,10469.0,2.0,0.0,2.0,3990.0,1690.0,1940.0,1,B1,554000,2019-10-04,bronx,2917 ONEILL PLACE NYC
3,CYPRESS HILLS,01 ONE FAMILY DWELLINGS,1,3487,40,A9,15 VERMONT STREET,11207.0,1.0,0.0,1.0,1850.0,1200.0,1910.0,1,A9,460000,2019-06-13,brooklyn,15 VERMONT STREET NYC
3,BOROUGH PARK,01 ONE FAMILY DWELLINGS,1,5681,47,A9,1063 56TH ST.,11219.0,1.0,0.0,1.0,2003.0,1266.0,1925.0,1,A9,600000,2019-03-05,brooklyn,1063 56TH ST. NYC
3,CYPRESS HILLS,01 ONE FAMILY DWELLINGS,1,3950,26,A9,152 JEROME STREET,11207.0,1.0,0.0,1.0,1688.0,1680.0,1901.0,1,A9,384999,2019-09-12,brooklyn,152 JEROME STREET NYC
4,RICHMOND HILL,02 TWO FAMILY DWELLINGS,1,9389,11,B2,94-12 108 ST,11419.0,2.0,0.0,2.0,2523.0,1868.0,1920.0,1,B2,758000,2019-05-02,queens,94-12 108 ST NYC
4,JACKSON HEIGHTS,03 THREE FAMILY DWELLINGS,1,1171,73,C0,32-03 75TH STREET,11370.0,3.0,0.0,3.0,2175.0,2901.0,1960.0,1,C0,1250000,2019-03-27,queens,32-03 75TH STREET NYC
5,NEW DORP-HEIGHTS,01 ONE FAMILY DWELLINGS,1,4349,35,A5,191 RIEDEL AVENUE,10306.0,1.0,0.0,1.0,4590.0,1600.0,1965.0,1,A5,499999,2019-06-04,statenisland,191 RIEDEL AVENUE NYC
2,CASTLE HILL/UNIONPORT,02 TWO FAMILY DWELLINGS,1,3801,32,B1,2058 POWELL AVENUE,10472.0,2.0,0.0,2.0,2120.0,2620.0,1955.0,1,B1,670000,2019-09-05,bronx,2058 POWELL AVENUE NYC
3,OCEAN PARKWAY-SOUTH,02 TWO FAMILY DWELLINGS,1,7194,65,B2,2433 WEST 2ND STREET,11223.0,2.0,0.0,2.0,2000.0,2304.0,1930.0,1,B2,900000,2019-11-26,brooklyn,2433 WEST 2ND STREET NYC
4,ASTORIA,03 THREE FAMILY DWELLINGS,1,899,31,C0,25-25 14TH STREET,11102.0,3.0,0.0,3.0,2500.0,2930.0,1920.0,1,C0,1569000,2019-01-07,queens,25-25 14TH STREET NYC
4,SPRINGFIELD GARDENS,01 ONE FAMILY DWELLINGS,1,13287,56,A2,144-57 175TH STREET,11434.0,1.0,0.0,1.0,3990.0,1582.0,1955.0,1,A2,880000,2019-05-30,queens,144-57 175TH STREET NYC
4,ST. ALBANS,02 TWO FAMILY DWELLINGS,1,12623,50,B3,118-35 198TH STREET,11412.0,2.0,0.0,2.0,4000.0,1680.0,1925.0,1,B3,470000,2019-02-26,queens,118-35 198TH STREET NYC
5,ARDEN HEIGHTS,01 ONE FAMILY DWELLINGS,1,5744,9,A5,517 ILYSSA WAY,10312.0,1.0,0.0,1.0,500.0,1354.0,1996.0,1,A5,325000,2019-10-03,statenisland,517 ILYSSA WAY NYC
3,CYPRESS HILLS,01 ONE FAMILY DWELLINGS,1,4104,6,A9,57 CHESTNUT STREET,11208.0,1.0,0.0,1.0,4350.0,1776.0,1910.0,1,A9,620000,2019-03-29,brooklyn,57 CHESTNUT STREET NYC
3,OCEAN HILL,02 TWO FAMILY DWELLINGS,1,1548,59,B3,987 HERKIMER ST,11233.0,2.0,0.0,2.0,2000.0,1968.0,1920.0,1,B3,329000,2019-06-17,brooklyn,987 HERKIMER ST NYC
4,MASPETH,01 ONE FAMILY DWELLINGS,1,2370,14,A1,54-45 64TH STREET,11378.0,1.0,0.0,1.0,2500.0,1536.0,1925.0,1,A1,750000,2019-10-18,queens,54-45 64TH STREET NYC
4,SPRINGFIELD GARDENS,01 ONE FAMILY DWELLINGS,1,12675,16,A1,120-20 194TH STREET,11412.0,1.0,0.0,1.0,2500.0,1568.0,1920.0,1,A1,575000,2019-10-08,queens,120-20 194TH STREET NYC
2,BRONXDALE,01 ONE FAMILY DWELLINGS,1,4631,31,A5,3363 WALLACE AVENUE,10467.0,1.0,0.0,1.0,1900.0,1160.0,1945.0,1,A5,365000,2019-01-11,bronx,3363 WALLACE AVENUE NYC
3,EAST NEW YORK,01 ONE FAMILY DWELLINGS,1,4066,118,A5,990 BLAKE AVENUE,11208.0,1.0,0.0,1.0,1800.0,1116.0,1990.0,1,A5,440000,2019-02-15,brooklyn,990 BLAKE AVENUE NYC
3,BOROUGH PARK,02 TWO FAMILY DWELLINGS,1,5407,67,B1,643 DAHILL ROAD,11218.0,2.0,0.0,2.0,2000.0,2060.0,1901.0,1,B1,1100000,2019-11-06,brooklyn,643 DAHILL ROAD NYC
3,SUNSET PARK,03 THREE FAMILY DWELLINGS,1,719,74,C0,417 42ND STREET,11232.0,3.0,0.0,3.0,2003.0,2056.0,1910.0,1,C0,1360000,2019-02-21,brooklyn,417 42ND STREET NYC
2,BAYCHESTER,02 TWO FAMILY DWELLINGS,1,4767,31,B3,1609 ADEE AVENUE,10469.0,2.0,0.0,2.0,2500.0,1944.0,1960.0,1,B3,450000,2019-10-21,bronx,1609 ADEE AVENUE NYC
4,ROSEDALE,02 TWO FAMILY DWELLINGS,1,13254,7,B2,138-16 BROOKVILLE BOULEVARD,11422.0,2.0,0.0,2.0,3264.0,1955.0,2016.0,1,B2,835000,2019-10-04,queens,138-16 BROOKVILLE BOULEVARD NYC
3,BROWNSVILLE,02 TWO FAMILY DWELLINGS,1,3627,15,B1,489 THATFORD AVE,11212.0,2.0,0.0,2.0,2400.0,1900.0,1930.0,1,B1,643000,2019-02-08,brooklyn,489 THATFORD AVE NYC
4,BELLEROSE,01 ONE FAMILY DWELLINGS,1,8651,49,A2,244-55 88TH DRIVE,11426.0,1.0,0.0,1.0,3058.0,1004.0,1930.0,1,A2,600000,2019-04-10,queens,244-55 88TH DRIVE NYC
4,MIDDLE VILLAGE,02 TWO FAMILY DWELLINGS,1,2926,26,B1,61-40 70TH STREET,11379.0,2.0,0.0,2.0,2800.0,2208.0,1960.0,1,B1,450000,2019-06-03,queens,61-40 70TH STREET NYC
3,SHEEPSHEAD BAY,01 ONE FAMILY DWELLINGS,1,7386,69,A5,2243 EAST 28TH STREET,11229.0,1.0,0.0,1.0,1600.0,1592.0,1940.0,1,A5,828000,2019-10-17,brooklyn,2243 EAST 28TH STREET NYC
2,WAKEFIELD,01 ONE FAMILY DWELLINGS,1,5025,25,A1,4208 WILDER AVE,10466.0,1.0,0.0,1.0,2614.0,1280.0,1920.0,1,A1,470000,2019-07-30,bronx,4208 WILDER AVE NYC
5,ARDEN HEIGHTS,01 ONE FAMILY DWELLINGS,1,6027,13,A9,1982 ARTHUR KILL ROAD,10312.0,1.0,0.0,1.0,640.0,980.0,1989.0,1,A9,363999,2019-09-27,statenisland,1982 ARTHUR KILL ROAD NYC
2,SCHUYLERVILLE/PELHAM BAY,01 ONE FAMILY DWELLINGS,1,4188,23,A1,1819 MULFORD AVENUE,10461.0,1.0,0.0,1.0,2597.0,1160.0,1920.0,1,A1,490000,2019-06-18,bronx,1819 MULFORD AVENUE NYC
4,FAR ROCKAWAY,02 TWO FAMILY DWELLINGS,1,15763,31,B2,23-42 BROOKHAVEN AVE,11691.0,2.0,0.0,2.0,2723.0,2400.0,2003.0,1,B2,630000,2019-06-05,queens,23-42 BROOKHAVEN AVE NYC
5,NEW SPRINGVILLE,01 ONE FAMILY DWELLINGS,1,2392,109,A5,458 KLONDIKE AVENUE,10314.0,1.0,0.0,1.0,3084.0,2164.0,1981.0,1,A5,730000,2019-11-08,statenisland,458 KLONDIKE AVENUE NYC
4,SOUTH OZONE PARK,02 TWO FAMILY DWELLINGS,1,11896,13,B1,126-24 OLD SOUTH ROAD,11420.0,2.0,0.0,2.0,4100.0,2200.0,1950.0,1,B1,760000,2019-06-07,queens,126-24 OLD SOUTH ROAD NYC
4,FLUSHING-NORTH,01 ONE FAMILY DWELLINGS,1,4862,66,A0,157-23 24TH AVENUE,11357.0,1.0,0.0,1.0,4100.0,1320.0,1950.0,1,A0,873000,2019-10-31,queens,157-23 24TH AVENUE NYC
5,NEW DORP,02 TWO FAMILY DWELLINGS,1,4251,60,B9,223 CANNON BOULEVARD,10306.0,2.0,0.0,2.0,3000.0,1200.0,1993.0,1,B9,655000,2019-01-03,statenisland,223 CANNON BOULEVARD NYC
3,SUNSET PARK,02 TWO FAMILY DWELLINGS,1,749,68,B9,623 46TH STREET,11220.0,2.0,0.0,2.0,2003.0,1880.0,1910.0,1,B9,1240000,2019-10-01,brooklyn,623 46TH STREET NYC
2,EAST TREMONT,02 TWO FAMILY DWELLINGS,1,3093,18,B2,1998 CLINTON AVENUE,10457.0,2.0,0.0,2.0,2000.0,2280.0,1920.0,1,B2,320000,2019-11-13,bronx,1998 CLINTON AVENUE NYC
3,BUSHWICK,03 THREE FAMILY DWELLINGS,1,3366,15,C0,958 MADISON STREET,11221.0,3.0,0.0,3.0,1875.0,2814.0,1901.0,1,C0,1830000,2019-09-17,brooklyn,958 MADISON STREET NYC
3,EAST NEW YORK,02 TWO FAMILY DWELLINGS,1,4080,47,B1,716 CLEVELAND STREET,11208.0,2.0,0.0,2.0,1710.0,1596.0,1901.0,1,B1,675000,2019-06-26,brooklyn,716 CLEVELAND STREET NYC
4,SO. JAMAICA-BAISLEY PARK,01 ONE FAMILY DWELLINGS,1,12351,122,A1,116-20 170TH STREET,11434.0,1.0,0.0,1.0,2400.0,1296.0,1925.0,1,A1,590000,2019-05-20,queens,116-20 170TH STREET NYC
4,BAYSIDE,02 TWO FAMILY DWELLINGS,1,7339,43,B3,214-26 46TH AVENUE,11361.0,2.0,0.0,2.0,1800.0,1224.0,1950.0,1,B3,748000,2019-12-06,queens,214-26 46TH AVENUE NYC
3,SUNSET PARK,03 THREE FAMILY DWELLINGS,1,648,52,C0,215 24TH STREET,11232.0,3.0,0.0,3.0,1878.0,1620.0,1910.0,1,C0,960000,2019-03-06,brooklyn,215 24TH STREET NYC
3,GRAVESEND,01 ONE FAMILY DWELLINGS,1,6624,9,A9,196 AVENUE P,11204.0,1.0,0.0,1.0,1210.0,2123.0,1930.0,1,A9,480000,2019-08-28,brooklyn,196 AVENUE P NYC
3,BOROUGH PARK,02 TWO FAMILY DWELLINGS,1,6563,53,B1,1353 DAHILL ROAD,11204.0,2.0,0.0,2.0,2000.0,1720.0,1930.0,1,B1,1110000,2019-07-31,brooklyn,1353 DAHILL ROAD NYC
3,OLD MILL BASIN,01 ONE FAMILY DWELLINGS,1,7849,26,A9,1545 EAST 51ST STREET,11234.0,1.0,0.0,1.0,1800.0,952.0,1925.0,1,A9,345000,2019-12-18,brooklyn,1545 EAST 51ST STREET NYC
3,EAST NEW YORK,03 THREE FAMILY DWELLINGS,1,4300,66,C0,731 NEW JERSEY AVENUE,11207.0,3.0,0.0,3.0,2000.0,1992.0,1910.0,1,C0,830000,2019-10-17,brooklyn,731 NEW JERSEY AVENUE NYC
3,CROWN HEIGHTS,02 TWO FAMILY DWELLINGS,1,1243,7,B9,209 BROOKLYN AVENUE,11213.0,2.0,0.0,2.0,2147.0,2922.0,1910.0,1,B9,850000,2019-04-11,brooklyn,209 BROOKLYN AVENUE NYC
4,MIDDLE VILLAGE,02 TWO FAMILY DWELLINGS,1,3059,13,B2,66-59 74TH STREET,11379.0,2.0,0.0,2.0,2700.0,2000.0,1930.0,1,B2,679000,2019-01-31,queens,66-59 74TH STREET NYC
4,FLUSHING-NORTH,02 TWO FAMILY DWELLINGS,1,4805,25,B1,147-44 28TH AVENUE,11354.0,2.0,0.0,2.0,3999.0,1858.0,1960.0,1,B1,1300000,2019-04-25,queens,147-44 28TH AVENUE NYC
4,ROSEDALE,01 ONE FAMILY DWELLINGS,1,13670,59,A1,147-44 259TH STREET,11422.0,1.0,0.0,1.0,4000.0,1933.0,1960.0,1,A1,545000,2019-01-25,queens,147-44 259TH STREET NYC
4,SPRINGFIELD GARDENS,02 TWO FAMILY DWELLINGS,1,12313,46,B2,140-34 158TH STREET,11434.0,2.0,0.0,2.0,3000.0,1575.0,1960.0,1,B2,750000,2019-11-05,queens,140-34 158TH STREET NYC
4,FLUSHING-NORTH,01 ONE FAMILY DWELLINGS,1,5589,1,A1,175-05 UNDERHILL AVENUE,11365.0,1.0,0.0,1.0,4040.0,1672.0,1950.0,1,A1,980000,2019-09-06,queens,175-05 UNDERHILL AVENUE NYC
4,WHITESTONE,02 TWO FAMILY DWELLINGS,1,4527,15,B1,151-08 10TH AVENUE,11357.0,2.0,0.0,2.0,1580.0,2580.0,1955.0,1,B1,480000,2019-07-18,queens,151-08 10TH AVENUE NYC
3,BAY RIDGE,01 ONE FAMILY DWELLINGS,1,6059,50,A5,59 89TH STREET,11209.0,1.0,0.0,1.0,2025.0,1312.0,1925.0,1,A5,975000,2019-10-24,brooklyn,59 89TH STREET NYC
2,BAYCHESTER,02 TWO FAMILY DWELLINGS,1,5232,12,B2,3313 HUNTER AVENUE,10475.0,2.0,0.0,2.0,2167.0,2160.0,2005.0,1,B2,330000,2019-06-20,bronx,3313 HUNTER AVENUE NYC
3,CANARSIE,02 TWO FAMILY DWELLINGS,1,8226,57,B1,1044 EAST 100TH,11236.0,2.0,0.0,2.0,2000.0,1560.0,1960.0,1,B1,637000,2019-12-18,brooklyn,1044 EAST 100TH NYC
5,TRAVIS,01 ONE FAMILY DWELLINGS,1,2625,42,A5,50 CHURCH AVENUE,10314.0,1.0,0.0,1.0,1260.0,1240.0,1989.0,1,A5,420000,2019-09-19,statenisland,50 CHURCH AVENUE NYC
4,FLUSHING-NORTH,01 ONE FAMILY DWELLINGS,1,5548,31,A5,46-02 193RD STREET,11358.0,1.0,0.0,1.0,2200.0,1600.0,1935.0,1,A5,948000,2019-10-23,queens,46-02 193RD STREET NYC
2,WOODLAWN,01 ONE FAMILY DWELLINGS,1,3364,56,A1,4286 VAN CORTLANDT PARK EAST,10470.0,1.0,0.0,1.0,1850.0,1048.0,1950.0,1,A1,465000,2019-07-25,bronx,4286 VAN CORTLANDT PARK EAST NYC
2,KINGSBRIDGE/JEROME PARK,03 THREE FAMILY DWELLINGS,1,3263,37,C0,3848 BAILEY AVENUE,10463.0,3.0,0.0,3.0,3134.0,1440.0,1930.0,1,C0,690000,2019-11-22,bronx,3848 BAILEY AVENUE NYC
4,ELMHURST,02 TWO FAMILY DWELLINGS,1,2497,3,B2,53-59 69TH STREET,11378.0,2.0,0.0,2.0,2500.0,2000.0,1940.0,1,B2,917000,2019-11-21,queens,53-59 69TH STREET NYC
2,PARKCHESTER,02 TWO FAMILY DWELLINGS,1,4018,45,B2,1612 ADAMS STREET,10460.0,2.0,0.0,2.0,2375.0,1512.0,1925.0,1,B2,413500,2019-11-06,bronx,1612 ADAMS STREET NYC
5,HUGUENOT,01 ONE FAMILY DWELLINGS,1,6891,60,A2,781 SINCLAIR AVENUE,10309.0,1.0,0.0,1.0,3920.0,1884.0,1960.0,1,A2,685000,2019-08-28,statenisland,781 SINCLAIR AVENUE NYC
3,OCEAN PARKWAY-NORTH,01 ONE FAMILY DWELLINGS,1,6496,36,A9,782 EAST 9 STREET,11230.0,1.0,0.0,1.0,1933.0,1718.0,1925.0,1,A9,775000,2019-08-08,brooklyn,782 EAST 9 STREET NYC
5,GREAT KILLS,01 ONE FAMILY DWELLINGS,1,5294,40,A2,152 RIDGECREST AVENUE,10312.0,1.0,0.0,1.0,3854.0,1855.0,1965.0,1,A2,585000,2019-03-05,statenisland,152 RIDGECREST AVENUE NYC
5,MANOR HEIGHTS,02 TWO FAMILY DWELLINGS,1,799,6,B2,34 PORTAGE AVENUE,10314.0,2.0,0.0,2.0,3940.0,2504.0,1975.0,1,B2,842500,2019-05-02,statenisland,34 PORTAGE AVENUE NYC
4,RICHMOND HILL,01 ONE FAMILY DWELLINGS,1,9549,46,A9,107-71 111TH STREET,11419.0,1.0,0.0,1.0,2000.0,1305.0,1940.0,1,A9,560000,2019-07-10,queens,107-71 111TH STREET NYC
3,FLATBUSH-LEFFERTS GARDEN,02 TWO FAMILY DWELLINGS,1,1314,57,B1,201 STERLING STREET,11225.0,2.0,0.0,2.0,2000.0,2128.0,1910.0,1,B1,1995000,2019-01-31,brooklyn,201 STERLING STREET NYC
4,COLLEGE POINT,01 ONE FAMILY DWELLINGS,1,4204,24,A1,128-10 22ND AVENUE,11356.0,1.0,0.0,1.0,2600.0,1394.0,1920.0,1,A1,550000,2019-11-14,queens,128-10 22ND AVENUE NYC
4,WOODHAVEN,02 TWO FAMILY DWELLINGS,1,8963,92,B3,90-42 84TH STREET,11421.0,2.0,0.0,2.0,1034.0,1900.0,1920.0,1,B3,480000,2019-06-13,queens,90-42 84TH STREET NYC
2,BAYCHESTER,02 TWO FAMILY DWELLINGS,1,5655,40,B2,3563 ROPES AVE,10475.0,2.0,0.0,2.0,2500.0,2160.0,1925.0,1,B2,540000,2019-01-22,bronx,3563 ROPES AVE NYC
5,NEW DORP,01 ONE FAMILY DWELLINGS,1,4053,20,A5,226 CUBA AVENUE,10306.0,1.0,0.0,1.0,1400.0,1480.0,1989.0,1,A5,470000,2019-08-23,statenisland,226 CUBA AVENUE NYC
4,CAMBRIA HEIGHTS,01 ONE FAMILY DWELLINGS,1,11280,70,A5,216-23 115 COURT,11411.0,1.0,0.0,1.0,1544.0,864.0,1940.0,1,A5,490000,2019-10-24,queens,216-23 115 COURT NYC
5,WESTERLEIGH,01 ONE FAMILY DWELLINGS,1,1462,10,A9,131 GLASCOE AVENUE,10314.0,1.0,0.0,1.0,2160.0,1184.0,1960.0,1,A9,459000,2019-02-01,statenisland,131 GLASCOE AVENUE NYC
4,ASTORIA,02 TWO FAMILY DWELLINGS,1,521,129,B1,33-30 14TH STREET,11106.0,2.0,0.0,2.0,1256.0,2262.0,1996.0,1,B1,641498,2019-08-07,queens,33-30 14TH STREET NYC
3,BENSONHURST,02 TWO FAMILY DWELLINGS,1,6214,77,B3,1655 BAY RIDGE PARKWAY,11204.0,2.0,0.0,2.0,1800.0,1416.0,1925.0,1,B3,950000,2019-07-19,brooklyn,1655 BAY RIDGE PARKWAY NYC
4,HOWARD BEACH,01 ONE FAMILY DWELLINGS,1,14178,42,A2,159-41 98TH STREET,11414.0,1.0,0.0,1.0,4000.0,1772.0,1925.0,1,A2,389000,2019-12-17,queens,159-41 98TH STREET NYC
4,BELLE HARBOR,02 TWO FAMILY DWELLINGS,1,16256,62,B1,436 BEACH 134 STREET,11694.0,2.0,0.0,2.0,4000.0,3152.0,1950.0,1,B1,875000,2019-05-31,queens,436 BEACH 134 STREET NYC
5,NEW BRIGHTON,01 ONE FAMILY DWELLINGS,1,36,134,A1,191 CORSON AVENUE,10301.0,1.0,0.0,1.0,2500.0,1484.0,2019.0,1,A1,478000,2019-10-17,statenisland,191 CORSON AVENUE NYC
3,BUSHWICK,02 TWO FAMILY DWELLINGS,1,3361,20,B2,260 WOODBINE STREET,11221.0,2.0,0.0,2.0,1883.0,2541.0,1920.0,1,B2,1520000,2019-11-05,brooklyn,260 WOODBINE STREET NYC
4,ELMHURST,02 TWO FAMILY DWELLINGS,1,2497,3,B2,53-59 69TH STREET,11378.0,2.0,0.0,2.0,2500.0,2000.0,1940.0,1,B2,1676226,2019-03-28,queens,53-59 69TH STREET NYC
4,MIDDLE VILLAGE,01 ONE FAMILY DWELLINGS,1,3023,85,A5,84-59 GOLDINGTON COURT,11379.0,1.0,0.0,1.0,3300.0,1700.0,1950.0,1,A5,560000,2019-08-21,queens,84-59 GOLDINGTON COURT NYC
4,ASTORIA,02 TWO FAMILY DWELLINGS,1,884,81,B2,25-31 21ST STREET,11102.0,2.0,0.0,2.0,1735.0,1880.0,1910.0,1,B2,1225000,2019-03-26,queens,25-31 21ST STREET NYC
4,FLUSHING-NORTH,01 ONE FAMILY DWELLINGS,1,4892,37,A1,161-10 29TH AVENUE,11358.0,1.0,0.0,1.0,4352.0,1248.0,1930.0,1,A1,1363000,2019-09-17,queens,161-10 29TH AVENUE NYC
2,WESTCHESTER,02 TWO FAMILY DWELLINGS,1,3822,61,B1,2263 ELLIS AVENUE,10462.0,2.0,0.0,2.0,2472.0,2540.0,1935.0,1,B1,700000,2019-02-08,bronx,2263 ELLIS AVENUE NYC
4,SOUTH JAMAICA,02 TWO FAMILY DWELLINGS,1,10334,15,B1,177-20 106TH AVENUE,11433.0,2.0,0.0,2.0,2500.0,1600.0,1930.0,1,B1,745000,2019-09-09,queens,177-20 106TH AVENUE NYC
4,RICHMOND HILL,02 TWO FAMILY DWELLINGS,1,9413,4,B2,111-10 95TH AVENUE,11419.0,2.0,0.0,2.0,4000.0,2120.0,1930.0,1,B2,855000,2019-08-19,queens,111-10 95TH AVENUE NYC
3,GRAVESEND,01 ONE FAMILY DWELLINGS,1,7145,75,A2,2271 WEST 6TH STREET,11223.0,1.0,0.0,1.0,2350.0,924.0,1930.0,1,A2,545000,2019-04-03,brooklyn,2271 WEST 6TH STREET NYC
3,CROWN HEIGHTS,01 ONE FAMILY DWELLINGS,1,1368,50,A4,194 BUFFALO AVENUE,11213.0,1.0,0.0,1.0,2400.0,1920.0,1945.0,1,A4,710000,2019-06-05,brooklyn,194 BUFFALO AVENUE NYC
4,MASPETH,03 THREE FAMILY DWELLINGS,1,2694,48,C0,59-95 GRAND AVENUE,11378.0,3.0,0.0,3.0,4699.0,2300.0,1950.0,1,C0,970000,2019-10-11,queens,59-95 GRAND AVENUE NYC
3,EAST NEW YORK,03 THREE FAMILY DWELLINGS,1,4183,21,C0,421 GRANT AVENUE,11208.0,3.0,0.0,3.0,1540.0,1980.0,1910.0,1,C0,840000,2019-05-29,brooklyn,421 GRANT AVENUE NYC
5,PORT RICHMOND,01 ONE FAMILY DWELLINGS,1,1065,148,A5,17 RUMPLER COURT,10302.0,1.0,0.0,1.0,1800.0,1750.0,2005.0,1,A5,310000,2019-02-21,statenisland,17 RUMPLER COURT NYC
5,PLEASANT PLAINS,01 ONE FAMILY DWELLINGS,1,6794,21,A1,44 EVERETT PLACE,10309.0,1.0,0.0,1.0,4911.0,2440.0,2000.0,1,A1,999000,2019-11-01,statenisland,44 EVERETT PLACE NYC
3,CYPRESS HILLS,02 TWO FAMILY DWELLINGS,1,3956,63,B2,196 ESSEX STREET,11208.0,2.0,0.0,2.0,1050.0,1876.0,1901.0,1,B2,635000,2019-04-05,brooklyn,196 ESSEX STREET NYC
4,FOREST HILLS,01 ONE FAMILY DWELLINGS,1,2124,17,A1,10212 63RD AVENUE,11375.0,1.0,0.0,1.0,3000.0,1440.0,1920.0,1,A1,1050000,2019-07-23,queens,10212 63RD AVENUE NYC
3,CANARSIE,02 TWO FAMILY DWELLINGS,1,8005,42,B1,714 EAST 85TH STREET,11236.0,2.0,0.0,2.0,2017.0,1570.0,1965.0,1,B1,680000,2019-07-12,brooklyn,714 EAST 85TH STREET NYC
3,BOROUGH PARK,01 ONE FAMILY DWELLINGS,1,5508,12,A5,2112 58TH STREET,11204.0,1.0,0.0,1.0,1803.0,1782.0,1935.0,1,A5,1110000,2019-07-16,brooklyn,2112 58TH STREET NYC
3,DYKER HEIGHTS,01 ONE FAMILY DWELLINGS,1,6267,73,A5,1213 80TH STREET,11228.0,1.0,0.0,1.0,2000.0,1440.0,1920.0,1,A5,980000,2019-01-08,brooklyn,1213 80TH STREET NYC
4,ASTORIA,03 THREE FAMILY DWELLINGS,1,722,33,C0,32-15 46TH STREET,11103.0,3.0,0.0,3.0,2500.0,2608.0,1962.0,1,C0,1464000,2019-04-16,queens,32-15 46TH STREET NYC
5,MANOR HEIGHTS,01 ONE FAMILY DWELLINGS,1,807,3,A5,155 LIVINGSTON AVENUE,10314.0,1.0,0.0,1.0,2095.0,1834.0,1996.0,1,A5,628000,2019-08-26,statenisland,155 LIVINGSTON AVENUE NYC
3,CROWN HEIGHTS,01 ONE FAMILY DWELLINGS,1,1232,19,A4,72 ROGERS AVENUE,11216.0,1.0,0.0,1.0,1287.0,2976.0,1915.0,1,A4,1725000,2019-07-02,brooklyn,72 ROGERS AVENUE NYC
4,FLUSHING-NORTH,01 ONE FAMILY DWELLINGS,1,6404,8,A5,140-18 58TH ROAD,11355.0,1.0,0.0,1.0,1948.0,1632.0,1935.0,1,A5,925000,2019-01-16,queens,140-18 58TH ROAD NYC
5,GREAT KILLS,01 ONE FAMILY DWELLINGS,1,5240,53,A1,290 PACIFIC AVENUE,10312.0,1.0,0.0,1.0,4000.0,1912.0,1950.0,1,A1,759000,2019-06-13,statenisland,290 PACIFIC AVENUE NYC
3,BEDFORD STUYVESANT,02 TWO FAMILY DWELLINGS,1,1612,124,B9,1064 LAFAYETTE AVENUE,11221.0,2.0,0.0,2.0,2060.0,2016.0,2000.0,1,B9,1060000,2019-09-13,brooklyn,1064 LAFAYETTE AVENUE NYC
4,ST. ALBANS,01 ONE FAMILY DWELLINGS,1,10997,18,A1,113-09 202ND STREET,11412.0,1.0,0.0,1.0,3100.0,1880.0,1925.0,1,A1,570000,2019-11-26,queens,113-09 202ND STREET NYC
3,DYKER HEIGHTS,01 ONE FAMILY DWELLINGS,1,5955,20,A5,1034 76TH STREET,11228.0,1.0,0.0,1.0,1783.0,1170.0,1930.0,1,A5,830000,2019-05-30,brooklyn,1034 76TH STREET NYC
3,CANARSIE,02 TWO FAMILY DWELLINGS,1,7987,27,B1,617 EAST 82 STREET,11236.0,2.0,0.0,2.0,2000.0,1800.0,1960.0,1,B1,724000,2019-11-22,brooklyn,617 EAST 82 STREET NYC
4,EAST ELMHURST,01 ONE FAMILY DWELLINGS,1,1372,77,A5,25-27 98TH STREET,11369.0,1.0,0.0,1.0,2584.0,1368.0,1925.0,1,A5,730000,2019-10-29,queens,25-27 98TH STREET NYC
5,WILLOWBROOK,01 ONE FAMILY DWELLINGS,1,2091,74,A5,57 HALL AVENUE,10314.0,1.0,0.0,1.0,3500.0,1557.0,2018.0,1,A5,672045,2019-11-13,statenisland,57 HALL AVENUE NYC
3,BAY RIDGE,01 ONE FAMILY DWELLINGS,1,6129,33,A1,146 97TH STREET,11209.0,1.0,0.0,1.0,4000.0,1640.0,1925.0,1,A1,1200000,2019-09-18,brooklyn,146 97TH STREET NYC
3,SHEEPSHEAD BAY,01 ONE FAMILY DWELLINGS,1,7366,38,A5,2180 FORD STREET,11229.0,1.0,0.0,1.0,1833.0,1152.0,1950.0,1,A5,622000,2019-04-16,brooklyn,2180 FORD STREET NYC
4,HOLLIS,02 TWO FAMILY DWELLINGS,1,10551,25,B3,210-02 93RD AVENUE,11428.0,2.0,0.0,2.0,2955.0,1845.0,1940.0,1,B3,355000,2019-04-30,queens,210-02 93RD AVENUE NYC
3,OCEAN PARKWAY-NORTH,03 THREE FAMILY DWELLINGS,1,6608,28,C0,1616 EAST 2ND STREET,11230.0,3.0,0.0,3.0,3699.0,3276.0,1930.0,1,C0,400000,2019-03-21,brooklyn,1616 EAST 2ND STREET NYC
4,WHITESTONE,03 THREE FAMILY DWELLINGS,1,4629,35,C0,145-59 19TH AVENUE,11357.0,3.0,0.0,3.0,3742.0,1886.0,1930.0,1,C0,984000,2019-03-06,queens,145-59 19TH AVENUE NYC
4,FLUSHING-NORTH,01 ONE FAMILY DWELLINGS,1,4884,46,A2,160-63 25TH DRIVE,11358.0,1.0,0.0,1.0,3600.0,1896.0,1955.0,1,A2,1060000,2019-08-15,queens,160-63 25TH DRIVE NYC
3,BOROUGH PARK,03 THREE FAMILY DWELLINGS,1,5543,72,C0,2111 64 STREET,11204.0,3.0,0.0,3.0,2917.0,2135.0,1920.0,1,C0,1115000,2019-02-04,brooklyn,2111 64 STREET NYC
2,PELHAM GARDENS,01 ONE FAMILY DWELLINGS,1,4483,30,A5,2456 MICKLE AVENUE,10469.0,1.0,0.0,1.0,2600.0,2110.0,1950.0,1,A5,571000,2019-03-01,bronx,2456 MICKLE AVENUE NYC
2,CASTLE HILL/UNIONPORT,02 TWO FAMILY DWELLINGS,1,3508,53,B1,425 TORRY AVENUE,10473.0,2.0,0.0,2.0,1920.0,1558.0,1965.0,1,B1,378000,2019-05-07,bronx,425 TORRY AVENUE NYC
2,PARKCHESTER,03 THREE FAMILY DWELLINGS,1,4023,52,C0,1630 MELVILLE STREET,10460.0,3.0,0.0,3.0,2500.0,3060.0,2005.0,1,C0,620000,2019-02-07,bronx,1630 MELVILLE STREET NYC
4,SPRINGFIELD GARDENS,01 ONE FAMILY DWELLINGS,1,12576,48,A0,137-16 171ST STREET,11434.0,1.0,0.0,1.0,4010.0,1110.0,1945.0,1,A0,640000,2019-07-15,queens,137-16 171ST STREET NYC
4,ELMHURST,02 TWO FAMILY DWELLINGS,1,2469,30,B3,51-54 HILLYER STREET,11373.0,2.0,0.0,2.0,2199.0,1977.0,1940.0,1,B3,1242265,2019-11-18,queens,51-54 HILLYER STREET NYC
4,FLUSHING-NORTH,02 TWO FAMILY DWELLINGS,1,4409,17,B2,31-25 LINDEN PLACE,11354.0,2.0,0.0,2.0,3125.0,1410.0,1920.0,1,B2,1850000,2019-09-09,queens,31-25 LINDEN PLACE NYC
4,ARVERNE,02 TWO FAMILY DWELLINGS,1,16029,52,B9,6-39 BEACH 68 STREET,11692.0,2.0,0.0,2.0,2750.0,1428.0,1960.0,1,B9,468000,2019-05-16,queens,6-39 BEACH 68 STREET NYC
3,BEDFORD STUYVESANT,02 TWO FAMILY DWELLINGS,1,1846,52,B9,255 MACON STREET,11216.0,2.0,0.0,2.0,1917.0,2070.0,1910.0,1,B9,1300000,2019-07-24,brooklyn,255 MACON STREET NYC
4,FAR ROCKAWAY,02 TWO FAMILY DWELLINGS,1,15705,37,B2,10-62 BEACH 22 STREET,11691.0,2.0,0.0,2.0,3058.0,2200.0,2000.0,1,B2,620000,2019-08-30,queens,10-62 BEACH 22 STREET NYC
5,ARDEN HEIGHTS,01 ONE FAMILY DWELLINGS,1,6022,70,A5,6 DAFFODIL COURT,10312.0,1.0,0.0,1.0,2996.0,1190.0,1982.0,1,A5,499990,2019-02-25,statenisland,6 DAFFODIL COURT NYC
5,GREAT KILLS,02 TWO FAMILY DWELLINGS,1,5282,34,B3,70 WILLIAM AVENUE,10308.0,2.0,0.0,2.0,3960.0,2132.0,1955.0,1,B3,790000,2019-03-01,statenisland,70 WILLIAM AVENUE NYC
5,GRANT CITY,02 TWO FAMILY DWELLINGS,1,3569,29,B3,15 CASCADE STREET,10306.0,2.0,0.0,2.0,4000.0,825.0,1955.0,1,B3,595000,2019-07-19,statenisland,15 CASCADE STREET NYC
5,NEW DORP-HEIGHTS,01 ONE FAMILY DWELLINGS,1,4311,74,A1,25 DALTON AVENUE,10306.0,1.0,0.0,1.0,4000.0,1120.0,1930.0,1,A1,510000,2019-03-18,statenisland,25 DALTON AVENUE NYC
2,MORRIS PARK/VAN NEST,01 ONE FAMILY DWELLINGS,1,4045,59,A5,1714 MATTHEWS AVENUE,10462.0,1.0,0.0,1.0,1301.0,1528.0,1970.0,1,A5,380250,2019-02-08,bronx,1714 MATTHEWS AVENUE NYC
4,DOUGLASTON,01 ONE FAMILY DWELLINGS,1,8289,33,A5,240-08 66 AVENUE,11362.0,1.0,0.0,1.0,2000.0,1520.0,1975.0,1,A5,800000,2019-10-31,queens,240-08 66 AVENUE NYC
2,BAYCHESTER,01 ONE FAMILY DWELLINGS,1,4957,57,A1,3919 MURDOCK AVENUE,10466.0,1.0,0.0,1.0,2500.0,1534.0,1930.0,1,A1,505000,2019-09-05,bronx,3919 MURDOCK AVENUE NYC
3,DYKER HEIGHTS,03 THREE FAMILY DWELLINGS,1,6221,10,C0,1210 BAY RIDGE PKWY,11228.0,3.0,0.0,3.0,1900.0,2000.0,1910.0,1,C0,1405000,2019-02-27,brooklyn,1210 BAY RIDGE PKWY NYC
4,SOUTH OZONE PARK,01 ONE FAMILY DWELLINGS,1,11783,42,A1,133-12 125TH STREET,11420.0,1.0,0.0,1.0,2000.0,952.0,1920.0,1,A1,750929,2019-09-16,queens,133-12 125TH STREET NYC
3,CANARSIE,03 THREE FAMILY DWELLINGS,1,8057,52,C0,15 PAERDEGAT 8 STREET,11236.0,3.0,0.0,3.0,2000.0,2805.0,1965.0,1,C0,676000,2019-08-22,brooklyn,15 PAERDEGAT 8 STREET NYC
4,BAYSIDE,02 TWO FAMILY DWELLINGS,1,6227,3,B1,210-15 42ND AVENUE,11361.0,2.0,0.0,2.0,2904.0,1732.0,1955.0,1,B1,1070000,2019-10-11,queens,210-15 42ND AVENUE NYC
5,WILLOWBROOK,01 ONE FAMILY DWELLINGS,1,785,57,A2,210 MARTIN AVENUE,10314.0,1.0,0.0,1.0,4000.0,1884.0,1965.0,1,A2,690000,2019-08-22,statenisland,210 MARTIN AVENUE NYC
3,OCEAN PARKWAY-NORTH,02 TWO FAMILY DWELLINGS,1,6540,63,B1,1353 EAST 4TH ST,11230.0,2.0,0.0,2.0,2000.0,3806.0,1930.0,1,B1,950000,2019-07-25,brooklyn,1353 EAST 4TH ST NYC
5,NEW DORP,01 ONE FAMILY DWELLINGS,1,4055,10,A5,91 ISERNIA AVENUE,10306.0,1.0,0.0,1.0,2575.0,1600.0,1996.0,1,A5,545000,2019-08-29,statenisland,91 ISERNIA AVENUE NYC
4,EAST ELMHURST,01 ONE FAMILY DWELLINGS,1,1693,8,A2,106-18 ASTORIA BLVD,11369.0,1.0,0.0,1.0,2436.0,1278.0,1901.0,1,A2,990000,2019-12-30,queens,106-18 ASTORIA BLVD NYC
5,TOTTENVILLE,02 TWO FAMILY DWELLINGS,1,7868,128,B9,7300 AMBOY ROAD,10307.0,2.0,0.0,2.0,3210.0,1195.0,2005.0,1,B9,450000,2019-10-11,statenisland,7300 AMBOY ROAD NYC
4,COLLEGE POINT,01 ONE FAMILY DWELLINGS,1,3974,102,A9,9-18 127TH STREET,11356.0,1.0,0.0,1.0,2500.0,1130.0,1930.0,1,A9,800000,2019-02-27,queens,9-18 127TH STREET NYC
3,SHEEPSHEAD BAY,22 STORE BUILDINGS,4,7343,1,K4,1102 AVENUE U,11223.0,1.0,2.0,3.0,1845.0,3002.0,1927.0,4,K4,1375000,2019-12-18,brooklyn,1102 AVENUE U NYC
3,OCEAN PARKWAY-NORTH,02 TWO FAMILY DWELLINGS,1,5387,76,B2,613 EAST 3RD STREET,11218.0,2.0,0.0,2.0,3000.0,2628.0,1920.0,1,B2,1150000,2019-02-08,brooklyn,613 EAST 3RD STREET NYC
3,EAST NEW YORK,03 THREE FAMILY DWELLINGS,1,3789,34,C0,474 NEW JERSEY AVENUE,11207.0,3.0,0.0,3.0,2000.0,3000.0,1901.0,1,C0,859000,2019-11-26,brooklyn,474 NEW JERSEY AVENUE NYC
4,SOUTH OZONE PARK,01 ONE FAMILY DWELLINGS,1,11604,58,A1,109-17 123RD STREET,11420.0,1.0,0.0,1.0,3283.0,1206.0,1930.0,1,A1,450000,2019-12-03,queens,109-17 123RD STREET NYC
4,ST. ALBANS,01 ONE FAMILY DWELLINGS,1,11070,114,A1,116-35 198TH STREET,11412.0,1.0,0.0,1.0,2220.0,1395.0,1925.0,1,A1,550000,2019-12-11,queens,116-35 198TH STREET NYC
5,GREAT KILLS,01 ONE FAMILY DWELLINGS,1,5303,29,A1,241 WIMAN AVENUE,10308.0,1.0,0.0,1.0,2475.0,640.0,1930.0,1,A1,472000,2019-10-15,statenisland,241 WIMAN AVENUE NYC
3,BEDFORD STUYVESANT,03 THREE FAMILY DWELLINGS,1,1817,29,C0,170 MONROE STREET,11216.0,3.0,0.0,3.0,1590.0,2700.0,2004.0,1,C0,1200000,2019-01-14,brooklyn,170 MONROE STREET NYC
4,MASPETH,02 TWO FAMILY DWELLINGS,1,2676,42,B2,58-22 57TH DRIVE,11378.0,2.0,0.0,2.0,2100.0,1520.0,1925.0,1,B2,820000,2019-04-29,queens,58-22 57TH DRIVE NYC
3,BAY RIDGE,02 TWO FAMILY DWELLINGS,1,6007,59,B1,347 83RD STREET,11209.0,2.0,0.0,2.0,2500.0,3367.0,1915.0,1,B1,1432000,2019-10-29,brooklyn,347 83RD STREET NYC
4,SPRINGFIELD GARDENS,01 ONE FAMILY DWELLINGS,1,12686,70,A1,121-20 199 STREET,11413.0,1.0,0.0,1.0,2470.0,992.0,1925.0,1,A1,440000,2019-03-12,queens,121-20 199 STREET NYC
4,SPRINGFIELD GARDENS,02 TWO FAMILY DWELLINGS,1,12318,62,B3,140-60 GUY BREWER BOULEVARD,11434.0,2.0,0.0,2.0,4480.0,2671.0,1925.0,1,B3,885000,2019-06-11,queens,140-60 GUY BREWER BOULEVARD NYC
3,DYKER HEIGHTS,01 ONE FAMILY DWELLINGS,1,6303,44,A5,1365 83RD STREET,11228.0,1.0,0.0,1.0,2000.0,2400.0,1945.0,1,A5,805000,2019-03-14,brooklyn,1365 83RD STREET NYC
4,QUEENS VILLAGE,02 TWO FAMILY DWELLINGS,1,11221,80,B3,223-14 112TH AVENUE,11429.0,2.0,0.0,2.0,4000.0,1644.0,1930.0,1,B3,455000,2019-07-11,queens,223-14 112TH AVENUE NYC
4,LAURELTON,01 ONE FAMILY DWELLINGS,1,13177,4,A2,229-09 139TH AVENUE,11413.0,1.0,0.0,1.0,3600.0,1720.0,1940.0,1,A2,690000,2019-08-09,queens,229-09 139TH AVENUE NYC
3,FLATBUSH-NORTH,02 TWO FAMILY DWELLINGS,1,4624,21,B1,26 EAST 55TH STREET,11203.0,2.0,0.0,2.0,2200.0,1767.0,1945.0,1,B1,508546,2019-05-13,brooklyn,26 EAST 55TH STREET NYC
3,OLD MILL BASIN,01 ONE FAMILY DWELLINGS,1,7880,59,A9,1420 EAST 56TH STREET,11234.0,1.0,0.0,1.0,1900.0,812.0,1925.0,1,A9,440000,2019-02-21,brooklyn,1420 EAST 56TH STREET NYC
3,MARINE PARK,01 ONE FAMILY DWELLINGS,1,6843,27,A5,1950 STUART STREET,11229.0,1.0,0.0,1.0,2000.0,1280.0,1940.0,1,A5,728000,2019-11-08,brooklyn,1950 STUART STREET NYC
4,FLUSHING-SOUTH,01 ONE FAMILY DWELLINGS,1,6532,56,A5,144-55 68TH AVENUE,11367.0,1.0,0.0,1.0,1800.0,1224.0,1950.0,1,A5,690000,2019-12-03,queens,144-55 68TH AVENUE NYC
3,CANARSIE,02 TWO FAMILY DWELLINGS,1,8076,58,B9,1345 E. 85TH STREET,11236.0,2.0,0.0,2.0,2000.0,1832.0,1955.0,1,B9,534581,2019-07-23,brooklyn,1345 E. 85TH STREET NYC
4,MIDDLE VILLAGE,02 TWO FAMILY DWELLINGS,1,3010,10,B1,82-56 PENELOPE AVENUE,11379.0,2.0,0.0,2.0,2000.0,1792.0,1930.0,1,B1,970000,2019-05-30,queens,82-56 PENELOPE AVENUE NYC
4,BELLE HARBOR,02 TWO FAMILY DWELLINGS,1,16206,22,B3,435 BEACH 124 STREET,11694.0,2.0,0.0,2.0,4600.0,2060.0,1940.0,1,B3,800000,2019-07-17,queens,435 BEACH 124 STREET NYC
5,NEW BRIGHTON,01 ONE FAMILY DWELLINGS,1,61,24,A1,44 VAN BUREN STREET,10301.0,1.0,0.0,1.0,4218.0,1728.0,1925.0,1,A1,542500,2019-07-19,statenisland,44 VAN BUREN STREET NYC
2,WAKEFIELD,01 ONE FAMILY DWELLINGS,1,5090,34,A1,4413 BRUNER AVENUE,10466.0,1.0,0.0,1.0,2435.0,1128.0,1925.0,1,A1,465000,2019-06-19,bronx,4413 BRUNER AVENUE NYC
4,OAKLAND GARDENS,02 TWO FAMILY DWELLINGS,1,7687,62,B2,69-59 228TH STREET,11364.0,2.0,0.0,2.0,4000.0,2698.0,2017.0,1,B2,1731025,2019-03-01,queens,69-59 228TH STREET NYC
3,FLATBUSH-EAST,14 RENTALS - 4-10 UNIT,2A,4701,1,S9,5302 CHURCH AVENUE,11203.0,2.0,2.0,4.0,1637.0,3260.0,1931.0,2,S9,1220000,2019-06-18,brooklyn,5302 CHURCH AVENUE NYC
4,EAST ELMHURST,01 ONE FAMILY DWELLINGS,1,1690,10,A1,103-22 ASTORIA BOULEVARD,11369.0,1.0,0.0,1.0,2528.0,1520.0,1920.0,1,A1,600000,2019-12-30,queens,103-22 ASTORIA BOULEVARD NYC
3,FLATBUSH-EAST,02 TWO FAMILY DWELLINGS,1,4945,28,B3,4501 CLARENDON ROAD,11203.0,2.0,0.0,2.0,1800.0,1584.0,1925.0,1,B3,798500,2019-12-19,brooklyn,4501 CLARENDON ROAD NYC
5,GREAT KILLS,01 ONE FAMILY DWELLINGS,1,5270,49,A2,19 DRIGGS STREET,10308.0,1.0,0.0,1.0,3000.0,644.0,1925.0,1,A2,455000,2019-06-05,statenisland,19 DRIGGS STREET NYC
4,QUEENS VILLAGE,01 ONE FAMILY DWELLINGS,1,10664,66,A5,89-24 SPRINGFIELD BLVD,11427.0,1.0,0.0,1.0,1656.0,1818.0,1945.0,1,A5,605000,2019-08-09,queens,89-24 SPRINGFIELD BLVD NYC
2,HIGHBRIDGE/MORRIS HEIGHTS,01 ONE FAMILY DWELLINGS,1,2526,63,A9,1104 UNIVERSITY AVENUE,10452.0,1.0,0.0,1.0,2212.0,1468.0,1901.0,1,A9,490000,2019-02-11,bronx,1104 UNIVERSITY AVENUE NYC
3,FLATLANDS,01 ONE FAMILY DWELLINGS,1,7841,5,A9,4311 AVENUE M,11234.0,1.0,0.0,1.0,2000.0,1420.0,1920.0,1,A9,655000,2019-10-18,brooklyn,4311 AVENUE M NYC
2,COUNTRY CLUB,02 TWO FAMILY DWELLINGS,1,5459,10,B1,1055 VINCENT AVENUE,10465.0,2.0,0.0,2.0,670.0,1140.0,1925.0,1,B1,356250,2019-04-08,bronx,1055 VINCENT AVENUE NYC
3,KENSINGTON,03 THREE FAMILY DWELLINGS,1,5304,21,C0,183 MINNA STREET,11218.0,3.0,0.0,3.0,3000.0,3080.0,1940.0,1,C0,1550000,2019-11-13,brooklyn,183 MINNA STREET NYC
3,FLATBUSH-LEFFERTS GARDEN,01 ONE FAMILY DWELLINGS,1,5050,4,A9,623 ROGERS AVENUE,11225.0,1.0,0.0,1.0,1850.0,1275.0,1905.0,1,A9,1100000,2019-07-09,brooklyn,623 ROGERS AVENUE NYC
3,BENSONHURST,07 RENTALS - WALKUP APARTMENTS,2A,6260,29,C3,1762 78TH STREET,11214.0,4.0,0.0,4.0,2550.0,3237.0,1931.0,2,C3,1750000,2019-04-16,brooklyn,1762 78TH STREET NYC
3,GRAVESEND,02 TWO FAMILY DWELLINGS,1,6604,35,B3,1560 WEST 2ND STREET,11204.0,2.0,0.0,2.0,4000.0,2144.0,1920.0,1,B3,1200000,2019-12-12,brooklyn,1560 WEST 2ND STREET NYC
4,FLUSHING-SOUTH,02 TWO FAMILY DWELLINGS,1,6962,32,B1,174-02 JEWEL AVENUE,11365.0,2.0,0.0,2.0,2800.0,1848.0,1940.0,1,B1,1169000,2019-12-04,queens,174-02 JEWEL AVENUE NYC
3,BOROUGH PARK,01 ONE FAMILY DWELLINGS,1,5740,35,A1,1364 63RD STREET,11219.0,1.0,0.0,1.0,2147.0,1980.0,1930.0,1,A1,990000,2019-09-04,brooklyn,1364 63RD STREET NYC
4,ELMHURST,01 ONE FAMILY DWELLINGS,1,1542,27,A1,51-16 VAN LOON STREET,11373.0,1.0,0.0,1.0,2250.0,1344.0,1920.0,1,A1,900000,2019-03-25,queens,51-16 VAN LOON STREET NYC
4,SO. JAMAICA-BAISLEY PARK,01 ONE FAMILY DWELLINGS,1,12366,1,A5,16902 FOCH BLVD,11434.0,1.0,0.0,1.0,2300.0,924.0,1945.0,1,A5,477000,2019-07-30,queens,16902 FOCH BLVD NYC
4,SOUTH JAMAICA,02 TWO FAMILY DWELLINGS,1,10086,24,B3,146-21 SHORE AVENUE,11435.0,2.0,0.0,2.0,2500.0,1484.0,1920.0,1,B3,680000,2019-06-03,queens,146-21 SHORE AVENUE NYC
4,ASTORIA,01 ONE FAMILY DWELLINGS,1,849,35,A5,20-31 28TH STREET,11105.0,1.0,0.0,1.0,1600.0,960.0,1945.0,1,A5,896500,2019-12-19,queens,20-31 28TH STREET NYC
3,MIDWOOD,01 ONE FAMILY DWELLINGS,1,6751,66,A9,1471 EAST 13TH STREET,11230.0,1.0,0.0,1.0,2600.0,1668.0,1925.0,1,A9,985500,2019-06-20,brooklyn,1471 EAST 13TH STREET NYC
4,MASPETH,02 TWO FAMILY DWELLINGS,1,2413,1,B2,66-25 52ND AVENUE,11378.0,2.0,0.0,2.0,2000.0,1600.0,1920.0,1,B2,710000,2019-10-15,queens,66-25 52ND AVENUE NYC
3,MARINE PARK,01 ONE FAMILY DWELLINGS,1,7886,42,A2,3916 QUENTIN ROAD,11234.0,1.0,0.0,1.0,4000.0,1823.0,1925.0,1,A2,999000,2019-12-05,brooklyn,3916 QUENTIN ROAD NYC
3,FLATBUSH-EAST,02 TWO FAMILY DWELLINGS,1,4724,17,B3,416 EAST 53RD STREET,11203.0,2.0,0.0,2.0,2000.0,1644.0,1920.0,1,B3,655000,2019-06-01,brooklyn,416 EAST 53RD STREET NYC
5,NEW SPRINGVILLE,01 ONE FAMILY DWELLINGS,1,2376,127,A5,249 MONAHAN AVENUE,10314.0,1.0,0.0,1.0,2523.0,1452.0,1980.0,1,A5,620000,2019-10-24,statenisland,249 MONAHAN AVENUE NYC
5,ROSEBANK,01 ONE FAMILY DWELLINGS,1,3077,13,A1,21 LINCOLN PLACE,10305.0,1.0,0.0,1.0,2500.0,1528.0,1905.0,1,A1,615000,2019-06-06,statenisland,21 LINCOLN PLACE NYC
2,MOUNT HOPE/MOUNT EDEN,01 ONE FAMILY DWELLINGS,1,2798,46,A1,1761 TOPPING AVENUE,10457.0,1.0,0.0,1.0,2375.0,2310.0,1901.0,1,A1,500000,2019-03-13,bronx,1761 TOPPING AVENUE NYC
3,CANARSIE,02 TWO FAMILY DWELLINGS,1,7965,25,B2,561 EAST 86TH STREET,11236.0,2.0,0.0,2.0,2000.0,1800.0,1965.0,1,B2,425000,2019-04-12,brooklyn,561 EAST 86TH STREET NYC
4,SOUTH JAMAICA,03 THREE FAMILY DWELLINGS,1,10171,5,C0,108-51 GUY R BREWER BLVD,11433.0,3.0,0.0,3.0,2000.0,3600.0,2005.0,1,C0,645000,2019-10-28,queens,108-51 GUY R BREWER BLVD NYC
5,MARINERS HARBOR,02 TWO FAMILY DWELLINGS,1,1253,3,B2,83 GRANDVIEW AVENUE,10303.0,2.0,0.0,2.0,4032.0,2416.0,2018.0,1,B2,753505,2019-03-06,statenisland,83 GRANDVIEW AVENUE NYC
3,BEDFORD STUYVESANT,03 THREE FAMILY DWELLINGS,1,1754,61,C0,51 VERNON AVENUE,11206.0,3.0,0.0,3.0,1875.0,2139.0,1920.0,1,C0,805000,2019-07-23,brooklyn,51 VERNON AVENUE NYC
5,ROSEBANK,01 ONE FAMILY DWELLINGS,1,2827,116,A5,250 EDGEWATER STREET,10305.0,1.0,0.0,1.0,1412.0,1232.0,1996.0,1,A5,585000,2019-01-31,statenisland,250 EDGEWATER STREET NYC
3,FLATBUSH-NORTH,02 TWO FAMILY DWELLINGS,1,4792,5,B1,460 EAST NEW YORK AVENUE,11225.0,2.0,0.0,2.0,2000.0,2000.0,1905.0,1,B1,890000,2019-10-25,brooklyn,460 EAST NEW YORK AVENUE NYC
4,HILLCREST,01 ONE FAMILY DWELLINGS,1,7019,34,A1,80-31 168TH STREET,11432.0,1.0,0.0,1.0,4000.0,1484.0,1920.0,1,A1,640000,2019-11-21,queens,80-31 168TH STREET NYC
4,FLUSHING-SOUTH,01 ONE FAMILY DWELLINGS,1,6963,24,A5,70-35 175TH STREET,11365.0,1.0,0.0,1.0,3024.0,1224.0,1940.0,1,A5,834000,2019-06-20,queens,70-35 175TH STREET NYC
3,FLATLANDS,02 TWO FAMILY DWELLINGS,1,7837,19,B1,1153 EAST 57TH STREET,11234.0,2.0,0.0,2.0,2400.0,3443.0,1955.0,1,B1,725000,2019-03-12,brooklyn,1153 EAST 57TH STREET NYC
2,BATHGATE,02 TWO FAMILY DWELLINGS,1,3036,140,B1,2063 WASHINGTON AVENUE,10457.0,2.0,0.0,2.0,3346.0,2308.0,1997.0,1,B1,640000,2019-02-07,bronx,2063 WASHINGTON AVENUE NYC
4,SPRINGFIELD GARDENS,01 ONE FAMILY DWELLINGS,1,12727,9,A2,19011 PINEVILLE LANE,11413.0,1.0,0.0,1.0,3168.0,1968.0,1960.0,1,A2,415000,2019-09-10,queens,19011 PINEVILLE LANE NYC
5,MIDLAND BEACH,01 ONE FAMILY DWELLINGS,1,3728,67,A5,431 BEDFORD AVENUE,10306.0,1.0,0.0,1.0,2500.0,896.0,1969.0,1,A5,475000,2019-01-28,statenisland,431 BEDFORD AVENUE NYC
4,HOWARD BEACH,01 ONE FAMILY DWELLINGS,1,14204,18,A2,163-26 97TH STREET,11414.0,1.0,0.0,1.0,4000.0,2002.0,1950.0,1,A2,675000,2019-03-18,queens,163-26 97TH STREET NYC
4,QUEENS VILLAGE,01 ONE FAMILY DWELLINGS,1,11120,23,A1,109-15 217TH STREET,11429.0,1.0,0.0,1.0,4000.0,1330.0,1930.0,1,A1,685000,2019-10-03,queens,109-15 217TH STREET NYC
3,BENSONHURST,03 THREE FAMILY DWELLINGS,1,6329,61,C0,2041 84TH STREET,11214.0,3.0,0.0,3.0,2000.0,2096.0,1905.0,1,C0,1200000,2019-02-27,brooklyn,2041 84TH STREET NYC
3,MADISON,01 ONE FAMILY DWELLINGS,1,6812,63,A1,1773 EAST 29TH STREET,11229.0,1.0,0.0,1.0,3150.0,1630.0,1925.0,1,A1,1300000,2019-08-19,brooklyn,1773 EAST 29TH STREET NYC
3,BUSHWICK,02 TWO FAMILY DWELLINGS,1,3254,62,B2,73 STANHOPE STREET,11221.0,2.0,0.0,2.0,2000.0,1920.0,1901.0,1,B2,375000,2019-08-29,brooklyn,73 STANHOPE STREET NYC
4,FLUSHING-SOUTH,01 ONE FAMILY DWELLINGS,1,6709,68,A5,150-60 77TH ROAD,11367.0,1.0,0.0,1.0,1800.0,1224.0,1945.0,1,A5,752000,2019-10-18,queens,150-60 77TH ROAD NYC
4,REGO PARK,02 TWO FAMILY DWELLINGS,1,3102,85,B3,6217 ALDERTON STREET,11374.0,2.0,0.0,2.0,2928.0,2660.0,1945.0,1,B3,1125000,2019-08-19,queens,6217 ALDERTON STREET NYC
3,FLATBUSH-EAST,01 ONE FAMILY DWELLINGS,1,4888,19,A9,206 EAST 35TH STREET,11203.0,1.0,0.0,1.0,1800.0,1716.0,1910.0,1,A9,683000,2019-01-24,brooklyn,206 EAST 35TH STREET NYC
5,SOUTH BEACH,02 TWO FAMILY DWELLINGS,1,3267,27,B2,23 LINWOOD AVENUE,10305.0,2.0,0.0,2.0,4000.0,2300.0,1965.0,1,B2,998903,2019-01-22,statenisland,23 LINWOOD AVENUE NYC
3,GRAVESEND,03 THREE FAMILY DWELLINGS,1,6417,7,C0,169 BAY 32ND STREET,11214.0,3.0,0.0,3.0,2290.0,2540.0,1960.0,1,C0,995000,2019-01-17,brooklyn,169 BAY 32ND STREET NYC
4,RICHMOND HILL,01 ONE FAMILY DWELLINGS,1,9591,54,A1,105-01 131ST STREET,11419.0,1.0,0.0,1.0,2000.0,1050.0,1920.0,1,A1,585000,2019-11-01,queens,105-01 131ST STREET NYC
2,MORRIS PARK/VAN NEST,02 TWO FAMILY DWELLINGS,1,4093,11,B2,1659 RADCLIFF AVENUE,10462.0,2.0,0.0,2.0,2500.0,1620.0,1925.0,1,B2,845000,2019-08-29,bronx,1659 RADCLIFF AVENUE NYC
3,BRIGHTON BEACH,02 TWO FAMILY DWELLINGS,1,8677,18,B3,3038 BRIGHTON 8 STREET,11235.0,2.0,0.0,2.0,2288.0,1352.0,1925.0,1,B3,601124,2019-12-04,brooklyn,3038 BRIGHTON 8 STREET NYC
3,BROWNSVILLE,01 ONE FAMILY DWELLINGS,1,3515,124,A5,519 SARATOGA AVENUE,11212.0,1.0,0.0,1.0,4100.0,1640.0,1987.0,1,A5,805000,2019-08-15,brooklyn,519 SARATOGA AVENUE NYC
4,ST. ALBANS,02 TWO FAMILY DWELLINGS,1,11038,62,B3,115-34 198TH STREET,11412.0,2.0,0.0,2.0,3000.0,1600.0,1925.0,1,B3,832704,2019-09-03,queens,115-34 198TH STREET NYC
4,SPRINGFIELD GARDENS,02 TWO FAMILY DWELLINGS,1,13029,6,B3,139-15 SOUTHGATE PLAZA,11413.0,2.0,0.0,2.0,4614.0,2184.0,1960.0,1,B3,711661,2019-05-22,queens,139-15 SOUTHGATE PLAZA NYC
4,CORONA,14 RENTALS - 4-10 UNIT,1,1741,21,B2,35-42 101 STREET,11368.0,2.0,0.0,2.0,2500.0,2900.0,1960.0,2,S3,1323000,2019-10-07,queens,35-42 101 STREET NYC
4,ELMHURST,02 TWO FAMILY DWELLINGS,1,2501,109,B1,55-07 69TH PLACE,11378.0,2.0,0.0,2.0,1700.0,1600.0,1940.0,1,B1,990000,2019-01-08,queens,55-07 69TH PLACE NYC
4,QUEENS VILLAGE,01 ONE FAMILY DWELLINGS,1,11147,3,A2,110-31 MONTEREY STREET,11429.0,1.0,0.0,1.0,4024.0,774.0,1920.0,1,A2,450000,2019-12-26,queens,110-31 MONTEREY STREET NYC
2,BEDFORD PARK/NORWOOD,02 TWO FAMILY DWELLINGS,1,3331,51,B3,3101 WEBSTER AVENUE,10467.0,2.0,0.0,2.0,2875.0,2079.0,1915.0,1,B3,495000,2019-08-13,bronx,3101 WEBSTER AVENUE NYC
2,SOUNDVIEW,02 TWO FAMILY DWELLINGS,1,3772,53,B1,1239 ELDER AVENUE,10472.0,2.0,0.0,2.0,2500.0,2648.0,1935.0,1,B1,717500,2019-11-06,bronx,1239 ELDER AVENUE NYC
3,OLD MILL BASIN,02 TWO FAMILY DWELLINGS,1,8404,12,B1,2057 EAST 61ST STREET,11234.0,2.0,0.0,2.0,3118.0,1575.0,1960.0,1,B1,700000,2019-01-18,brooklyn,2057 EAST 61ST STREET NYC
2,WILLIAMSBRIDGE,02 TWO FAMILY DWELLINGS,1,4692,17,B3,949 EAST 221 STREET,10469.0,2.0,0.0,2.0,1988.0,1315.0,1935.0,1,B3,335000,2019-10-03,bronx,949 EAST 221 STREET NYC
4,MIDDLE VILLAGE,02 TWO FAMILY DWELLINGS,1,2912,12,B1,58-18 83RD STREET,11379.0,2.0,0.0,2.0,2664.0,2232.0,1965.0,1,B1,1100000,2019-12-31,queens,58-18 83RD STREET NYC
5,NEW SPRINGVILLE,01 ONE FAMILY DWELLINGS,1,2376,70,A5,1116 ROCKLAND AVENUE,10314.0,1.0,0.0,1.0,2580.0,3080.0,1984.0,1,A5,700000,2019-03-19,statenisland,1116 ROCKLAND AVENUE NYC
4,MASPETH,02 TWO FAMILY DWELLINGS,1,2306,12,B1,51-25 48TH STREET,11377.0,2.0,0.0,2.0,2440.0,1649.0,1920.0,1,B1,950000,2019-02-14,queens,51-25 48TH STREET NYC
4,MASPETH,02 TWO FAMILY DWELLINGS,1,2411,2,B1,66-04 52ND AVENUE,11378.0,2.0,0.0,2.0,2466.0,1960.0,1975.0,1,B1,950000,2019-10-11,queens,66-04 52ND AVENUE NYC
5,MIDLAND BEACH,02 TWO FAMILY DWELLINGS,1,3887,49,B9,1201 OLYMPIA BOULEVARD,10306.0,2.0,0.0,2.0,3400.0,2352.0,2018.0,1,B9,967338,2019-08-02,statenisland,1201 OLYMPIA BOULEVARD NYC
4,WHITESTONE,01 ONE FAMILY DWELLINGS,1,4494,1,A2,149-01 5TH AVENUE,11357.0,1.0,0.0,1.0,3929.0,1585.0,1905.0,1,A2,905000,2019-03-21,queens,149-01 5TH AVENUE NYC
4,ASTORIA,02 TWO FAMILY DWELLINGS,1,800,4,B2,41-13/15 20TH AVENUE,11105.0,2.0,0.0,2.0,2567.0,1600.0,1920.0,1,B2,470000,2019-07-31,queens,41-13/15 20TH AVENUE NYC
2,WOODLAWN,02 TWO FAMILY DWELLINGS,1,3363,63,B9,4212 HERKIMER PLACE,10470.0,2.0,0.0,2.0,1172.0,1700.0,1965.0,1,B9,685000,2019-11-19,bronx,4212 HERKIMER PLACE NYC
3,SUNSET PARK,07 RENTALS - WALKUP APARTMENTS,2A,886,29,C3,334A 19TH STREET,11215.0,4.0,0.0,4.0,1503.0,2121.0,1910.0,2,C3,1200000,2019-04-30,brooklyn,334A 19TH STREET NYC
4,QUEENS VILLAGE,01 ONE FAMILY DWELLINGS,1,10653,82,A1,89-78 212TH PLACE,11427.0,1.0,0.0,1.0,3135.0,1260.0,1930.0,1,A1,519000,2019-05-14,queens,89-78 212TH PLACE NYC
5,NEW SPRINGVILLE,02 TWO FAMILY DWELLINGS,1,2397,72,B2,232 NOME AVENUE,10314.0,2.0,0.0,2.0,4100.0,2740.0,1975.0,1,B2,835000,2019-04-15,statenisland,232 NOME AVENUE NYC
3,BEDFORD STUYVESANT,02 TWO FAMILY DWELLINGS,1,1806,64,B3,479 QUINCY STREET,11221.0,2.0,0.0,2.0,2000.0,3000.0,1901.0,1,B3,1255000,2019-04-30,brooklyn,479 QUINCY STREET NYC
5,SOUTH BEACH,01 ONE FAMILY DWELLINGS,1,3246,22,A9,131 LAMPORT BOULEVARD,10305.0,1.0,0.0,1.0,2058.0,1230.0,1960.0,1,A9,465000,2019-03-07,statenisland,131 LAMPORT BOULEVARD NYC
4,ELMHURST,01 ONE FAMILY DWELLINGS,1,1877,43,A1,94-31 50TH AVENUE,11373.0,1.0,0.0,1.0,2369.0,1790.0,1935.0,1,A1,990000,2019-11-27,queens,94-31 50TH AVENUE NYC
5,RICHMONDTOWN,01 ONE FAMILY DWELLINGS,1,4420,47,A1,168 ANDREWS AVENUE,10306.0,1.0,0.0,1.0,3850.0,1928.0,1975.0,1,A1,680000,2019-10-22,statenisland,168 ANDREWS AVENUE NYC
2,BAYCHESTER,02 TWO FAMILY DWELLINGS,1,4980,53,B3,4083 EDSON AVENUE,10466.0,2.0,0.0,2.0,2500.0,1441.0,1905.0,1,B3,550000,2019-06-26,bronx,4083 EDSON AVENUE NYC
4,CORONA,22 STORE BUILDINGS,4,1730,136,K1,34-53 JUNCTION BLVD.,11372.0,0.0,2.0,2.0,1022.0,1580.0,1988.0,4,K1,910000,2019-02-26,queens,34-53 JUNCTION BLVD. NYC
4,HOWARD BEACH,01 ONE FAMILY DWELLINGS,1,14020,58,A2,160-35 82ND STREET,11414.0,1.0,0.0,1.0,4000.0,2384.0,1965.0,1,A2,600000,2019-02-25,queens,160-35 82ND STREET NYC
2,FORDHAM,02 TWO FAMILY DWELLINGS,1,3146,52,B1,2353 TIEBOUT AVENUE,10458.0,2.0,0.0,2.0,2500.0,2280.0,1992.0,1,B1,600000,2019-06-11,bronx,2353 TIEBOUT AVENUE NYC
3,BENSONHURST,02 TWO FAMILY DWELLINGS,1,6342,6,B2,8509 16TH AVENUE,11214.0,2.0,0.0,2.0,1680.0,1403.0,1925.0,1,B2,715000,2019-01-17,brooklyn,8509 16TH AVENUE NYC
4,LAURELTON,01 ONE FAMILY DWELLINGS,1,13161,50,A1,134-30 234TH STREET,11422.0,1.0,0.0,1.0,3200.0,1316.0,1940.0,1,A1,320000,2019-08-28,queens,134-30 234TH STREET NYC
4,CORONA,02 TWO FAMILY DWELLINGS,1,1616,7,S2,41-07 99TH STREET,11368.0,2.0,1.0,3.0,1981.0,3126.0,1930.0,1,S2,1550000,2019-12-30,queens,41-07 99TH STREET NYC
4,QUEENS VILLAGE,01 ONE FAMILY DWELLINGS,1,10608,13,A1,94-17 215TH PLACE,11428.0,1.0,0.0,1.0,4095.0,1404.0,1930.0,1,A1,625000,2019-07-12,queens,94-17 215TH PLACE NYC
4,MIDDLE VILLAGE,01 ONE FAMILY DWELLINGS,1,2943,41,A5,82-31 62 AVE,11379.0,1.0,0.0,1.0,2202.0,1636.0,1940.0,1,A5,999000,2019-11-15,queens,82-31 62 AVE NYC
4,RICHMOND HILL,02 TWO FAMILY DWELLINGS,1,9498,77,B3,101-33 130TH STREET,11419.0,2.0,0.0,2.0,2521.0,1066.0,1920.0,1,B3,800000,2019-08-13,queens,101-33 130TH STREET NYC
3,GRAVESEND,02 TWO FAMILY DWELLINGS,1,7098,78,B1,2017 WEST 8TH STREET,11223.0,2.0,0.0,2.0,1668.0,1900.0,1925.0,1,B1,1150000,2019-10-09,brooklyn,2017 WEST 8TH STREET NYC
4,LAURELTON,01 ONE FAMILY DWELLINGS,1,13174,60,A1,137-44 233RD STREET,11422.0,1.0,0.0,1.0,3142.0,1316.0,1920.0,1,A1,450000,2019-07-09,queens,137-44 233RD STREET NYC
4,FLUSHING-SOUTH,01 ONE FAMILY DWELLINGS,1,6899,12,A1,61-43 171ST STREET,11354.0,1.0,0.0,1.0,4000.0,1870.0,2019.0,1,A1,1050000,2019-03-19,queens,61-43 171ST STREET NYC
3,MADISON,22 STORE BUILDINGS,4,7328,47,K1,2309 AVENUE U,11229.0,0.0,1.0,1.0,3800.0,3800.0,1925.0,4,K1,1650000,2019-11-20,brooklyn,2309 AVENUE U NYC
4,HOLLIS,02 TWO FAMILY DWELLINGS,1,9909,65,B3,91-02 187TH PLACE,11423.0,2.0,0.0,2.0,3870.0,1576.0,1925.0,1,B3,800000,2019-06-06,queens,91-02 187TH PLACE NYC
3,OCEAN PARKWAY-NORTH,02 TWO FAMILY DWELLINGS,1,6535,35,B2,1168 EAST 10TH STREET,11230.0,2.0,0.0,2.0,3250.0,2332.0,1930.0,1,B2,1700500,2019-04-30,brooklyn,1168 EAST 10TH STREET NYC
2,HIGHBRIDGE/MORRIS HEIGHTS,01 ONE FAMILY DWELLINGS,1,2506,32,A5,1228 SHAKESPEARE AVENUE,10452.0,1.0,0.0,1.0,1235.0,1006.0,1907.0,1,A5,425000,2019-12-11,bronx,1228 SHAKESPEARE AVENUE NYC
4,JACKSON HEIGHTS,02 TWO FAMILY DWELLINGS,1,1390,22,B2,30-32 93RD STREET,11369.0,2.0,0.0,2.0,1625.0,2044.0,1930.0,1,B2,725000,2019-04-17,queens,30-32 93RD STREET NYC
5,SOUTH BEACH,01 ONE FAMILY DWELLINGS,1,3420,79,A5,419 QUINTARD STREET,10305.0,1.0,0.0,1.0,2138.0,1408.0,1997.0,1,A5,520000,2019-03-15,statenisland,419 QUINTARD STREET NYC
4,COLLEGE POINT,02 TWO FAMILY DWELLINGS,1,3948,9,B2,124-16 5TH AVE,11356.0,2.0,0.0,2.0,2500.0,1800.0,2018.0,1,B2,997885,2019-02-13,queens,124-16 5TH AVE NYC
4,FLUSHING-NORTH,01 ONE FAMILY DWELLINGS,1,5120,48,S1,56-01 136TH STREET,11355.0,1.0,1.0,2.0,2079.0,2172.0,1940.0,1,S1,1500000,2019-02-04,queens,56-01 136TH STREET NYC
4,WOODSIDE,02 TWO FAMILY DWELLINGS,1,1217,58,B3,37-20 63RD STREET,11377.0,2.0,0.0,2.0,2000.0,1296.0,1901.0,1,B3,675000,2019-11-21,queens,37-20 63RD STREET NYC
4,SO. JAMAICA-BAISLEY PARK,01 ONE FAMILY DWELLINGS,1,12193,1,A1,115-71 155TH STREET,11434.0,1.0,0.0,1.0,1615.0,952.0,1920.0,1,A1,310000,2019-09-13,queens,115-71 155TH STREET NYC
3,MIDWOOD,01 ONE FAMILY DWELLINGS,1,7643,15,A1,3389 BEDFORD AVENUE,11210.0,1.0,0.0,1.0,2500.0,1545.0,1920.0,1,A1,650000,2019-05-28,brooklyn,3389 BEDFORD AVENUE NYC
4,RICHMOND HILL,01 ONE FAMILY DWELLINGS,1,9423,16,A1,101-14 106 STREET,11416.0,1.0,0.0,1.0,2465.0,1056.0,1925.0,1,A1,595000,2019-09-18,queens,101-14 106 STREET NYC
2,BAYCHESTER,01 ONE FAMILY DWELLINGS,1,4897,11,A5,1261 EAST 222 STREET,10469.0,1.0,0.0,1.0,2642.0,1690.0,1950.0,1,A5,304000,2019-09-17,bronx,1261 EAST 222 STREET NYC
3,FLATBUSH-NORTH,02 TWO FAMILY DWELLINGS,1,4646,43,B1,1011 LENOX ROAD,11212.0,2.0,0.0,2.0,2000.0,1900.0,1920.0,1,B1,437000,2019-06-12,brooklyn,1011 LENOX ROAD NYC
4,COLLEGE POINT,01 ONE FAMILY DWELLINGS,1,4027,16,A1,925 119TH STREET,11356.0,1.0,0.0,1.0,4000.0,1218.0,1955.0,1,A1,743800,2019-07-17,queens,925 119TH STREET NYC
3,GRAVESEND,02 TWO FAMILY DWELLINGS,1,7076,9,B3,46 AVENUE S,11223.0,2.0,0.0,2.0,2050.0,1386.0,1915.0,1,B3,920000,2019-12-04,brooklyn,46 AVENUE S NYC
5,ROSEBANK,01 ONE FAMILY DWELLINGS,1,2981,78,A9,355A HYLAN BOULEVARD,10305.0,1.0,0.0,1.0,810.0,1240.0,1995.0,1,A9,470000,2019-04-09,statenisland,355A HYLAN BOULEVARD NYC
5,CLOVE LAKES,01 ONE FAMILY DWELLINGS,1,302,29,A1,28 BLAINE COURT,10310.0,1.0,0.0,1.0,3400.0,1842.0,1920.0,1,A1,599900,2019-06-10,statenisland,28 BLAINE COURT NYC
2,THROGS NECK,01 ONE FAMILY DWELLINGS,1,5431,60,A1,2915 RANDALL AVENUE,10465.0,1.0,0.0,1.0,2500.0,1096.0,1920.0,1,A1,332000,2019-01-24,bronx,2915 RANDALL AVENUE NYC
4,SOUTH OZONE PARK,01 ONE FAMILY DWELLINGS,1,11670,34,A1,126-13 116TH AVENUE,11420.0,1.0,0.0,1.0,2000.0,966.0,1930.0,1,A1,455000,2019-05-29,queens,126-13 116TH AVENUE NYC
5,BULLS HEAD,02 TWO FAMILY DWELLINGS,1,2197,18,B2,49 NOSTRAND AVENUE,10314.0,2.0,0.0,2.0,4640.0,2404.0,1975.0,1,B2,868000,2019-03-08,statenisland,49 NOSTRAND AVENUE NYC
4,FOREST HILLS,01 ONE FAMILY DWELLINGS,1,3190,70,A5,67-83 DARTMOUTH STREET,11375.0,1.0,0.0,1.0,1800.0,1224.0,1945.0,1,A5,958000,2019-08-19,queens,67-83 DARTMOUTH STREET NYC
3,MANHATTAN BEACH,02 TWO FAMILY DWELLINGS,1,8758,53,B9,161 OXFORD STREET,11235.0,2.0,0.0,2.0,2900.0,1790.0,1940.0,1,B9,950000,2019-04-26,brooklyn,161 OXFORD STREET NYC
3,BEDFORD STUYVESANT,02 TWO FAMILY DWELLINGS,1,1767,27,B2,554 WILLOUGHBY AVE,11206.0,2.0,0.0,2.0,2000.0,2700.0,1910.0,1,B2,480000,2019-06-03,brooklyn,554 WILLOUGHBY AVE NYC
4,BELLEROSE,01 ONE FAMILY DWELLINGS,1,8652,49,A1,244-47 89TH AVENUE,11426.0,1.0,0.0,1.0,2320.0,1628.0,1930.0,1,A1,559000,2019-06-27,queens,244-47 89TH AVENUE NYC
4,MIDDLE VILLAGE,02 TWO FAMILY DWELLINGS,1,2830,30,B1,69-07 60TH AVENUE,11378.0,2.0,0.0,2.0,2000.0,1660.0,1960.0,1,B1,850000,2019-08-01,queens,69-07 60TH AVENUE NYC
4,WOODHAVEN,02 TWO FAMILY DWELLINGS,1,8955,45,B2,91-15 78TH STREET,11421.0,2.0,0.0,2.0,2325.0,2100.0,1925.0,1,B2,845000,2019-04-16,queens,91-15 78TH STREET NYC
4,OZONE PARK,01 ONE FAMILY DWELLINGS,1,11405,9,A2,137-03 WHITELAW STREET,11417.0,1.0,0.0,1.0,4000.0,1170.0,1960.0,1,A2,674000,2019-06-03,queens,137-03 WHITELAW STREET NYC
4,ELMHURST,03 THREE FAMILY DWELLINGS,1,1893,30,C0,94-15 54TH AVENUE,11373.0,3.0,0.0,3.0,4003.0,2904.0,1920.0,1,C0,1450000,2019-11-15,queens,94-15 54TH AVENUE NYC
5,SOUTH BEACH,01 ONE FAMILY DWELLINGS,1,3238,72,A9,52 LAMPORT BOULEVARD,10305.0,1.0,0.0,1.0,2400.0,1170.0,1960.0,1,A9,488000,2019-04-17,statenisland,52 LAMPORT BOULEVARD NYC
2,WOODLAWN,02 TWO FAMILY DWELLINGS,1,3379,36,B2,254 EAST 239TH ST,10470.0,2.0,0.0,2.0,4000.0,3229.0,1920.0,1,B2,840000,2019-12-30,bronx,254 EAST 239TH ST NYC
3,CANARSIE,02 TWO FAMILY DWELLINGS,1,8075,61,B9,1350 EAST 85TH STREET,11236.0,2.0,0.0,2.0,2000.0,1960.0,1955.0,1,B9,593888,2019-07-19,brooklyn,1350 EAST 85TH STREET NYC
4,FLUSHING-NORTH,01 ONE FAMILY DWELLINGS,1,5419,137,A5,43-06 162ND STREET,11358.0,1.0,0.0,1.0,1050.0,1440.0,1950.0,1,A5,760000,2019-07-10,queens,43-06 162ND STREET NYC
5,WILLOWBROOK,01 ONE FAMILY DWELLINGS,1,823,19,A5,526 BUCHANAN AVENUE,10314.0,1.0,0.0,1.0,2000.0,1636.0,1998.0,1,A5,525000,2019-05-16,statenisland,526 BUCHANAN AVENUE NYC
4,FLUSHING-NORTH,01 ONE FAMILY DWELLINGS,1,4855,25,A1,154-20 32ND AVENUE,11354.0,1.0,0.0,1.0,2704.0,1796.0,1920.0,1,A1,970000,2019-08-07,queens,154-20 32ND AVENUE NYC
5,SOUTH BEACH,03 THREE FAMILY DWELLINGS,1,3121,66,C0,80 MC CLEAN AVENUE,10305.0,3.0,0.0,3.0,4720.0,2080.0,1931.0,1,C0,770000,2019-09-20,statenisland,80 MC CLEAN AVENUE NYC
5,MARINERS HARBOR,01 ONE FAMILY DWELLINGS,1,1159,148,A5,23 EMERIC COURT,10303.0,1.0,0.0,1.0,1545.0,1404.0,1990.0,1,A5,366000,2019-05-10,statenisland,23 EMERIC COURT NYC
5,ANNADALE,01 ONE FAMILY DWELLINGS,1,6220,71,A5,58 ENDVIEW STREET,10312.0,1.0,0.0,1.0,1648.0,1344.0,2003.0,1,A5,550000,2019-07-09,statenisland,58 ENDVIEW STREET NYC
3,OLD MILL BASIN,01 ONE FAMILY DWELLINGS,1,7850,63,A9,1460 EAST 53RD STREET,11234.0,1.0,0.0,1.0,1800.0,1000.0,1925.0,1,A9,585000,2019-03-01,brooklyn,1460 EAST 53RD STREET NYC
4,LAURELTON,01 ONE FAMILY DWELLINGS,1,13084,148,B3,219-24 143RD ROAD,11413.0,2.0,0.0,2.0,4000.0,2400.0,1920.0,1,A1,940000,2019-10-30,queens,219-24 143RD ROAD NYC
3,FLATBUSH-EAST,02 TWO FAMILY DWELLINGS,1,4885,32,B9,58 E 32ND ST,11226.0,2.0,0.0,2.0,2000.0,2048.0,1910.0,1,B9,930000,2019-01-25,brooklyn,58 E 32ND ST NYC
4,SOUTH JAMAICA,01 ONE FAMILY DWELLINGS,1,12161,27,A1,110-20 158TH STREET,11433.0,1.0,0.0,1.0,1888.0,1321.0,1915.0,1,A1,354900,2019-06-12,queens,110-20 158TH STREET NYC
2,SOUNDVIEW,02 TWO FAMILY DWELLINGS,1,3751,51,B1,1153 COMMONWEALTH AVENUE,10472.0,2.0,0.0,2.0,2058.0,2223.0,2008.0,1,B1,700000,2019-01-14,bronx,1153 COMMONWEALTH AVENUE NYC
2,FORDHAM,02 TWO FAMILY DWELLINGS,1,3149,33,B2,2070 RYER AVE,10457.0,2.0,0.0,2.0,2463.0,3340.0,1901.0,1,B2,662500,2019-08-29,bronx,2070 RYER AVE NYC
4,WHITESTONE,02 TWO FAMILY DWELLINGS,1,4683,27,B1,15-38 150TH PLACE,11357.0,2.0,0.0,2.0,4490.0,3400.0,2001.0,1,B1,1250000,2019-11-04,queens,15-38 150TH PLACE NYC
4,SPRINGFIELD GARDENS,02 TWO FAMILY DWELLINGS,1,12574,48,B3,137-12 169TH STREET,11434.0,2.0,0.0,2.0,3515.0,2082.0,1950.0,1,B3,835000,2019-09-23,queens,137-12 169TH STREET NYC
3,SUNSET PARK,02 TWO FAMILY DWELLINGS,1,633,15,B9,128 18TH STREET,11215.0,2.0,0.0,2.0,1460.0,1330.0,1910.0,1,B9,1217500,2019-05-14,brooklyn,128 18TH STREET NYC
3,SEAGATE,01 ONE FAMILY DWELLINGS,1,6958,29,A5,3718 POLAR STREET,11224.0,1.0,0.0,1.0,2858.0,1520.0,1980.0,1,A5,578000,2019-10-10,brooklyn,3718 POLAR STREET NYC
3,BUSHWICK,03 THREE FAMILY DWELLINGS,1,3428,58,C0,1127 DECATUR STREET,11207.0,3.0,0.0,3.0,2017.0,2724.0,1925.0,1,C0,1475000,2019-07-30,brooklyn,1127 DECATUR STREET NYC
5,MARINERS HARBOR,02 TWO FAMILY DWELLINGS,1,1194,97,B3,238 SIMONSON AVENUE,10303.0,2.0,0.0,2.0,4138.0,2132.0,1930.0,1,B3,680000,2019-11-06,statenisland,238 SIMONSON AVENUE NYC
2,HIGHBRIDGE/MORRIS HEIGHTS,03 THREE FAMILY DWELLINGS,1,2511,83,C0,988 OGDEN AVENUE,10452.0,3.0,0.0,3.0,2250.0,3474.0,1902.0,1,C0,653000,2019-04-30,bronx,988 OGDEN AVENUE NYC
2,MELROSE/CONCOURSE,03 THREE FAMILY DWELLINGS,1,2436,36,C0,1241 FINDLAY AVENUE,10456.0,3.0,0.0,3.0,2000.0,2985.0,1930.0,1,C0,650000,2019-09-26,bronx,1241 FINDLAY AVENUE NYC
4,ELMHURST,01 ONE FAMILY DWELLINGS,1,1570,18,A1,42-70 HAMPTON STREET,11373.0,1.0,0.0,1.0,2500.0,1776.0,1925.0,1,A1,800000,2019-03-25,queens,42-70 HAMPTON STREET NYC
3,FLATBUSH-EAST,02 TWO FAMILY DWELLINGS,1,7633,5,B2,3311 AVENUE L,11210.0,2.0,0.0,2.0,4000.0,1400.0,1925.0,1,B2,977500,2019-04-04,brooklyn,3311 AVENUE L NYC
5,ARDEN HEIGHTS,02 TWO FAMILY DWELLINGS,1,6014,72,B2,70 CANTON AVENUE,10312.0,2.0,0.0,2.0,4000.0,4003.0,2019.0,1,B2,990441,2019-11-26,statenisland,70 CANTON AVENUE NYC
2,COUNTRY CLUB,01 ONE FAMILY DWELLINGS,1,5483,5,A1,610 ELLSWORTH AVENUE,10465.0,1.0,0.0,1.0,3000.0,1361.0,1920.0,1,A1,422000,2019-09-26,bronx,610 ELLSWORTH AVENUE NYC
4,ROSEDALE,02 TWO FAMILY DWELLINGS,1,13594,29,B1,141-09 250TH STREET,11422.0,2.0,0.0,2.0,4300.0,2376.0,1965.0,1,B1,770000,2019-05-31,queens,141-09 250TH STREET NYC
4,LITTLE NECK,01 ONE FAMILY DWELLINGS,1,8230,14,A1,250-28 GASKELL ROAD,11362.0,1.0,0.0,1.0,3700.0,1915.0,1920.0,1,A1,848000,2019-11-14,queens,250-28 GASKELL ROAD NYC
3,BOROUGH PARK,07 RENTALS - WALKUP APARTMENTS,2A,5344,65,C3,1431 42ND STREET,11219.0,4.0,0.0,4.0,2053.0,3400.0,1930.0,2,C3,1800000,2019-07-17,brooklyn,1431 42ND STREET NYC
4,ASTORIA,01 ONE FAMILY DWELLINGS,1,646,75,A9,32-84 36TH STREET,11106.0,1.0,0.0,1.0,2500.0,931.0,1910.0,1,A9,848000,2019-10-29,queens,32-84 36TH STREET NYC
3,FLATBUSH-EAST,02 TWO FAMILY DWELLINGS,1,7649,26,B2,1247 EAST 31ST STREET,11210.0,2.0,0.0,2.0,3200.0,1990.0,1920.0,1,B2,1599000,2019-12-09,brooklyn,1247 EAST 31ST STREET NYC
4,FLUSHING-NORTH,01 ONE FAMILY DWELLINGS,1,5448,56,A1,45-48 170TH STREET,11358.0,1.0,0.0,1.0,2500.0,1216.0,1930.0,1,A1,658000,2019-01-18,queens,45-48 170TH STREET NYC
5,TOTTENVILLE,01 ONE FAMILY DWELLINGS,1,8023,95,A1,182 WOOD AVENUE,10307.0,1.0,0.0,1.0,2664.0,1296.0,1901.0,1,A1,500000,2019-12-17,statenisland,182 WOOD AVENUE NYC
5,WEST NEW BRIGHTON,01 ONE FAMILY DWELLINGS,1,134,38,A1,405 BARD AVENUE,10310.0,1.0,0.0,1.0,4636.0,1860.0,1910.0,1,A1,495000,2019-06-19,statenisland,405 BARD AVENUE NYC
3,SHEEPSHEAD BAY,02 TWO FAMILY DWELLINGS,1,7441,87,B1,2529 EAST 24TH STREET,11235.0,2.0,0.0,2.0,2500.0,2000.0,1935.0,1,B1,975000,2019-12-13,brooklyn,2529 EAST 24TH STREET NYC
3,CANARSIE,02 TWO FAMILY DWELLINGS,1,8250,5,B1,10411 AVENUE L,11236.0,2.0,0.0,2.0,1927.0,1540.0,1960.0,1,B1,625000,2019-03-28,brooklyn,10411 AVENUE L NYC
4,SOUTH JAMAICA,02 TWO FAMILY DWELLINGS,1,10149,10,B2,108-39 160 STREET,11433.0,2.0,0.0,2.0,3990.0,1280.0,1915.0,1,B2,385000,2019-10-21,queens,108-39 160 STREET NYC
5,BULLS HEAD,02 TWO FAMILY DWELLINGS,1,2233,31,B2,63 PLANK ROAD,10314.0,2.0,0.0,2.0,4400.0,2810.0,1970.0,1,B2,730000,2019-06-17,statenisland,63 PLANK ROAD NYC
4,SPRINGFIELD GARDENS,02 TWO FAMILY DWELLINGS,1,13351,60,B2,180-02 146TH ROAD,11434.0,2.0,0.0,2.0,3128.0,1040.0,2005.0,1,B2,765000,2019-09-23,queens,180-02 146TH ROAD NYC
3,OLD MILL BASIN,01 ONE FAMILY DWELLINGS,1,7901,67,A9,1452 EAST 57TH STREET,11234.0,1.0,0.0,1.0,1900.0,1280.0,1930.0,1,A9,625000,2019-06-24,brooklyn,1452 EAST 57TH STREET NYC
4,SOUTH JAMAICA,01 ONE FAMILY DWELLINGS,1,12170,32,A5,155-13 113TH AVENUE,11433.0,1.0,0.0,1.0,2224.0,1280.0,1997.0,1,A5,475000,2019-05-20,queens,155-13 113TH AVENUE NYC
5,ROSEBANK,02 TWO FAMILY DWELLINGS,1,3002,41,B2,179 HOPE AVENUE,10305.0,2.0,0.0,2.0,3100.0,2016.0,1910.0,1,B2,625000,2019-10-30,statenisland,179 HOPE AVENUE NYC
3,BROWNSVILLE,02 TWO FAMILY DWELLINGS,1,3596,35,B2,66 RIVERDALE AVENUE,11212.0,2.0,0.0,2.0,1000.0,1880.0,1930.0,1,B2,795000,2019-10-01,brooklyn,66 RIVERDALE AVENUE NYC
4,HOWARD BEACH,01 ONE FAMILY DWELLINGS,1,14177,44,A1,159-33 97 STREET,11414.0,1.0,0.0,1.0,4000.0,1344.0,1920.0,1,A1,785000,2019-10-03,queens,159-33 97 STREET NYC
2,BELMONT,07 RENTALS - WALKUP APARTMENTS,2A,3077,49,C3,2473 HUGHES AVENUE,10458.0,4.0,0.0,4.0,2185.0,4436.0,1925.0,2,C3,1290000,2019-02-01,bronx,2473 HUGHES AVENUE NYC
3,CANARSIE,02 TWO FAMILY DWELLINGS,1,8068,28,B1,1219 EAST 89TH STREET,11236.0,2.0,0.0,2.0,3000.0,1760.0,1965.0,1,B1,860000,2019-10-29,brooklyn,1219 EAST 89TH STREET NYC
4,BAYSIDE,02 TWO FAMILY DWELLINGS,1,5947,25,B2,15-69 216TH STREET,11360.0,2.0,0.0,2.0,3200.0,3374.0,1975.0,1,B2,1625000,2019-05-07,queens,15-69 216TH STREET NYC
3,EAST NEW YORK,03 THREE FAMILY DWELLINGS,1,3982,6,C0,271 JEROME STREET,11207.0,3.0,0.0,3.0,2500.0,3000.0,2007.0,1,C0,679000,2019-04-12,brooklyn,271 JEROME STREET NYC
5,ANNADALE,02 TWO FAMILY DWELLINGS,1,5408,14,B9,172 BATHGATE STREET,10312.0,2.0,0.0,2.0,2425.0,1650.0,1996.0,1,B9,705000,2019-03-14,statenisland,172 BATHGATE STREET NYC
3,BERGEN BEACH,01 ONE FAMILY DWELLINGS,1,8456,26,A9,2411 EAST 69 STREET,11234.0,1.0,0.0,1.0,2600.0,2400.0,2018.0,1,A9,865513,2019-12-10,brooklyn,2411 EAST 69 STREET NYC
2,BRONXDALE,02 TWO FAMILY DWELLINGS,1,4611,14,B1,3212 PAULDING AVENUE,10469.0,2.0,0.0,2.0,2500.0,2120.0,1945.0,1,B1,652000,2019-12-30,bronx,3212 PAULDING AVENUE NYC
2,SOUNDVIEW,03 THREE FAMILY DWELLINGS,1,3890,73,C0,1407 FTELEY,10472.0,3.0,0.0,3.0,2000.0,2800.0,1960.0,1,C0,725000,2019-08-29,bronx,1407 FTELEY NYC
5,NEW SPRINGVILLE,01 ONE FAMILY DWELLINGS,1,2377,76,A5,236 MONAHAN AVENUE,10314.0,1.0,0.0,1.0,2500.0,1280.0,1980.0,1,A5,600000,2019-12-12,statenisland,236 MONAHAN AVENUE NYC
5,MIDLAND BEACH,02 TWO FAMILY DWELLINGS,1,3682,47,B9,353 JEFFERSON AVENUE,10306.0,2.0,0.0,2.0,3024.0,2440.0,1970.0,1,B9,625000,2019-09-10,statenisland,353 JEFFERSON AVENUE NYC
4,LAURELTON,01 ONE FAMILY DWELLINGS,1,13159,43,A1,134-18 232ND STREET,11413.0,1.0,0.0,1.0,3200.0,1342.0,1930.0,1,A1,530000,2019-08-06,queens,134-18 232ND STREET NYC
2,PARKCHESTER,02 TWO FAMILY DWELLINGS,1,4018,18,B2,1613 VAN BUREN STREET,10460.0,2.0,0.0,2.0,2500.0,2130.0,1925.0,1,B2,570000,2019-02-05,bronx,1613 VAN BUREN STREET NYC
4,QUEENS VILLAGE,02 TWO FAMILY DWELLINGS,1,7952,34,B3,86-04 235TH COURT,11427.0,2.0,0.0,2.0,4242.0,1780.0,1920.0,1,B3,884500,2019-07-08,queens,86-04 235TH COURT NYC
3,MARINE PARK,01 ONE FAMILY DWELLINGS,1,8541,17,A9,2157 COLEMAN STREET,11234.0,1.0,0.0,1.0,2000.0,1248.0,1920.0,1,A9,615000,2019-04-30,brooklyn,2157 COLEMAN STREET NYC
4,FLUSHING-SOUTH,02 TWO FAMILY DWELLINGS,1,6838,40,B1,160-24 77TH AVENUE,11366.0,2.0,0.0,2.0,3000.0,1880.0,2002.0,1,B1,1150000,2019-06-18,queens,160-24 77TH AVENUE NYC
5,NEW DORP,01 ONE FAMILY DWELLINGS,1,3597,1,A2,3 BANCROFT AVENUE,10306.0,1.0,0.0,1.0,4700.0,1460.0,1945.0,1,A2,510000,2019-02-28,statenisland,3 BANCROFT AVENUE NYC
4,OZONE PARK,02 TWO FAMILY DWELLINGS,1,11561,3,B2,99-45 ALBERT ROAD,11417.0,2.0,0.0,2.0,4850.0,3846.0,2018.0,1,B2,1230000,2019-10-09,queens,99-45 ALBERT ROAD NYC
3,BUSHWICK,01 ONE FAMILY DWELLINGS,1,3473,17,A9,90 VANDERVEER STREET,11207.0,1.0,0.0,1.0,1750.0,1400.0,1905.0,1,A9,765000,2019-06-05,brooklyn,90 VANDERVEER STREET NYC
5,BULLS HEAD,02 TWO FAMILY DWELLINGS,1,1622,63,B2,23 ELSON STREET,10314.0,2.0,0.0,2.0,2575.0,1398.0,1981.0,1,B2,600000,2019-02-04,statenisland,23 ELSON STREET NYC
5,HUGUENOT,02 TWO FAMILY DWELLINGS,1,6882,21,B2,475 RAMONA AVENUE,10309.0,2.0,0.0,2.0,4100.0,2608.0,1983.0,1,B2,830000,2019-10-16,statenisland,475 RAMONA AVENUE NYC
2,SCHUYLERVILLE/PELHAM BAY,02 TWO FAMILY DWELLINGS,1,5374,15,B1,2814 DUDLEY AVENUE,10461.0,2.0,0.0,2.0,2375.0,3204.0,1910.0,1,B1,855000,2019-03-01,bronx,2814 DUDLEY AVENUE NYC
4,SOUTH JAMAICA,02 TWO FAMILY DWELLINGS,1,10162,52,B1,104-59 164TH STREET,11433.0,2.0,0.0,2.0,2000.0,1968.0,1901.0,1,B1,367500,2019-04-30,queens,104-59 164TH STREET NYC
3,OLD MILL BASIN,01 ONE FAMILY DWELLINGS,1,7902,8,A5,5705 AVENUE O,11234.0,1.0,0.0,1.0,2000.0,1570.0,1955.0,1,A5,400000,2019-11-15,brooklyn,5705 AVENUE O NYC
4,ELMHURST,02 TWO FAMILY DWELLINGS,1,2875,31,B1,51-08 VAN HORN STREET,11373.0,2.0,0.0,2.0,2214.0,3217.0,1945.0,1,B1,1630000,2019-01-17,queens,51-08 VAN HORN STREET NYC
2,KINGSBRIDGE HTS/UNIV HTS,02 TWO FAMILY DWELLINGS,1,3228,94,B1,184 WEST 179TH STREET,10453.0,2.0,0.0,2.0,2500.0,3230.0,1910.0,1,B1,725000,2019-07-09,bronx,184 WEST 179TH STREET NYC
3,OCEAN PARKWAY-NORTH,02 TWO FAMILY DWELLINGS,1,6565,40,B1,1468 EAST 3RD STREET,11230.0,2.0,0.0,2.0,2260.0,1984.0,1930.0,1,B1,1375000,2019-07-03,brooklyn,1468 EAST 3RD STREET NYC
4,ASTORIA,01 ONE FAMILY DWELLINGS,1,860,36,A5,20-07 26 STREET,11105.0,1.0,0.0,1.0,1600.0,1200.0,1930.0,1,A5,862000,2019-07-31,queens,20-07 26 STREET NYC
2,WILLIAMSBRIDGE,02 TWO FAMILY DWELLINGS,1,4690,42,B1,900 EAST 220 STREET,10469.0,2.0,0.0,2.0,3567.0,2125.0,1960.0,1,B1,620000,2019-12-23,bronx,900 EAST 220 STREET NYC
2,THROGS NECK,02 TWO FAMILY DWELLINGS,1,5545,102,B1,739 CALHOUN AVENUE,10465.0,2.0,0.0,2.0,2500.0,1804.0,1935.0,1,B1,600000,2019-05-08,bronx,739 CALHOUN AVENUE NYC
4,BAYSIDE,02 TWO FAMILY DWELLINGS,1,7564,55,B2,58-30 230TH STREET,11364.0,2.0,0.0,2.0,4700.0,3445.0,1960.0,1,B2,1380000,2019-03-28,queens,58-30 230TH STREET NYC
3,EAST NEW YORK,02 TWO FAMILY DWELLINGS,1,4081,29,B1,614 ELTON STREET,11208.0,2.0,0.0,2.0,2476.0,1757.0,1901.0,1,B1,456300,2019-07-25,brooklyn,614 ELTON STREET NYC
3,FLATBUSH-EAST,02 TWO FAMILY DWELLINGS,1,7561,37,B3,1595 NEW YORK AVENUE,11210.0,2.0,0.0,2.0,4000.0,1908.0,1920.0,1,B3,1100000,2019-05-22,brooklyn,1595 NEW YORK AVENUE NYC
4,COLLEGE POINT,02 TWO FAMILY DWELLINGS,1,4130,46,B2,124-07 20TH AVENUE,11356.0,2.0,0.0,2.0,1157.0,1600.0,1925.0,1,B2,600000,2019-09-13,queens,124-07 20TH AVENUE NYC
3,BOROUGH PARK,02 TWO FAMILY DWELLINGS,1,5659,35,B1,966 52ND STREET,11219.0,2.0,0.0,2.0,2003.0,2200.0,1905.0,1,B1,1600000,2019-06-26,brooklyn,966 52ND STREET NYC
3,FLATBUSH-NORTH,02 TWO FAMILY DWELLINGS,1,4645,77,B1,321 REMSEN AVENUE,11212.0,2.0,0.0,2.0,1800.0,1930.0,1945.0,1,B1,730000,2019-11-08,brooklyn,321 REMSEN AVENUE NYC
3,DYKER HEIGHTS,01 ONE FAMILY DWELLINGS,1,5955,11,A1,7601 10TH AVENUE,11228.0,1.0,0.0,1.0,1930.0,1170.0,1930.0,1,A1,848888,2019-07-30,brooklyn,7601 10TH AVENUE NYC
2,CASTLE HILL/UNIONPORT,01 ONE FAMILY DWELLINGS,1,3693,4,A1,906 CASTLE HILL AVENUE,10473.0,1.0,0.0,1.0,1967.0,1270.0,1955.0,1,A1,530000,2019-10-30,bronx,906 CASTLE HILL AVENUE NYC
3,BOROUGH PARK,02 TWO FAMILY DWELLINGS,1,5532,76,B1,1709 63RD ST,11204.0,2.0,0.0,2.0,2200.0,2296.0,1940.0,1,B1,955000,2019-03-28,brooklyn,1709 63RD ST NYC
4,OZONE PARK,02 TWO FAMILY DWELLINGS,1,11500,111,B3,9722 134TH ROAD,11417.0,2.0,0.0,2.0,3080.0,1470.0,1930.0,1,B3,603000,2019-09-30,queens,9722 134TH ROAD NYC
5,WOODROW,02 TWO FAMILY DWELLINGS,1,7094,47,B9,102 BERKSHIRE LANE,10309.0,2.0,0.0,2.0,4233.0,2545.0,2018.0,1,B9,844129,2019-10-08,statenisland,102 BERKSHIRE LANE NYC
4,SOUTH JAMAICA,01 ONE FAMILY DWELLINGS,1,11952,46,A1,147-14 110TH ROAD,11435.0,1.0,0.0,1.0,2400.0,1264.0,1925.0,1,A1,350000,2019-09-18,queens,147-14 110TH ROAD NYC
3,FLATBUSH-EAST,03 THREE FAMILY DWELLINGS,1,4990,66,C0,701 EAST 43RD STREET,11203.0,3.0,0.0,3.0,1775.0,1938.0,1935.0,1,C0,565000,2019-12-03,brooklyn,701 EAST 43RD STREET NYC
5,ELTINGVILLE,01 ONE FAMILY DWELLINGS,1,5653,28,A5,80 LADD AVENUE,10312.0,1.0,0.0,1.0,3395.0,2088.0,1978.0,1,A5,645000,2019-05-03,statenisland,80 LADD AVENUE NYC
2,SOUNDVIEW,02 TWO FAMILY DWELLINGS,1,3599,59,B1,725 THIERIOT AVENUE,10473.0,2.0,0.0,2.0,2100.0,1932.0,1989.0,1,B1,600500,2019-08-26,bronx,725 THIERIOT AVENUE NYC
4,LAURELTON,01 ONE FAMILY DWELLINGS,1,12858,6,A5,231-02 125TH AVENUE,11413.0,1.0,0.0,1.0,2200.0,1400.0,1950.0,1,A5,438314,2019-05-23,queens,231-02 125TH AVENUE NYC
3,BENSONHURST,02 TWO FAMILY DWELLINGS,1,6323,11,B2,1414 84TH STREET,11228.0,2.0,0.0,2.0,2667.0,1760.0,1930.0,1,B2,1280000,2019-09-23,brooklyn,1414 84TH STREET NYC
4,CORONA,02 TWO FAMILY DWELLINGS,1,1933,69,B2,51-18 103RD STREET,11368.0,2.0,0.0,2.0,2500.0,1760.0,1920.0,1,B2,918000,2019-09-12,queens,51-18 103RD STREET NYC
4,FOREST HILLS,02 TWO FAMILY DWELLINGS,1,3264,33,B9,101-07 ASCAN AVENUE,11375.0,2.0,0.0,2.0,1800.0,1836.0,1935.0,1,B9,1250000,2019-10-18,queens,101-07 ASCAN AVENUE NYC
4,BAYSIDE,01 ONE FAMILY DWELLINGS,1,5805,48,A0,205-05 26TH AVENUE,11360.0,1.0,0.0,1.0,4128.0,1088.0,1950.0,1,A0,915000,2019-01-08,queens,205-05 26TH AVENUE NYC
5,ELTINGVILLE,01 ONE FAMILY DWELLINGS,1,5593,113,A5,365 MOSELY AVENUE,10312.0,1.0,0.0,1.0,2660.0,1200.0,1997.0,1,A5,555000,2019-10-04,statenisland,365 MOSELY AVENUE NYC
4,WHITESTONE,01 ONE FAMILY DWELLINGS,1,4634,24,A5,145-26 21ST AVENUE,11357.0,1.0,0.0,1.0,2922.0,1600.0,1930.0,1,A5,870000,2019-06-19,queens,145-26 21ST AVENUE NYC
4,LONG ISLAND CITY,03 THREE FAMILY DWELLINGS,1,387,11,C0,3815 CRESCENT STREET,11101.0,3.0,0.0,3.0,2800.0,2961.0,1920.0,1,C0,1500000,2019-10-04,queens,3815 CRESCENT STREET NYC
2,PELHAM PARKWAY NORTH,03 THREE FAMILY DWELLINGS,1,4348,41,C0,2337 WALLACE AVENUE,10467.0,3.0,0.0,3.0,3325.0,2975.0,1950.0,1,C0,933000,2019-09-10,bronx,2337 WALLACE AVENUE NYC
3,MILL BASIN,01 ONE FAMILY DWELLINGS,1,8613,7,A3,117 INDIANA PLACE,11234.0,1.0,0.0,1.0,4100.0,3240.0,1965.0,1,A3,1668500,2019-03-07,brooklyn,117 INDIANA PLACE NYC
3,FLATLANDS,02 TWO FAMILY DWELLINGS,1,7757,54,B1,1048 EAST 54TH STREET,11234.0,2.0,0.0,2.0,2167.0,1810.0,1950.0,1,B1,705000,2019-06-06,brooklyn,1048 EAST 54TH STREET NYC
5,ARDEN HEIGHTS,01 ONE FAMILY DWELLINGS,1,5741,59,A5,178 ILYSSA WAY,10312.0,1.0,0.0,1.0,560.0,1553.0,1996.0,1,A5,410000,2019-07-11,statenisland,178 ILYSSA WAY NYC
4,SOUTH OZONE PARK,01 ONE FAMILY DWELLINGS,1,11756,18,A1,121-36 133 STREET,11420.0,1.0,0.0,1.0,2000.0,910.0,1920.0,1,A1,525000,2019-03-22,queens,121-36 133 STREET NYC
4,FLUSHING-NORTH,02 TWO FAMILY DWELLINGS,1,5230,45,B1,140-08 QUINCE AVENUE,11355.0,2.0,0.0,2.0,4150.0,2730.0,1960.0,1,B1,1460000,2019-10-10,queens,140-08 QUINCE AVENUE NYC
5,CASTLETON CORNERS,02 TWO FAMILY DWELLINGS,1,357,134,B3,261 KINGSLEY AVENUE,10314.0,2.0,0.0,2.0,3600.0,1950.0,1925.0,1,B3,680000,2019-11-01,statenisland,261 KINGSLEY AVENUE NYC
2,SOUNDVIEW,01 ONE FAMILY DWELLINGS,1,3594,43,A5,747 ROSEDALE AVE,10473.0,1.0,0.0,1.0,2500.0,1776.0,1920.0,1,A5,575000,2019-06-18,bronx,747 ROSEDALE AVE NYC
2,SOUNDVIEW,03 THREE FAMILY DWELLINGS,1,3710,60,C0,1061 COLGATE AVENUE,10472.0,3.0,0.0,3.0,2000.0,2040.0,1945.0,1,C0,650000,2019-02-28,bronx,1061 COLGATE AVENUE NYC
4,HOLLIS,01 ONE FAMILY DWELLINGS,1,10879,80,A1,99-29 211TH STREET,11429.0,1.0,0.0,1.0,4800.0,1881.0,1925.0,1,A1,550000,2019-09-20,queens,99-29 211TH STREET NYC
3,FLATBUSH-EAST,02 TWO FAMILY DWELLINGS,1,4722,9,B2,5022 SNYDER AVENUE,11203.0,2.0,0.0,2.0,2000.0,2016.0,1901.0,1,B2,660000,2019-10-30,brooklyn,5022 SNYDER AVENUE NYC
3,SUNSET PARK,03 THREE FAMILY DWELLINGS,1,899,62,C0,257 23RD STREET,11215.0,3.0,0.0,3.0,2012.0,1800.0,1901.0,1,C0,1597500,2019-05-23,brooklyn,257 23RD STREET NYC
4,ROSEDALE,02 TWO FAMILY DWELLINGS,1,13688,60,B3,259-03 148TH DRIVE,11422.0,2.0,0.0,2.0,4467.0,2100.0,1955.0,1,B3,765000,2019-09-23,queens,259-03 148TH DRIVE NYC
4,OZONE PARK,02 TWO FAMILY DWELLINGS,1,9017,5,B2,84-10 95TH AVENUE,11416.0,2.0,0.0,2.0,3375.0,1840.0,1915.0,1,B2,560000,2019-08-09,queens,84-10 95TH AVENUE NYC
3,CANARSIE,02 TWO FAMILY DWELLINGS,1,7967,13,B1,577 EAST 88TH STREET,11236.0,2.0,0.0,2.0,3300.0,2052.0,1960.0,1,B1,385000,2019-07-30,brooklyn,577 EAST 88TH STREET NYC
4,ST. ALBANS,01 ONE FAMILY DWELLINGS,1,12461,1,A1,178-33 119TH ROAD,11434.0,1.0,0.0,1.0,3000.0,1812.0,1925.0,1,A1,575000,2019-05-02,queens,178-33 119TH ROAD NYC
4,FAR ROCKAWAY,02 TWO FAMILY DWELLINGS,1,15633,25,B2,312 BEACH 19 STREET,11691.0,2.0,0.0,2.0,4925.0,2450.0,1940.0,1,B2,545900,2019-07-22,queens,312 BEACH 19 STREET NYC
3,FLATBUSH-CENTRAL,01 ONE FAMILY DWELLINGS,1,5079,52,A5,21 EAST 18TH STREET,11226.0,1.0,0.0,1.0,1050.0,1570.0,1935.0,1,A5,750000,2019-03-05,brooklyn,21 EAST 18TH STREET NYC
4,FLUSHING-NORTH,02 TWO FAMILY DWELLINGS,1,5961,7,B1,169-12 26TH AVENUE,11358.0,2.0,0.0,2.0,2741.0,2420.0,1945.0,1,B1,980000,2019-09-30,queens,169-12 26TH AVENUE NYC
3,GRAVESEND,02 TWO FAMILY DWELLINGS,1,6932,8,B9,2570 CROPSEY AVENUE,11214.0,2.0,0.0,2.0,2385.0,3220.0,1970.0,1,B9,1280000,2019-06-05,brooklyn,2570 CROPSEY AVENUE NYC
2,BRONXDALE,01 ONE FAMILY DWELLINGS,1,4607,22,A5,3312 BARNES AVENUE,10467.0,1.0,0.0,1.0,1920.0,928.0,1945.0,1,A5,329900,2019-11-13,bronx,3312 BARNES AVENUE NYC
4,WOODHAVEN,02 TWO FAMILY DWELLINGS,1,8976,9,B3,89-08 97TH STREET,11421.0,2.0,0.0,2.0,2500.0,1891.0,1920.0,1,B3,785000,2019-08-21,queens,89-08 97TH STREET NYC
3,BAY RIDGE,02 TWO FAMILY DWELLINGS,1,5998,48,S2,8118 5TH AVENUE,11209.0,2.0,1.0,3.0,1150.0,3300.0,1931.0,1,S2,1300000,2019-02-08,brooklyn,8118 5TH AVENUE NYC
5,RICHMONDTOWN,02 TWO FAMILY DWELLINGS,1,4315,60,B2,53 JOEL PLACE,10306.0,2.0,0.0,2.0,4400.0,1976.0,1970.0,1,B2,785000,2019-08-08,statenisland,53 JOEL PLACE NYC
4,QUEENS VILLAGE,01 ONE FAMILY DWELLINGS,1,7941,17,A1,86-41 232ND ST,11427.0,1.0,0.0,1.0,3325.0,1541.0,1925.0,1,A1,720000,2019-06-28,queens,86-41 232ND ST NYC
3,BOROUGH PARK,01 ONE FAMILY DWELLINGS,1,5481,50,A9,1975 54TH STREET,11204.0,1.0,0.0,1.0,1603.0,1024.0,1930.0,1,A9,817000,2019-12-18,brooklyn,1975 54TH STREET NYC
4,SO. JAMAICA-BAISLEY PARK,01 ONE FAMILY DWELLINGS,1,12186,93,A9,155-15 114TH ROAD,11434.0,1.0,0.0,1.0,2480.0,1152.0,1962.0,1,A9,470710,2019-12-06,queens,155-15 114TH ROAD NYC
2,EAST TREMONT,07 RENTALS - WALKUP APARTMENTS,2A,3117,108,C3,1984 MARMION AVENUE,10460.0,4.0,0.0,4.0,1707.0,3995.0,2003.0,2,C3,600000,2019-05-30,bronx,1984 MARMION AVENUE NYC
2,BEDFORD PARK/NORWOOD,02 TWO FAMILY DWELLINGS,1,3302,29,B1,2898 VALENTINE AVE,10458.0,2.0,0.0,2.0,2442.0,2726.0,1901.0,1,B1,740000,2019-03-08,bronx,2898 VALENTINE AVE NYC
5,MANOR HEIGHTS,01 ONE FAMILY DWELLINGS,1,815,15,A0,192 LIVINGSTON AVENUE,10314.0,1.0,0.0,1.0,4000.0,1080.0,1955.0,1,A0,600000,2019-08-19,statenisland,192 LIVINGSTON AVENUE NYC
4,MIDDLE VILLAGE,07 RENTALS - WALKUP APARTMENTS,2A,3779,31,C3,68-18 79TH STREET,11379.0,4.0,0.0,4.0,2617.0,3570.0,1930.0,2,C3,1100000,2019-09-04,queens,68-18 79TH STREET NYC
4,ASTORIA,01 ONE FAMILY DWELLINGS,1,965,20,A2,21-40 HAZEN STREET,11370.0,1.0,0.0,1.0,4000.0,2200.0,1925.0,1,A2,985000,2019-12-12,queens,21-40 HAZEN STREET NYC
4,WOODHAVEN,01 ONE FAMILY DWELLINGS,1,8993,26,A1,91-30 97 STREET,11421.0,1.0,0.0,1.0,2375.0,1716.0,1920.0,1,A1,575000,2019-08-07,queens,91-30 97 STREET NYC
3,CYPRESS HILLS,02 TWO FAMILY DWELLINGS,1,3916,113,B2,50 NORWOOD AVENUE,11208.0,2.0,0.0,2.0,2000.0,2208.0,1910.0,1,B2,525000,2019-10-24,brooklyn,50 NORWOOD AVENUE NYC
3,BEDFORD STUYVESANT,22 STORE BUILDINGS,4,1994,47,K4,1103 FULTON STREET,11238.0,1.0,2.0,3.0,1685.0,3000.0,1930.0,4,K4,1000000,2019-04-15,brooklyn,1103 FULTON STREET NYC
5,WESTERLEIGH,01 ONE FAMILY DWELLINGS,1,474,131,A2,15 FILLAT STREET,10314.0,1.0,0.0,1.0,4000.0,1040.0,1960.0,1,A2,610000,2019-09-09,statenisland,15 FILLAT STREET NYC
5,PORT RICHMOND,01 ONE FAMILY DWELLINGS,1,1027,47,A1,17 WASHINGTON PLACE,10302.0,1.0,0.0,1.0,3663.0,1284.0,1920.0,1,A1,515000,2019-12-05,statenisland,17 WASHINGTON PLACE NYC
5,CASTLETON CORNERS,02 TWO FAMILY DWELLINGS,1,349,48,B1,98 BEECHWOOD PLACE,10314.0,2.0,0.0,2.0,2185.0,1496.0,1940.0,1,B1,490000,2019-09-13,statenisland,98 BEECHWOOD PLACE NYC
3,EAST NEW YORK,02 TWO FAMILY DWELLINGS,1,4154,1,B1,353 LOGAN STREET,11208.0,2.0,0.0,2.0,3750.0,1780.0,1920.0,1,B1,795000,2019-02-08,brooklyn,353 LOGAN STREET NYC
5,PORT RICHMOND,02 TWO FAMILY DWELLINGS,1,1116,122,B2,40 RIVERSIDE LANE,10302.0,2.0,0.0,2.0,3713.0,1550.0,2018.0,1,B2,534580,2019-04-23,statenisland,40 RIVERSIDE LANE NYC
4,ASTORIA,02 TWO FAMILY DWELLINGS,1,688,11,B1,24-13 42ND STREET,11103.0,2.0,0.0,2.0,1860.0,2120.0,1910.0,1,B1,1145000,2019-12-27,queens,24-13 42ND STREET NYC
4,WOODHAVEN,01 ONE FAMILY DWELLINGS,1,8926,8,A1,88-06 89TH STREET,11421.0,1.0,0.0,1.0,1940.0,1530.0,1920.0,1,A1,618000,2019-11-01,queens,88-06 89TH STREET NYC
3,BAY RIDGE,02 TWO FAMILY DWELLINGS,1,6019,70,B1,527 84 STREET,11209.0,2.0,0.0,2.0,2000.0,2940.0,1910.0,1,B1,1400000,2019-07-30,brooklyn,527 84 STREET NYC
4,ASTORIA,03 THREE FAMILY DWELLINGS,1,582,4,C0,33-10 29TH STREET,11106.0,3.0,0.0,3.0,1000.0,2726.0,1965.0,1,C0,990000,2019-02-08,queens,33-10 29TH STREET NYC
5,GREAT KILLS,01 ONE FAMILY DWELLINGS,1,4465,26,A5,39 CHESS LOOP,10306.0,1.0,0.0,1.0,2450.0,1410.0,2003.0,1,A5,442000,2019-08-13,statenisland,39 CHESS LOOP NYC
4,FLUSHING-NORTH,02 TWO FAMILY DWELLINGS,1,5645,1,B3,50-01 190TH STREET,11365.0,2.0,0.0,2.0,2800.0,2964.0,1940.0,1,B3,716466,2019-06-06,queens,50-01 190TH STREET NYC
3,SHEEPSHEAD BAY,22 STORE BUILDINGS,4,7403,47,K1,1801 AVENUE X,11235.0,0.0,4.0,4.0,2925.0,2925.0,1940.0,4,K1,1060000,2019-02-13,brooklyn,1801 AVENUE X NYC
2,PARKCHESTER,37 RELIGIOUS FACILITIES,4,4016,45,M1,1726 ADAMS STREET,10460.0,0.0,1.0,1.0,4913.0,1932.0,1942.0,4,M1,950000,2019-03-19,bronx,1726 ADAMS STREET NYC
3,SUNSET PARK,03 THREE FAMILY DWELLINGS,1,660,65,C0,129 28TH STREET,11232.0,3.0,0.0,3.0,2003.0,2100.0,1910.0,1,C0,1115000,2019-10-18,brooklyn,129 28TH STREET NYC
5,ROSSVILLE-CHARLESTON,01 ONE FAMILY DWELLINGS,1,7356,123,B9,149 GLADWIN STREET,10309.0,2.0,0.0,2.0,2468.0,1690.0,2001.0,1,A5,535000,2019-06-25,statenisland,149 GLADWIN STREET NYC
5,GREAT KILLS,01 ONE FAMILY DWELLINGS,1,4509,19,A5,263 CORBIN AVENUE,10308.0,1.0,0.0,1.0,2400.0,1440.0,1985.0,1,A5,530000,2019-09-30,statenisland,263 CORBIN AVENUE NYC
4,FLUSHING-NORTH,02 TWO FAMILY DWELLINGS,1,4780,71,B1,144-23 26TH AVENUE,11354.0,2.0,0.0,2.0,1800.0,1368.0,1960.0,1,B1,980000,2019-09-17,queens,144-23 26TH AVENUE NYC
4,SPRINGFIELD GARDENS,01 ONE FAMILY DWELLINGS,1,12569,67,A1,134-50 175TH STREET,11434.0,1.0,0.0,1.0,3200.0,1284.0,1920.0,1,A1,643724,2019-10-16,queens,134-50 175TH STREET NYC
4,ROSEDALE,01 ONE FAMILY DWELLINGS,1,13642,72,A2,245-11 148TH DRIVE,11422.0,1.0,0.0,1.0,4000.0,1025.0,1955.0,1,A2,470000,2019-08-23,queens,245-11 148TH DRIVE NYC
4,ST. ALBANS,02 TWO FAMILY DWELLINGS,1,11056,38,B3,115-66 191ST STREET,11412.0,2.0,0.0,2.0,4760.0,2160.0,1925.0,1,B3,770833,2019-12-17,queens,115-66 191ST STREET NYC
3,FLATBUSH-NORTH,03 THREE FAMILY DWELLINGS,1,4850,38,C0,255 EAST 45TH STREET,11203.0,3.0,0.0,3.0,2250.0,2820.0,1940.0,1,C0,695000,2019-01-30,brooklyn,255 EAST 45TH STREET NYC
4,QUEENS VILLAGE,02 TWO FAMILY DWELLINGS,1,11214,40,B3,216-31 113TH AVENUE,11429.0,2.0,0.0,2.0,2200.0,1476.0,1940.0,1,B3,575000,2019-11-27,queens,216-31 113TH AVENUE NYC
4,SPRINGFIELD GARDENS,01 ONE FAMILY DWELLINGS,1,12668,83,A1,121-47 GRAYSON STREET,11413.0,1.0,0.0,1.0,3000.0,1091.0,1920.0,1,A1,535600,2019-10-03,queens,121-47 GRAYSON STREET NYC
4,FLORAL PARK,01 ONE FAMILY DWELLINGS,1,8754,11,A1,82-46 261ST STREET,11004.0,1.0,0.0,1.0,4500.0,1643.0,1950.0,1,A1,715000,2019-05-01,queens,82-46 261ST STREET NYC
4,ARVERNE,01 ONE FAMILY DWELLINGS,1,16038,53,A9,439 BEACH 64TH STREET,11692.0,1.0,0.0,1.0,2250.0,1530.0,1960.0,1,A9,417150,2019-10-16,queens,439 BEACH 64TH STREET NYC
3,MARINE PARK,01 ONE FAMILY DWELLINGS,1,7711,57,A1,1760 MADISON PLACE,11229.0,1.0,0.0,1.0,3100.0,1374.0,1920.0,1,A1,875000,2019-10-24,brooklyn,1760 MADISON PLACE NYC
4,FLORAL PARK,01 ONE FAMILY DWELLINGS,1,8710,19,A0,80-27 254TH STREET,11004.0,1.0,0.0,1.0,4000.0,1215.0,1950.0,1,A0,600000,2019-12-20,queens,80-27 254TH STREET NYC
3,CANARSIE,02 TWO FAMILY DWELLINGS,1,8173,116,B1,649 EAST 104 STREET,11236.0,2.0,0.0,2.0,2400.0,3216.0,1999.0,1,B1,695000,2019-08-23,brooklyn,649 EAST 104 STREET NYC
3,DYKER HEIGHTS,01 ONE FAMILY DWELLINGS,1,5954,70,A5,959 77TH STREET,11228.0,1.0,0.0,1.0,1800.0,1288.0,1925.0,1,A5,900000,2019-11-19,brooklyn,959 77TH STREET NYC
5,WEST NEW BRIGHTON,01 ONE FAMILY DWELLINGS,1,214,23,A1,18 WHITE PLACE,10310.0,1.0,0.0,1.0,4760.0,1350.0,1901.0,1,A1,530000,2019-08-28,statenisland,18 WHITE PLACE NYC
5,CASTLETON CORNERS,01 ONE FAMILY DWELLINGS,1,372,20,A2,80 RAYMOND AVENUE,10314.0,1.0,0.0,1.0,4200.0,912.0,1960.0,1,A2,415000,2019-09-03,statenisland,80 RAYMOND AVENUE NYC
2,HUNTS POINT,02 TWO FAMILY DWELLINGS,1,2740,85,B1,853 MANIDA STREET,10474.0,2.0,0.0,2.0,2500.0,2592.0,1908.0,1,B1,384800,2019-10-02,bronx,853 MANIDA STREET NYC
4,QUEENS VILLAGE,02 TWO FAMILY DWELLINGS,1,11163,77,B1,104-56 219TH STREET,11429.0,2.0,0.0,2.0,4200.0,2392.0,1950.0,1,B1,700000,2019-09-05,queens,104-56 219TH STREET NYC
4,SPRINGFIELD GARDENS,01 ONE FAMILY DWELLINGS,1,12719,107,A5,187-07 RIDGEDALE STREET,11413.0,1.0,0.0,1.0,2461.0,1890.0,1960.0,1,A5,515000,2019-01-16,queens,187-07 RIDGEDALE STREET NYC
5,OAKWOOD,02 TWO FAMILY DWELLINGS,1,4274,80,B2,88 PETER AVENUE,10306.0,2.0,0.0,2.0,4546.0,2092.0,1960.0,1,B2,850000,2019-08-30,statenisland,88 PETER AVENUE NYC
4,BELLEROSE,01 ONE FAMILY DWELLINGS,1,8641,13,A1,248-02 87TH AVENUE,11426.0,1.0,0.0,1.0,3900.0,1485.0,1935.0,1,A1,400000,2019-12-11,queens,248-02 87TH AVENUE NYC
5,NEW SPRINGVILLE,02 TWO FAMILY DWELLINGS,1,2113,125,B2,54 FREEDOM AVENUE,10314.0,2.0,0.0,2.0,4620.0,2248.0,1965.0,1,B2,718000,2019-10-10,statenisland,54 FREEDOM AVENUE NYC
4,SO. JAMAICA-BAISLEY PARK,01 ONE FAMILY DWELLINGS,1,12350,105,A1,168-12 116TH AVENUE,11434.0,1.0,0.0,1.0,3000.0,1672.0,1925.0,1,A1,375000,2019-10-30,queens,168-12 116TH AVENUE NYC
3,BENSONHURST,29 COMMERCIAL GARAGES,4,6314,86,G2,1765 84TH STREET,11214.0,0.0,1.0,1.0,2640.0,2640.0,1904.0,4,G2,1250000,2019-05-07,brooklyn,1765 84TH STREET NYC
3,EAST NEW YORK,02 TWO FAMILY DWELLINGS,1,4252,23,B2,1078 BELMONT AVE,11208.0,2.0,0.0,2.0,2400.0,2288.0,1910.0,1,B2,690000,2019-02-19,brooklyn,1078 BELMONT AVE NYC
4,LAURELTON,01 ONE FAMILY DWELLINGS,1,13084,117,A1,21921 144TH AVE,11413.0,1.0,0.0,1.0,4000.0,1496.0,1930.0,1,A1,560000,2019-10-30,queens,21921 144TH AVE NYC
2,MORRIS PARK/VAN NEST,03 THREE FAMILY DWELLINGS,1,4261,48,C0,1911 BARNES AVENUE,10462.0,3.0,0.0,3.0,2375.0,3198.0,1910.0,1,C0,438604,2019-02-22,bronx,1911 BARNES AVENUE NYC
4,WHITESTONE,02 TWO FAMILY DWELLINGS,1,4675,34,B1,149-61 WILLETS POINT BOULEVARD,11357.0,2.0,0.0,2.0,4080.0,2938.0,1960.0,1,B1,1176660,2019-09-04,queens,149-61 WILLETS POINT BOULEVARD NYC
2,BAYCHESTER,02 TWO FAMILY DWELLINGS,1,4751,25,B1,3323 WICKHAM AVENUE,10469.0,2.0,0.0,2.0,1900.0,2620.0,1970.0,1,B1,349000,2019-06-18,bronx,3323 WICKHAM AVENUE NYC
4,ARVERNE,02 TWO FAMILY DWELLINGS,1,16030,53,B2,541 BEACH 63 STREET,11692.0,2.0,0.0,2.0,3164.0,1978.0,2001.0,1,B2,660000,2019-03-07,queens,541 BEACH 63 STREET NYC
3,MIDWOOD,03 THREE FAMILY DWELLINGS,1,6698,39,C0,880 EAST 15TH STREET,11230.0,3.0,0.0,3.0,3000.0,3099.0,1910.0,1,C0,1185000,2019-11-21,brooklyn,880 EAST 15TH STREET NYC
4,OZONE PARK,02 TWO FAMILY DWELLINGS,1,9157,16,B3,105-18 91ST STREET,11417.0,2.0,0.0,2.0,2400.0,1232.0,1920.0,1,B3,440000,2019-05-14,queens,105-18 91ST STREET NYC
4,CAMBRIA HEIGHTS,02 TWO FAMILY DWELLINGS,1,11301,114,B3,115-99 219TH STREET,11411.0,2.0,0.0,2.0,4100.0,934.0,1950.0,1,B3,654552,2019-11-14,queens,115-99 219TH STREET NYC
5,TOTTENVILLE,01 ONE FAMILY DWELLINGS,1,7863,7,A5,245 LORETTO STREET,10307.0,1.0,0.0,1.0,791.0,1503.0,1990.0,1,A5,377000,2019-10-31,statenisland,245 LORETTO STREET NYC
3,FLATLANDS,02 TWO FAMILY DWELLINGS,1,7805,30,B1,1021 EAST 57TH STREET,11234.0,2.0,0.0,2.0,2933.0,2472.0,1960.0,1,B1,830000,2019-06-24,brooklyn,1021 EAST 57TH STREET NYC
4,SO. JAMAICA-BAISLEY PARK,02 TWO FAMILY DWELLINGS,1,12008,63,B3,116-19 148TH STREET,11436.0,2.0,0.0,2.0,2000.0,1170.0,1930.0,1,B3,465000,2019-08-30,queens,116-19 148TH STREET NYC
4,BAYSIDE,01 ONE FAMILY DWELLINGS,1,6020,11,A5,198-14 29 AVENUE,11358.0,1.0,0.0,1.0,1948.0,1120.0,1945.0,1,A5,735000,2019-05-31,queens,198-14 29 AVENUE NYC
4,FLUSHING-NORTH,01 ONE FAMILY DWELLINGS,1,4820,37,A1,150-49 27TH AVENUE,11354.0,1.0,0.0,1.0,4050.0,2017.0,1960.0,1,A1,1300000,2019-05-23,queens,150-49 27TH AVENUE NYC
2,BAYCHESTER,02 TWO FAMILY DWELLINGS,1,4752,74,B1,3216 GUNTHER AVENUE,10469.0,2.0,0.0,2.0,2695.0,2080.0,1970.0,1,B1,358000,2019-11-01,bronx,3216 GUNTHER AVENUE NYC
4,RIDGEWOOD,02 TWO FAMILY DWELLINGS,1,3523,37,B3,61-12 MENAHAN STREET,11385.0,2.0,0.0,2.0,4455.0,1925.0,1925.0,1,B3,930000,2019-09-27,queens,61-12 MENAHAN STREET NYC
3,BOROUGH PARK,02 TWO FAMILY DWELLINGS,1,5521,47,B1,2077 61ST STREET,11204.0,2.0,0.0,2.0,2400.0,1376.0,1930.0,1,B1,999000,2019-12-02,brooklyn,2077 61ST STREET NYC
4,SOUTH JAMAICA,01 ONE FAMILY DWELLINGS,1,10246,139,A1,171-03 108TH AVENUE,11433.0,1.0,0.0,1.0,3605.0,1904.0,1920.0,1,A1,430000,2019-07-16,queens,171-03 108TH AVENUE NYC
2,SOUNDVIEW,02 TWO FAMILY DWELLINGS,1,3762,28,B3,1240 COMMONWEALTH AVENUE,10472.0,2.0,0.0,2.0,1063.0,1346.0,1920.0,1,B3,410500,2019-09-13,bronx,1240 COMMONWEALTH AVENUE NYC
4,SPRINGFIELD GARDENS,01 ONE FAMILY DWELLINGS,1,12486,71,A5,178-10 LESLIE RD,11434.0,1.0,0.0,1.0,2000.0,1440.0,1935.0,1,A5,345000,2019-05-13,queens,178-10 LESLIE RD NYC
4,RICHMOND HILL,02 TWO FAMILY DWELLINGS,1,9471,32,B3,129-03 97TH AVENUE,11419.0,2.0,0.0,2.0,2521.0,1476.0,1920.0,1,B3,580000,2019-07-16,queens,129-03 97TH AVENUE NYC
2,BRONXDALE,03 THREE FAMILY DWELLINGS,1,4599,50,C0,788 NORTH OAK DRIVE,10467.0,3.0,0.0,3.0,1785.0,2448.0,1925.0,1,C0,670000,2019-09-06,bronx,788 NORTH OAK DRIVE NYC
3,BATH BEACH,02 TWO FAMILY DWELLINGS,1,6430,15,B9,8821 16TH AVENUE,11214.0,2.0,0.0,2.0,2120.0,2620.0,1950.0,1,B9,950000,2019-12-06,brooklyn,8821 16TH AVENUE NYC
2,MORRIS PARK/VAN NEST,01 ONE FAMILY DWELLINGS,1,4266,20,A1,1948 BOGART AVE,10462.0,1.0,0.0,1.0,2500.0,1646.0,1940.0,1,A1,575000,2019-01-29,bronx,1948 BOGART AVE NYC
4,OZONE PARK,01 ONE FAMILY DWELLINGS,1,11533,11,A1,137-10 97TH STREET,11417.0,1.0,0.0,1.0,2500.0,1360.0,1925.0,1,A1,555000,2019-08-08,queens,137-10 97TH STREET NYC
4,FAR ROCKAWAY,02 TWO FAMILY DWELLINGS,1,15761,32,B2,515 BEACH 21ST STREET,11691.0,2.0,0.0,2.0,3647.0,2040.0,1950.0,1,B2,403000,2019-09-23,queens,515 BEACH 21ST STREET NYC
2,BAYCHESTER,02 TWO FAMILY DWELLINGS,1,4748,8,B9,3243 KINGSLAND AVENUE,10469.0,2.0,0.0,2.0,2660.0,3000.0,1965.0,1,B9,525000,2019-10-11,bronx,3243 KINGSLAND AVENUE NYC
4,WOODHAVEN,01 ONE FAMILY DWELLINGS,1,8927,31,A5,87-47 88TH STREET,11421.0,1.0,0.0,1.0,1393.0,1232.0,1915.0,1,A5,525000,2019-11-26,queens,87-47 88TH STREET NYC
5,WEST NEW BRIGHTON,01 ONE FAMILY DWELLINGS,1,161,115,A5,173 NORTH BURGHER AVENUE,10310.0,1.0,0.0,1.0,2250.0,1136.0,2004.0,1,A5,395000,2019-04-09,statenisland,173 NORTH BURGHER AVENUE NYC
4,SO. JAMAICA-BAISLEY PARK,01 ONE FAMILY DWELLINGS,1,12208,56,A9,118-42 154TH STREET,11434.0,1.0,0.0,1.0,1350.0,786.0,1915.0,1,A9,412000,2019-04-18,queens,118-42 154TH STREET NYC
2,THROGS NECK,01 ONE FAMILY DWELLINGS,1,5593,73,A5,282 BRINSMADE AVENUE,10465.0,1.0,0.0,1.0,1600.0,960.0,1950.0,1,A5,320000,2019-03-06,bronx,282 BRINSMADE AVENUE NYC
3,BOROUGH PARK,01 ONE FAMILY DWELLINGS,1,5434,24,A9,1644 45TH STREET,11204.0,1.0,0.0,1.0,2487.0,1870.0,1920.0,1,A9,1440000,2019-12-05,brooklyn,1644 45TH STREET NYC
4,FLUSHING-NORTH,02 TWO FAMILY DWELLINGS,1,5407,34,B3,149-64 BEECH AVENUE,11355.0,2.0,0.0,2.0,4000.0,3043.0,1920.0,1,B3,1750000,2019-09-25,queens,149-64 BEECH AVENUE NYC
4,QUEENS VILLAGE,01 ONE FAMILY DWELLINGS,1,10667,46,A2,89-14 221ST PLACE,11427.0,1.0,0.0,1.0,3800.0,1116.0,1950.0,1,A2,585000,2019-09-26,queens,89-14 221ST PLACE NYC
3,SHEEPSHEAD BAY,03 THREE FAMILY DWELLINGS,1,8794,20,C0,2730 HARING STREET,11235.0,3.0,0.0,3.0,2018.0,2968.0,1970.0,1,C0,1200000,2019-10-15,brooklyn,2730 HARING STREET NYC
5,PORT RICHMOND,01 ONE FAMILY DWELLINGS,1,1065,144,A5,29 RUMPLER COURT,10302.0,1.0,0.0,1.0,1824.0,1750.0,2005.0,1,A5,465000,2019-06-06,statenisland,29 RUMPLER COURT NYC
3,BENSONHURST,03 THREE FAMILY DWELLINGS,1,6345,34,C0,1964 85TH STREET,11214.0,3.0,0.0,3.0,2700.0,2528.0,1920.0,1,C0,1300000,2019-02-12,brooklyn,1964 85TH STREET NYC
3,CANARSIE,02 TWO FAMILY DWELLINGS,1,8065,72,B9,1274 EAST 87TH STREET,11236.0,2.0,0.0,2.0,1992.0,1966.0,1955.0,1,B9,685000,2019-08-19,brooklyn,1274 EAST 87TH STREET NYC
3,WINDSOR TERRACE,01 ONE FAMILY DWELLINGS,1,5281,13,A5,123 EAST 2ND STREET,11218.0,1.0,0.0,1.0,1800.0,1683.0,1925.0,1,A5,1705000,2019-08-06,brooklyn,123 EAST 2ND STREET NYC
5,OAKWOOD-BEACH,01 ONE FAMILY DWELLINGS,1,4021,6,A9,353 ISABELLA AVE,10306.0,1.0,0.0,1.0,2500.0,1020.0,1965.0,1,A9,560000,2019-11-20,statenisland,353 ISABELLA AVE NYC
4,HOLLIS,02 TWO FAMILY DWELLINGS,1,10879,9,B2,99-10 211 PLACE,11429.0,2.0,0.0,2.0,4400.0,1884.0,1930.0,1,B2,540000,2019-04-12,queens,99-10 211 PLACE NYC
2,MORRIS PARK/VAN NEST,01 ONE FAMILY DWELLINGS,1,4065,6,A1,1062 PIERCE,10461.0,1.0,0.0,1.0,2500.0,1820.0,1927.0,1,A1,530000,2019-01-22,bronx,1062 PIERCE NYC
3,FLATLANDS,01 ONE FAMILY DWELLINGS,1,7824,4,A5,4415 AVENUE L,11234.0,1.0,0.0,1.0,2000.0,1436.0,1915.0,1,A5,660000,2019-10-04,brooklyn,4415 AVENUE L NYC
3,BOROUGH PARK,07 RENTALS - WALKUP APARTMENTS,2A,5296,22,C3,"1252 36TH STREET, 4",11218.0,4.0,0.0,4.0,1898.0,2652.0,1931.0,2,C3,1050000,2019-05-01,brooklyn,"1252 36TH STREET, 4 NYC"
4,RICHMOND HILL,02 TWO FAMILY DWELLINGS,1,9417,21,B1,9532 116TH STREET,11419.0,2.0,0.0,2.0,2668.0,2184.0,1965.0,1,B1,375000,2019-02-27,queens,9532 116TH STREET NYC
4,JACKSON HEIGHTS,01 ONE FAMILY DWELLINGS,1,1386,1,A5,30-09 88TH STREET,11369.0,1.0,0.0,1.0,2042.0,1550.0,1940.0,1,A5,811888,2019-05-07,queens,30-09 88TH STREET NYC
3,EAST NEW YORK,37 RELIGIOUS FACILITIES,4,4071,27,M9,1100 BLAKE AVENUE,11208.0,2.0,1.0,3.0,1400.0,4001.0,1930.0,4,M9,600000,2019-07-18,brooklyn,1100 BLAKE AVENUE NYC
3,EAST NEW YORK,03 THREE FAMILY DWELLINGS,1,3681,34,C0,22 HINSDALE STREET,11207.0,3.0,0.0,3.0,2000.0,2896.0,1910.0,1,C0,848000,2019-10-25,brooklyn,22 HINSDALE STREET NYC
2,BELMONT,02 TWO FAMILY DWELLINGS,1,3075,11,B2,652 EAST 188TH STREET,10458.0,2.0,0.0,2.0,1900.0,2380.0,1910.0,1,B2,670000,2019-04-18,bronx,652 EAST 188TH STREET NYC
3,CYPRESS HILLS,01 ONE FAMILY DWELLINGS,1,3483,36,A9,44 MARGINAL ST WEST,11207.0,1.0,0.0,1.0,1485.0,1200.0,1910.0,1,A9,1106000,2019-09-13,brooklyn,44 MARGINAL ST WEST NYC
5,SOUTH BEACH,01 ONE FAMILY DWELLINGS,1,3111,116,A2,153 ROBIN ROAD,10305.0,1.0,0.0,1.0,4320.0,996.0,1940.0,1,A2,344760,2019-03-18,statenisland,153 ROBIN ROAD NYC
3,BOROUGH PARK,03 THREE FAMILY DWELLINGS,1,5682,16,C0,1130 55TH STREET,11219.0,3.0,0.0,3.0,2504.0,3624.0,1925.0,1,C0,1635000,2019-02-28,brooklyn,1130 55TH STREET NYC
3,EAST NEW YORK,02 TWO FAMILY DWELLINGS,1,3991,28,B1,128 MONTAUK AVENUE,11208.0,2.0,0.0,2.0,2000.0,2000.0,1901.0,1,B1,675000,2019-08-30,brooklyn,128 MONTAUK AVENUE NYC
2,WILLIAMSBRIDGE,03 THREE FAMILY DWELLINGS,1,4684,36,C0,3610 BRONXWOOD AVENUE,10469.0,3.0,0.0,3.0,1817.0,4023.0,1925.0,1,C0,550000,2019-03-11,bronx,3610 BRONXWOOD AVENUE NYC
2,WILLIAMSBRIDGE,02 TWO FAMILY DWELLINGS,1,4684,79,B2,923 EAST 213 STREET,10469.0,2.0,0.0,2.0,1767.0,2345.0,1920.0,1,B2,405000,2019-08-21,bronx,923 EAST 213 STREET NYC
3,SHEEPSHEAD BAY,01 ONE FAMILY DWELLINGS,1,7435,58,A9,2549 EAST 14TH STREET,11235.0,1.0,0.0,1.0,2500.0,1729.0,1920.0,1,A9,679000,2019-02-20,brooklyn,2549 EAST 14TH STREET NYC
4,SOUTH JAMAICA,01 ONE FAMILY DWELLINGS,1,10140,8,S1,107-18 GUY R BREWER BLVD,11433.0,1.0,1.0,2.0,2415.0,1800.0,1920.0,1,S1,637500,2019-07-03,queens,107-18 GUY R BREWER BLVD NYC
4,RICHMOND HILL,02 TWO FAMILY DWELLINGS,1,9340,148,B2,88-21 132ND STREET,11418.0,2.0,0.0,2.0,2400.0,1956.0,1935.0,1,B2,675000,2019-10-09,queens,88-21 132ND STREET NYC
4,NEPONSIT,01 ONE FAMILY DWELLINGS,1,16296,39,A2,429 BEACH 145TH,11694.0,1.0,0.0,1.0,4000.0,1032.0,1930.0,1,A2,705000,2019-11-21,queens,429 BEACH 145TH NYC
5,MARINERS HARBOR,01 ONE FAMILY DWELLINGS,1,1182,18,A2,515 MELYN PLACE,10303.0,1.0,0.0,1.0,4000.0,950.0,1955.0,1,A2,599000,2019-10-29,statenisland,515 MELYN PLACE NYC
4,HOLLIS,03 THREE FAMILY DWELLINGS,1,10816,39,C0,188-23 WOODHULL AVENUE,11423.0,3.0,0.0,3.0,2563.0,3597.0,2017.0,1,C0,1099710,2019-01-02,queens,188-23 WOODHULL AVENUE NYC
4,ASTORIA,02 TWO FAMILY DWELLINGS,1,688,4,B1,24-31 42ND STREET,11103.0,2.0,0.0,2.0,2496.0,1995.0,1935.0,1,B1,572333,2019-03-27,queens,24-31 42ND STREET NYC
5,ELTINGVILLE,02 TWO FAMILY DWELLINGS,1,5711,28,B2,98 STAFFORD AVENUE,10312.0,2.0,0.0,2.0,4000.0,2156.0,1965.0,1,B2,832500,2019-08-14,statenisland,98 STAFFORD AVENUE NYC
3,EAST NEW YORK,03 THREE FAMILY DWELLINGS,1,4008,44,C0,2555 PITKIN AVENUE,11208.0,3.0,0.0,3.0,1800.0,3000.0,2003.0,1,C0,340000,2019-09-19,brooklyn,2555 PITKIN AVENUE NYC
5,MARINERS HARBOR,01 ONE FAMILY DWELLINGS,1,1186,142,A5,129 MARINERS LANE,10303.0,1.0,0.0,1.0,1260.0,1396.0,1988.0,1,A5,345000,2019-12-20,statenisland,129 MARINERS LANE NYC
2,SOUNDVIEW,01 ONE FAMILY DWELLINGS,1,3472,42,A2,349 UNDERHILL AVE,10473.0,1.0,0.0,1.0,2500.0,1700.0,1915.0,1,A2,410000,2019-09-30,bronx,349 UNDERHILL AVE NYC
3,EAST NEW YORK,02 TWO FAMILY DWELLINGS,1,4174,13,B1,61 SHERIDAN AVENUE,11208.0,2.0,0.0,2.0,2002.0,2080.0,1910.0,1,B1,632017,2019-01-25,brooklyn,61 SHERIDAN AVENUE NYC
5,NEW DORP-HEIGHTS,01 ONE FAMILY DWELLINGS,1,4342,63,A5,82 BELFAST AVENUE,10306.0,1.0,0.0,1.0,2600.0,1360.0,1965.0,1,A5,525000,2019-12-26,statenisland,82 BELFAST AVENUE NYC
3,CANARSIE,01 ONE FAMILY DWELLINGS,1,8048,138,A5,1109 EAST 82ND STREET,11236.0,1.0,0.0,1.0,1280.0,1120.0,1960.0,1,A5,545000,2019-06-25,brooklyn,1109 EAST 82ND STREET NYC
3,MADISON,01 ONE FAMILY DWELLINGS,1,6814,1,A5,1789 HARING STREET,11229.0,1.0,0.0,1.0,2100.0,1880.0,1950.0,1,A5,925000,2019-03-28,brooklyn,1789 HARING STREET NYC
2,BEDFORD PARK/NORWOOD,01 ONE FAMILY DWELLINGS,1,3309,99,A1,249 EAST 203 STREET,10458.0,1.0,0.0,1.0,2375.0,1504.0,1910.0,1,A1,807300,2019-04-11,bronx,249 EAST 203 STREET NYC
5,SILVER LAKE,01 ONE FAMILY DWELLINGS,1,275,101,A1,243 HART AVENUE,10310.0,1.0,0.0,1.0,3840.0,1280.0,1940.0,1,A1,675000,2019-08-28,statenisland,243 HART AVENUE NYC
3,MIDWOOD,01 ONE FAMILY DWELLINGS,1,7549,34,A1,867 EAST 21ST STREET,11210.0,1.0,0.0,1.0,4000.0,2561.0,1920.0,1,A1,1661000,2019-10-11,brooklyn,867 EAST 21ST STREET NYC
4,WOODSIDE,01 ONE FAMILY DWELLINGS,1,1225,30,A0,3911 54 STREET,11377.0,1.0,0.0,1.0,2500.0,1022.0,1925.0,1,A0,892000,2019-08-29,queens,3911 54 STREET NYC
4,FLUSHING-NORTH,01 ONE FAMILY DWELLINGS,1,4288,13,A5,141-26 25TH AVENUE,11357.0,1.0,0.0,1.0,2431.0,1944.0,1960.0,1,A5,875000,2019-09-06,queens,141-26 25TH AVENUE NYC
3,CYPRESS HILLS,01 ONE FAMILY DWELLINGS,1,3955,3,A1,195 ELTON STREET,11208.0,1.0,0.0,1.0,1667.0,1360.0,1905.0,1,A1,323303,2019-10-18,brooklyn,195 ELTON STREET NYC
5,WEST NEW BRIGHTON,01 ONE FAMILY DWELLINGS,1,208,60,A1,22 WEST STREET,10310.0,1.0,0.0,1.0,2500.0,1995.0,2005.0,1,A1,330057,2019-06-04,statenisland,22 WEST STREET NYC
4,OZONE PARK,01 ONE FAMILY DWELLINGS,1,11345,6,A5,132-01 82ND STREET,11417.0,1.0,0.0,1.0,1900.0,1378.0,1954.0,1,A5,615000,2019-08-19,queens,132-01 82ND STREET NYC
4,HOWARD BEACH,01 ONE FAMILY DWELLINGS,1,14024,22,A1,16028 87 STREET,11414.0,1.0,0.0,1.0,3500.0,2000.0,1960.0,1,A1,650000,2019-11-06,queens,16028 87 STREET NYC
4,ASTORIA,02 TWO FAMILY DWELLINGS,1,719,4,B2,28-53 45TH STREET,11103.0,2.0,0.0,2.0,2500.0,688.0,1901.0,1,B2,990000,2019-05-20,queens,28-53 45TH STREET NYC
4,LAURELTON,03 THREE FAMILY DWELLINGS,1,13142,28,C0,220-10 139TH AVENUE,11413.0,3.0,0.0,3.0,3592.0,2100.0,1960.0,1,C0,775000,2019-11-06,queens,220-10 139TH AVENUE NYC
5,SOUTH BEACH,01 ONE FAMILY DWELLINGS,1,3110,48,A5,197 SAND LANE,10305.0,1.0,0.0,1.0,2250.0,1348.0,2018.0,1,A5,605859,2019-07-26,statenisland,197 SAND LANE NYC
4,FLORAL PARK,01 ONE FAMILY DWELLINGS,1,8757,24,A0,82-35 263RD STREET,11004.0,1.0,0.0,1.0,4000.0,996.0,1950.0,1,A0,585000,2019-04-09,queens,82-35 263RD STREET NYC
4,OZONE PARK,02 TWO FAMILY DWELLINGS,1,11491,70,B2,133-17 CROSS BAY BOULEVARD,11417.0,2.0,0.0,2.0,1520.0,708.0,1920.0,1,B2,480000,2019-07-08,queens,133-17 CROSS BAY BOULEVARD NYC
3,BOROUGH PARK,03 THREE FAMILY DWELLINGS,1,5462,29,C0,1956 50TH STREET,11204.0,3.0,0.0,3.0,3005.0,3280.0,1945.0,1,C0,1565000,2019-08-15,brooklyn,1956 50TH STREET NYC
3,BEDFORD STUYVESANT,02 TWO FAMILY DWELLINGS,1,1818,102,B2,379 NOSTRAND AVENUE,11216.0,2.0,0.0,2.0,960.0,2112.0,2006.0,1,B2,999000,2019-05-06,brooklyn,379 NOSTRAND AVENUE NYC
5,ARROCHAR,01 ONE FAMILY DWELLINGS,1,3108,62,A5,167 SAND LANE,10305.0,1.0,0.0,1.0,2000.0,1870.0,2018.0,1,A5,595676,2019-09-04,statenisland,167 SAND LANE NYC
5,MIDLAND BEACH,02 TWO FAMILY DWELLINGS,1,3713,20,B9,228 SLATER BOULEVARD,10305.0,2.0,0.0,2.0,3111.0,1872.0,1980.0,1,B9,685000,2019-08-07,statenisland,228 SLATER BOULEVARD NYC
4,ROSEDALE,01 ONE FAMILY DWELLINGS,1,13666,105,A2,255-27 148TH ROAD,11422.0,1.0,0.0,1.0,4000.0,1203.0,1955.0,1,A2,450000,2019-06-25,queens,255-27 148TH ROAD NYC
5,BULLS HEAD,01 ONE FAMILY DWELLINGS,1,1681,57,A5,41 CAROL PLACE,10303.0,1.0,0.0,1.0,1638.0,1159.0,1988.0,1,A5,417000,2019-11-26,statenisland,41 CAROL PLACE NYC
2,PARKCHESTER,03 THREE FAMILY DWELLINGS,1,4022,7,C0,540 VAN NEST AVENUE,10460.0,3.0,0.0,3.0,2375.0,2580.0,1901.0,1,C0,650000,2019-01-30,bronx,540 VAN NEST AVENUE NYC
3,OCEAN HILL,37 RELIGIOUS FACILITIES,4,1553,25,M1,52 SACKMAN STREET,11233.0,0.0,1.0,1.0,3709.0,2800.0,1925.0,4,M1,720000,2019-03-27,brooklyn,52 SACKMAN STREET NYC
5,ROSSVILLE,02 TWO FAMILY DWELLINGS,1,7032,72,B9,47 HEMLOCK STREET,10309.0,2.0,0.0,2.0,2306.0,2424.0,1999.0,1,B9,595000,2019-10-24,statenisland,47 HEMLOCK STREET NYC
2,COUNTRY CLUB,01 ONE FAMILY DWELLINGS,1,5406,137,A1,3236 RAWLINS AVENUE,10465.0,1.0,0.0,1.0,3152.0,1440.0,1930.0,1,A1,615000,2019-05-03,bronx,3236 RAWLINS AVENUE NYC
4,HOLLIS,01 ONE FAMILY DWELLINGS,1,10581,22,A5,88-36 207TH STREET,11427.0,1.0,0.0,1.0,2500.0,1200.0,1940.0,1,A5,500000,2019-11-05,queens,88-36 207TH STREET NYC
3,BOROUGH PARK,02 TWO FAMILY DWELLINGS,1,5640,15,B1,1122 49TH ST,11219.0,2.0,0.0,2.0,2003.0,3318.0,1905.0,1,B1,1230000,2019-11-06,brooklyn,1122 49TH ST NYC
5,ELTINGVILLE,01 ONE FAMILY DWELLINGS,1,5592,69,A2,57 BAMBERGER LANE,10312.0,1.0,0.0,1.0,4704.0,1750.0,1970.0,1,A2,698000,2019-07-25,statenisland,57 BAMBERGER LANE NYC
4,WOODHAVEN,02 TWO FAMILY DWELLINGS,1,8938,24,B3,87-36 98TH STREET,11421.0,2.0,0.0,2.0,4000.0,2208.0,1901.0,1,B3,575000,2019-03-07,queens,87-36 98TH STREET NYC
4,BAYSIDE,01 ONE FAMILY DWELLINGS,1,5774,48,A2,15-47 UTOPIA PARKWAY,11357.0,1.0,0.0,1.0,3842.0,1248.0,1950.0,1,A2,840000,2019-06-27,queens,15-47 UTOPIA PARKWAY NYC
4,WOODSIDE,01 ONE FAMILY DWELLINGS,1,1229,43,A5,39-21 58TH STREET,11377.0,1.0,0.0,1.0,2754.0,1224.0,1955.0,1,A5,743000,2019-04-24,queens,39-21 58TH STREET NYC
3,BENSONHURST,01 ONE FAMILY DWELLINGS,1,6164,50,A5,2171 70TH STREET,11204.0,1.0,0.0,1.0,2600.0,1936.0,1920.0,1,A5,980000,2019-12-06,brooklyn,2171 70TH STREET NYC
5,MARINERS HARBOR,02 TWO FAMILY DWELLINGS,1,1246,50,B2,82 BRABANT STREET,10303.0,2.0,0.0,2.0,3509.0,1656.0,1925.0,1,B2,375000,2019-06-04,statenisland,82 BRABANT STREET NYC
5,BULLS HEAD,01 ONE FAMILY DWELLINGS,1,1599,129,A5,51 FIELDSTONE ROAD,10314.0,1.0,0.0,1.0,3131.0,1725.0,1970.0,1,A5,550000,2019-05-06,statenisland,51 FIELDSTONE ROAD NYC
4,HOWARD BEACH,01 ONE FAMILY DWELLINGS,1,14028,22,A2,160-32 91ST STREET,11414.0,1.0,0.0,1.0,4000.0,2418.0,1960.0,1,A2,822000,2019-10-17,queens,160-32 91ST STREET NYC
5,GREAT KILLS,01 ONE FAMILY DWELLINGS,1,5209,39,A5,15 ACKERMAN STREET,10308.0,1.0,0.0,1.0,2513.0,975.0,1986.0,1,A5,360000,2019-02-20,statenisland,15 ACKERMAN STREET NYC
4,RIDGEWOOD,03 THREE FAMILY DWELLINGS,1,3442,25,C0,424 MENAHAN STREET,11385.0,3.0,0.0,3.0,1942.0,3228.0,1901.0,1,C0,1270000,2019-03-29,queens,424 MENAHAN STREET NYC
2,SCHUYLERVILLE/PELHAM BAY,01 ONE FAMILY DWELLINGS,1,5362,39,A5,3207 BRUCKNER BLVD,10461.0,1.0,0.0,1.0,2070.0,1864.0,1940.0,1,A5,535000,2019-05-16,bronx,3207 BRUCKNER BLVD NYC
4,RICHMOND HILL,01 ONE FAMILY DWELLINGS,1,9491,28,A1,101-44 125TH STREET,11419.0,1.0,0.0,1.0,2002.0,1258.0,1901.0,1,A1,420000,2019-07-25,queens,101-44 125TH STREET NYC
4,BELLE HARBOR,03 THREE FAMILY DWELLINGS,1,16261,38,C0,405 BEACH 138TH STREET,11694.0,3.0,0.0,3.0,3700.0,2480.0,1920.0,1,C0,600000,2019-09-12,queens,405 BEACH 138TH STREET NYC
4,FLUSHING-NORTH,01 ONE FAMILY DWELLINGS,1,5171,25,A5,142-42 56TH ROAD,11355.0,1.0,0.0,1.0,2200.0,880.0,1930.0,1,A5,880000,2019-05-30,queens,142-42 56TH ROAD NYC
4,WOODHAVEN,01 ONE FAMILY DWELLINGS,1,9306,58,A5,100-18 93RD AVENUE,11418.0,1.0,0.0,1.0,1403.0,1056.0,1920.0,1,A5,310000,2019-07-03,queens,100-18 93RD AVENUE NYC
4,BELLE HARBOR,01 ONE FAMILY DWELLINGS,1,16243,78,A2,562 BEACH 132ND STREET,11694.0,1.0,0.0,1.0,3500.0,2275.0,1960.0,1,A2,850000,2019-04-30,queens,562 BEACH 132ND STREET NYC
2,SOUNDVIEW,03 THREE FAMILY DWELLINGS,1,3499,46,C0,463 BOLTON AVENUE,10473.0,3.0,0.0,3.0,2500.0,2985.0,1970.0,1,C0,740000,2019-04-30,bronx,463 BOLTON AVENUE NYC
5,WEST NEW BRIGHTON,02 TWO FAMILY DWELLINGS,1,183,12,B2,471 BROADWAY,10310.0,2.0,0.0,2.0,2866.0,2256.0,1915.0,1,B2,650000,2019-07-02,statenisland,471 BROADWAY NYC
3,BOROUGH PARK,02 TWO FAMILY DWELLINGS,1,5695,21,B2,1036 57TH STREET,11219.0,2.0,0.0,2.0,4007.0,2953.0,1925.0,1,B2,1830000,2019-04-16,brooklyn,1036 57TH STREET NYC
3,FLATBUSH-NORTH,02 TWO FAMILY DWELLINGS,1,4588,6,B1,866 EAST NEW YORK AVENUE,11203.0,2.0,0.0,2.0,1734.0,2244.0,1929.0,1,B1,870000,2019-09-26,brooklyn,866 EAST NEW YORK AVENUE NYC
5,ANNADALE,01 ONE FAMILY DWELLINGS,1,6354,9,A1,104 RYAN PLACE,10312.0,1.0,0.0,1.0,4000.0,2100.0,1995.0,1,A1,895000,2019-11-11,statenisland,104 RYAN PLACE NYC
4,SO. JAMAICA-BAISLEY PARK,01 ONE FAMILY DWELLINGS,1,11975,62,A5,114-15 145 STREET,11436.0,1.0,0.0,1.0,1408.0,868.0,1925.0,1,A5,360000,2019-11-14,queens,114-15 145 STREET NYC
2,CASTLE HILL/UNIONPORT,02 TWO FAMILY DWELLINGS,1,3531,146,B2,510 PUGSLEY AVENUE,10473.0,2.0,0.0,2.0,1840.0,2325.0,1987.0,1,B2,499999,2019-02-20,bronx,510 PUGSLEY AVENUE NYC
3,WINDSOR TERRACE,01 ONE FAMILY DWELLINGS,1,1114,34,A5,7 HOWARD PL,11215.0,1.0,0.0,1.0,1530.0,1434.0,1915.0,1,A5,1700000,2019-01-09,brooklyn,7 HOWARD PL NYC
4,WOODHAVEN,02 TWO FAMILY DWELLINGS,1,8900,19,B2,88-32 76TH STREET,11421.0,2.0,0.0,2.0,2521.0,2280.0,1910.0,1,B2,770000,2019-03-04,queens,88-32 76TH STREET NYC
3,SHEEPSHEAD BAY,02 TWO FAMILY DWELLINGS,1,7477,50,B1,2677 BROWN STREET,11235.0,2.0,0.0,2.0,1950.0,2232.0,1960.0,1,B1,820000,2019-07-19,brooklyn,2677 BROWN STREET NYC
2,BAYCHESTER,01 ONE FAMILY DWELLINGS,1,4725,22,A2,1483 HICKS STREET,10469.0,1.0,0.0,1.0,2375.0,1764.0,1915.0,1,A2,498200,2019-12-06,bronx,1483 HICKS STREET NYC
2,MORRISANIA/LONGWOOD,03 THREE FAMILY DWELLINGS,1,2688,80,C0,861 MACY PLACE,10455.0,3.0,0.0,3.0,3500.0,3000.0,1910.0,1,C0,985000,2019-10-31,bronx,861 MACY PLACE NYC
3,CANARSIE,03 THREE FAMILY DWELLINGS,1,8142,12,C0,993 EAST 92ND STREET,11236.0,3.0,0.0,3.0,1700.0,2745.0,1935.0,1,C0,889000,2019-01-25,brooklyn,993 EAST 92ND STREET NYC
3,OCEAN PARKWAY-SOUTH,03 THREE FAMILY DWELLINGS,1,7196,26,C0,2446 EAST 1ST STREET,11223.0,3.0,0.0,3.0,2000.0,2880.0,1965.0,1,C0,995000,2019-07-25,brooklyn,2446 EAST 1ST STREET NYC
3,FLATLANDS,02 TWO FAMILY DWELLINGS,1,7834,26,B3,1341 EAST 54TH STREET,11234.0,2.0,0.0,2.0,2225.0,1540.0,1940.0,1,B3,330000,2019-06-27,brooklyn,1341 EAST 54TH STREET NYC
3,OLD MILL BASIN,01 ONE FAMILY DWELLINGS,1,8383,27,A1,1448 MILL AVENUE,11234.0,1.0,0.0,1.0,2600.0,1512.0,1925.0,1,A1,560000,2019-04-22,brooklyn,1448 MILL AVENUE NYC
3,FLATBUSH-NORTH,02 TWO FAMILY DWELLINGS,1,4862,26,B2,96 EAST 42ND STREET,11203.0,2.0,0.0,2.0,2000.0,1680.0,1901.0,1,B2,450000,2019-10-15,brooklyn,96 EAST 42ND STREET NYC
4,MASPETH,01 ONE FAMILY DWELLINGS,1,2781,23,A5,68-17 60TH ROAD,11378.0,1.0,0.0,1.0,1995.0,1554.0,1940.0,1,A5,678000,2019-11-25,queens,68-17 60TH ROAD NYC
4,COLLEGE POINT,01 ONE FAMILY DWELLINGS,1,4023,17,A5,1022 117TH STREET,11356.0,1.0,0.0,1.0,1600.0,960.0,1950.0,1,A5,620000,2019-07-05,queens,1022 117TH STREET NYC
4,FLUSHING-NORTH,30 WAREHOUSES,4,5060,24,E9,131-57 41ST AVENUE,11355.0,0.0,1.0,1.0,1200.0,950.0,1994.0,4,E9,750000,2019-12-12,queens,131-57 41ST AVENUE NYC
4,RICHMOND HILL,01 ONE FAMILY DWELLINGS,1,9570,53,A1,104-51 116TH STREET,11419.0,1.0,0.0,1.0,1943.0,1408.0,1920.0,1,A1,580000,2019-11-25,queens,104-51 116TH STREET NYC
5,SUNNYSIDE,01 ONE FAMILY DWELLINGS,1,662,39,A1,119 CAYUGA AVENUE,10301.0,1.0,0.0,1.0,4000.0,2236.0,2001.0,1,A1,870000,2019-02-28,statenisland,119 CAYUGA AVENUE NYC
2,BRONXDALE,02 TWO FAMILY DWELLINGS,1,4556,29,B1,2940 HONE AVENUE,10469.0,2.0,0.0,2.0,2442.0,2000.0,1935.0,1,B1,649000,2019-10-30,bronx,2940 HONE AVENUE NYC
4,OZONE PARK,01 ONE FAMILY DWELLINGS,1,9148,26,A1,107-38 88TH STREET,11417.0,1.0,0.0,1.0,2000.0,1216.0,1920.0,1,A1,515000,2019-12-27,queens,107-38 88TH STREET NYC
5,PRINCES BAY,01 ONE FAMILY DWELLINGS,1,6906,49,A3,341 ASHLAND AVENUE,10309.0,1.0,0.0,1.0,4500.0,2900.0,2018.0,1,A3,1120075,2019-01-17,statenisland,341 ASHLAND AVENUE NYC
3,FLATBUSH-EAST,29 COMMERCIAL GARAGES,4,4770,36,G2,1230 UTICA AVENUE,11203.0,0.0,1.0,1.0,4000.0,2800.0,1931.0,4,G2,890000,2019-05-14,brooklyn,1230 UTICA AVENUE NYC
2,WAKEFIELD,01 ONE FAMILY DWELLINGS,1,5051,30,A1,4344 GUNTHER AVENUE,10466.0,1.0,0.0,1.0,2338.0,1925.0,1940.0,1,A1,325000,2019-06-21,bronx,4344 GUNTHER AVENUE NYC
4,SOUTH JAMAICA,01 ONE FAMILY DWELLINGS,1,10268,41,A5,109-12 177TH STREET,11433.0,1.0,0.0,1.0,2500.0,1156.0,1950.0,1,A5,305000,2019-05-21,queens,109-12 177TH STREET NYC
4,CORONA,03 THREE FAMILY DWELLINGS,1,1779,71,C0,108-31 39TH AVENUE,11368.0,3.0,0.0,3.0,3052.0,2400.0,1925.0,1,C0,1350000,2019-02-06,queens,108-31 39TH AVENUE NYC
4,FLUSHING-NORTH,01 ONE FAMILY DWELLINGS,1,6437,31,A5,153-17 58TH AVENUE,11355.0,1.0,0.0,1.0,2160.0,1224.0,1950.0,1,A5,920000,2019-02-11,queens,153-17 58TH AVENUE NYC
5,MARINERS HARBOR,01 ONE FAMILY DWELLINGS,1,1232,38,A5,286 UNION AVENUE,10303.0,1.0,0.0,1.0,2500.0,1088.0,1965.0,1,A5,372500,2019-12-18,statenisland,286 UNION AVENUE NYC
3,BEDFORD STUYVESANT,14 RENTALS - 4-10 UNIT,2A,1621,50,S9,106 MALCOLM X BLVD,11221.0,2.0,2.0,4.0,2000.0,3100.0,1931.0,2,S9,1700000,2019-10-23,brooklyn,106 MALCOLM X BLVD NYC
5,MARINERS HARBOR,02 TWO FAMILY DWELLINGS,1,1260,125,B2,453 NETHERLAND AVENUE,10303.0,2.0,0.0,2.0,4275.0,1456.0,1940.0,1,B2,416000,2019-12-27,statenisland,453 NETHERLAND AVENUE NYC
4,ELMHURST,01 ONE FAMILY DWELLINGS,1,1525,99,A1,42-15 79TH STREET,11373.0,1.0,0.0,1.0,3600.0,1586.0,1910.0,1,A1,880000,2019-05-17,queens,42-15 79TH STREET NYC
3,FLATBUSH-NORTH,01 ONE FAMILY DWELLINGS,1,4797,47,A5,12 MIAMI COURT,11225.0,1.0,0.0,1.0,1250.0,960.0,1930.0,1,A5,800000,2019-08-29,brooklyn,12 MIAMI COURT NYC
5,GREAT KILLS,01 ONE FAMILY DWELLINGS,1,5457,26,A5,238 BROOKFIELD AVE,10308.0,1.0,0.0,1.0,2424.0,1408.0,1975.0,1,A5,515000,2019-10-30,statenisland,238 BROOKFIELD AVE NYC
3,SHEEPSHEAD BAY,03 THREE FAMILY DWELLINGS,1,7427,12,C0,2420 BRAGG STREET,11235.0,3.0,0.0,3.0,2117.0,2778.0,1955.0,1,C0,425000,2019-02-28,brooklyn,2420 BRAGG STREET NYC
4,WOODHAVEN,01 ONE FAMILY DWELLINGS,1,8951,57,A9,90-35 76TH STREET,11421.0,1.0,0.0,1.0,1800.0,1144.0,1920.0,1,A9,550000,2019-09-27,queens,90-35 76TH STREET NYC
3,MARINE PARK,01 ONE FAMILY DWELLINGS,1,6815,41,A5,1745 GERRITSEN AVENUE,11229.0,1.0,0.0,1.0,1825.0,1692.0,1950.0,1,A5,850000,2019-07-03,brooklyn,1745 GERRITSEN AVENUE NYC
4,MIDDLE VILLAGE,02 TWO FAMILY DWELLINGS,1,2979,144,B1,63-20 71ST STREET,11379.0,2.0,0.0,2.0,2060.0,1672.0,1950.0,1,B1,875000,2019-07-02,queens,63-20 71ST STREET NYC
4,OZONE PARK,02 TWO FAMILY DWELLINGS,1,9403,19,B2,9736 102 STREET,11416.0,2.0,0.0,2.0,4375.0,2180.0,1955.0,1,B2,499000,2019-10-08,queens,9736 102 STREET NYC
3,CROWN HEIGHTS,02 TWO FAMILY DWELLINGS,1,1211,53,S2,1007 BERGEN STREET,11216.0,2.0,1.0,3.0,2200.0,2920.0,1920.0,1,S2,1100000,2019-01-23,brooklyn,1007 BERGEN STREET NYC
3,BUSHWICK,02 TWO FAMILY DWELLINGS,1,3451,28,B9,726 CHAUNCEY STREET,11207.0,2.0,0.0,2.0,1950.0,2808.0,1901.0,1,B9,815000,2019-08-15,brooklyn,726 CHAUNCEY STREET NYC
2,CASTLE HILL/UNIONPORT,02 TWO FAMILY DWELLINGS,1,3483,28,B2,312 HOWE AVENUE,10473.0,2.0,0.0,2.0,2522.0,1902.0,2001.0,1,B2,550000,2019-02-01,bronx,312 HOWE AVENUE NYC
4,ST. ALBANS,01 ONE FAMILY DWELLINGS,1,12627,14,A1,117-18 202ND STREET,11412.0,1.0,0.0,1.0,2200.0,1168.0,1925.0,1,A1,590000,2019-12-31,queens,117-18 202ND STREET NYC
2,CASTLE HILL/UNIONPORT,03 THREE FAMILY DWELLINGS,1,3687,16,C0,2122 QUIMBY AVENUE,10473.0,3.0,0.0,3.0,2575.0,2620.0,1920.0,1,C0,605000,2019-02-25,bronx,2122 QUIMBY AVENUE NYC
5,MIDLAND BEACH,01 ONE FAMILY DWELLINGS,1,3736,38,A1,815 NUGENT AVENUE,10306.0,1.0,0.0,1.0,2500.0,1200.0,1960.0,1,A1,438000,2019-10-31,statenisland,815 NUGENT AVENUE NYC
4,REGO PARK,02 TWO FAMILY DWELLINGS,1,3117,33,B2,90-12 63RD DRIVE,11374.0,2.0,0.0,2.0,2630.0,3002.0,1928.0,1,B2,1300000,2019-03-25,queens,90-12 63RD DRIVE NYC
4,RIDGEWOOD,03 THREE FAMILY DWELLINGS,1,3406,8,C0,559 ONDERDONK AVENUE,11385.0,3.0,0.0,3.0,2000.0,2970.0,1920.0,1,C0,990000,2019-12-23,queens,559 ONDERDONK AVENUE NYC
4,SPRINGFIELD GARDENS,02 TWO FAMILY DWELLINGS,1,12294,20,B2,134-30 156TH STREET,11434.0,2.0,0.0,2.0,4000.0,1312.0,1950.0,1,B2,950000,2019-11-19,queens,134-30 156TH STREET NYC
4,ELMHURST,07 RENTALS - WALKUP APARTMENTS,2A,1589,101,C3,94-23 40TH ROAD,11373.0,4.0,0.0,4.0,3298.0,3740.0,1920.0,2,C3,1338000,2019-12-03,queens,94-23 40TH ROAD NYC
4,FRESH MEADOWS,01 ONE FAMILY DWELLINGS,1,7113,8,A2,67-08 185TH STREET,11365.0,1.0,0.0,1.0,4000.0,944.0,1950.0,1,A2,760000,2019-10-31,queens,67-08 185TH STREET NYC
4,WHITESTONE,01 ONE FAMILY DWELLINGS,1,4640,59,A1,23-19 PARSONS BLVD,11357.0,1.0,0.0,1.0,4954.0,2025.0,1930.0,1,A1,1200000,2019-01-29,queens,23-19 PARSONS BLVD NYC
4,FLUSHING-NORTH,01 ONE FAMILY DWELLINGS,1,5541,33,A1,45-59 196TH PLACE,11358.0,1.0,0.0,1.0,4000.0,1296.0,1940.0,1,A1,990000,2019-04-15,queens,45-59 196TH PLACE NYC
4,LITTLE NECK,01 ONE FAMILY DWELLINGS,1,8238,32,A2,249-43 52ND AVENUE,11362.0,1.0,0.0,1.0,4900.0,1120.0,1955.0,1,A2,950000,2019-01-03,queens,249-43 52ND AVENUE NYC
3,OCEAN PARKWAY-NORTH,01 ONE FAMILY DWELLINGS,1,6609,86,A3,1589 EAST 2ND STREET,11230.0,1.0,0.0,1.0,2938.0,2644.0,1920.0,1,A3,1800000,2019-11-14,brooklyn,1589 EAST 2ND STREET NYC
4,HOLLIS,01 ONE FAMILY DWELLINGS,1,10879,2,S1,211-04 99TH AVENUE,11429.0,1.0,1.0,2.0,800.0,1600.0,1920.0,1,S1,560000,2019-05-08,queens,211-04 99TH AVENUE NYC
5,ANNADALE,02 TWO FAMILY DWELLINGS,1,6260,54,B2,229 DETROIT AVENUE,10312.0,2.0,0.0,2.0,4000.0,2400.0,2013.0,1,B2,945000,2019-01-15,statenisland,229 DETROIT AVENUE NYC
5,SOUTH BEACH,01 ONE FAMILY DWELLINGS,1,3252,12,A1,278 MALLORY AVENUE,10305.0,1.0,0.0,1.0,4000.0,1920.0,1925.0,1,A1,450000,2019-08-01,statenisland,278 MALLORY AVENUE NYC
2,WAKEFIELD,02 TWO FAMILY DWELLINGS,1,5038,30,B2,653 EAST 236 STREET,10466.0,2.0,0.0,2.0,2500.0,1251.0,1901.0,1,B2,425000,2019-02-13,bronx,653 EAST 236 STREET NYC
5,OAKWOOD-BEACH,01 ONE FAMILY DWELLINGS,1,4723,29,A5,318 FAIRBANKS AVENUE,10306.0,1.0,0.0,1.0,2300.0,1152.0,1970.0,1,A5,470000,2019-09-05,statenisland,318 FAIRBANKS AVENUE NYC
4,FOREST HILLS,01 ONE FAMILY DWELLINGS,1,3276,14,A5,40 SLOCUM CRESCENT,11375.0,1.0,0.0,1.0,1751.0,1765.0,1925.0,1,A5,1639000,2019-12-20,queens,40 SLOCUM CRESCENT NYC
4,COLLEGE POINT,02 TWO FAMILY DWELLINGS,1,3916,21,B1,3-53 SOUNDVIEW LANE,11356.0,2.0,0.0,2.0,2124.0,3036.0,2011.0,1,B1,990000,2019-05-14,queens,3-53 SOUNDVIEW LANE NYC
4,COLLEGE POINT,01 ONE FAMILY DWELLINGS,1,4024,54,A1,9-29 117TH STREET,11356.0,1.0,0.0,1.0,4000.0,2184.0,1920.0,1,A1,765000,2019-06-11,queens,9-29 117TH STREET NYC
2,WAKEFIELD,02 TWO FAMILY DWELLINGS,1,5026,70,B9,4126 MURDOCK AVENUE,10466.0,2.0,0.0,2.0,1600.0,1536.0,1945.0,1,B9,397000,2019-01-22,bronx,4126 MURDOCK AVENUE NYC
4,MIDDLE VILLAGE,02 TWO FAMILY DWELLINGS,1,2984,2,B1,75-04 JUNIPER BOULEVARD S,11379.0,2.0,0.0,2.0,2162.0,2846.0,1965.0,1,B1,1075000,2019-05-16,queens,75-04 JUNIPER BOULEVARD S NYC
4,SPRINGFIELD GARDENS,01 ONE FAMILY DWELLINGS,1,12704,24,A1,188-02 122ND STREET,11413.0,1.0,0.0,1.0,3720.0,1680.0,1920.0,1,A1,490000,2019-03-25,queens,188-02 122ND STREET NYC
2,MOUNT HOPE/MOUNT EDEN,02 TWO FAMILY DWELLINGS,1,2784,57,B1,1469 TELLER AVENUE,10457.0,2.0,0.0,2.0,3090.0,3050.0,1920.0,1,B1,585000,2019-02-21,bronx,1469 TELLER AVENUE NYC
4,RICHMOND HILL,02 TWO FAMILY DWELLINGS,1,9563,3,B3,103-03 126TH STREET,11419.0,2.0,0.0,2.0,2400.0,1152.0,1920.0,1,B3,465000,2019-11-07,queens,103-03 126TH STREET NYC
4,SOUTH OZONE PARK,02 TWO FAMILY DWELLINGS,1,11620,9,B3,11516 111TH AVENUE,11420.0,2.0,0.0,2.0,2083.0,1316.0,1925.0,1,B3,665000,2019-07-30,queens,11516 111TH AVENUE NYC
2,PELHAM PARKWAY SOUTH,02 TWO FAMILY DWELLINGS,1,4293,46,B1,2093 MATTHEWS AVENUE,10462.0,2.0,0.0,2.0,2925.0,1653.0,1950.0,1,B1,630000,2019-11-12,bronx,2093 MATTHEWS AVENUE NYC
3,DYKER HEIGHTS,02 TWO FAMILY DWELLINGS,1,6303,39,B1,8218 14TH AVENUE,11228.0,2.0,0.0,2.0,2000.0,2340.0,1945.0,1,B1,970000,2019-02-27,brooklyn,8218 14TH AVENUE NYC
4,CORONA,03 THREE FAMILY DWELLINGS,1,1776,14,C0,104-40 39TH AVENUE,11368.0,3.0,0.0,3.0,3125.0,2675.0,1925.0,1,C0,1310000,2019-08-26,queens,104-40 39TH AVENUE NYC
4,WHITESTONE,02 TWO FAMILY DWELLINGS,1,4248,10,B3,23-39 WHITESTONE EXPRESSWAY,11357.0,2.0,0.0,2.0,3562.0,1844.0,1960.0,1,B3,870000,2019-01-30,queens,23-39 WHITESTONE EXPRESSWAY NYC
4,JAMAICA,01 ONE FAMILY DWELLINGS,1,10001,28,A1,95-27 148 STREET,11435.0,1.0,0.0,1.0,2500.0,2031.0,1901.0,1,A1,385000,2019-05-17,queens,95-27 148 STREET NYC
4,MASPETH,02 TWO FAMILY DWELLINGS,1,2396,35,B2,66-04 HULL AVENUE,11378.0,2.0,0.0,2.0,2500.0,1035.0,1910.0,1,B2,596000,2019-03-14,queens,66-04 HULL AVENUE NYC
4,ASTORIA,01 ONE FAMILY DWELLINGS,1,866,64,A5,25-19 23RD AVENUE,11105.0,1.0,0.0,1.0,2000.0,1360.0,1925.0,1,A5,1357500,2019-11-04,queens,25-19 23RD AVENUE NYC
3,MARINE PARK,01 ONE FAMILY DWELLINGS,1,8537,67,A9,2154 EAST 38TH STREET,11234.0,1.0,0.0,1.0,2250.0,1146.0,1920.0,1,A9,465000,2019-11-22,brooklyn,2154 EAST 38TH STREET NYC
4,SOUTH OZONE PARK,01 ONE FAMILY DWELLINGS,1,11746,15,A1,117-53 124TH STREET,11420.0,1.0,0.0,1.0,2000.0,1110.0,1930.0,1,A1,395000,2019-11-25,queens,117-53 124TH STREET NYC
3,BEDFORD STUYVESANT,02 TWO FAMILY DWELLINGS,1,1753,40,B9,180 NOSTRAND AVENUE,11205.0,2.0,0.0,2.0,2000.0,2500.0,1901.0,1,B9,975000,2019-12-18,brooklyn,180 NOSTRAND AVENUE NYC
3,OCEAN PARKWAY-SOUTH,02 TWO FAMILY DWELLINGS,1,7194,23,B1,2440 WEST 1ST STREET,11223.0,2.0,0.0,2.0,2000.0,2330.0,1935.0,1,B1,920000,2019-08-13,brooklyn,2440 WEST 1ST STREET NYC
4,SPRINGFIELD GARDENS,02 TWO FAMILY DWELLINGS,1,13022,18,B3,13755 BEDELL,11413.0,2.0,0.0,2.0,4640.0,1344.0,1920.0,1,B3,470000,2019-11-25,queens,13755 BEDELL NYC
2,WILLIAMSBRIDGE,02 TWO FAMILY DWELLINGS,1,4856,36,B1,825 EAST 231 STREET,10466.0,2.0,0.0,2.0,2867.0,1848.0,1925.0,1,B1,760000,2019-10-25,bronx,825 EAST 231 STREET NYC
3,CANARSIE,01 ONE FAMILY DWELLINGS,1,8241,35,A9,1331 E 95TH STREET,11236.0,1.0,0.0,1.0,1295.0,1599.0,2002.0,1,A9,615000,2019-03-25,brooklyn,1331 E 95TH STREET NYC
3,OCEAN PARKWAY-NORTH,01 ONE FAMILY DWELLINGS,1,5416,93,A5,181 WEBSTER AVENUE,11230.0,1.0,0.0,1.0,2049.0,1360.0,1910.0,1,A5,750000,2019-01-08,brooklyn,181 WEBSTER AVENUE NYC
5,ANNADALE,01 ONE FAMILY DWELLINGS,1,6230,39,A2,620 DRUMGOOLE ROAD EAST,10312.0,1.0,0.0,1.0,4000.0,900.0,1930.0,1,A2,490000,2019-10-18,statenisland,620 DRUMGOOLE ROAD EAST NYC
4,CAMBRIA HEIGHTS,01 ONE FAMILY DWELLINGS,1,11320,27,A1,116-11 219TH STREET,11411.0,1.0,0.0,1.0,2542.0,1344.0,1930.0,1,A1,435000,2019-11-21,queens,116-11 219TH STREET NYC
4,FLUSHING-NORTH,01 ONE FAMILY DWELLINGS,1,5624,8,A2,48-37 188TH STREET,11365.0,1.0,0.0,1.0,4000.0,836.0,1940.0,1,A2,845000,2019-01-29,queens,48-37 188TH STREET NYC
3,CANARSIE,02 TWO FAMILY DWELLINGS,1,8179,12,B9,9023 FLATLANDS AVENUE,11236.0,2.0,0.0,2.0,2250.0,3450.0,1955.0,1,B9,830000,2019-10-04,brooklyn,9023 FLATLANDS AVENUE NYC
3,FLATBUSH-EAST,01 ONE FAMILY DWELLINGS,1,7928,22,A5,791 EAST 52ND STREET,11203.0,1.0,0.0,1.0,1600.0,1452.0,1940.0,1,A5,381550,2019-01-16,brooklyn,791 EAST 52ND STREET NYC
4,CORONA,02 TWO FAMILY DWELLINGS,1,1950,74,B3,104-17 OTIS AVENUE,11368.0,2.0,0.0,2.0,2000.0,1440.0,1920.0,1,B3,818000,2019-08-09,queens,104-17 OTIS AVENUE NYC
4,FLUSHING-SOUTH,02 TWO FAMILY DWELLINGS,1,6829,19,B3,158-28 78TH AVENUE,11366.0,2.0,0.0,2.0,3000.0,1568.0,1925.0,1,B3,830000,2019-03-22,queens,158-28 78TH AVENUE NYC
3,EAST NEW YORK,02 TWO FAMILY DWELLINGS,1,4267,10,B1,545 PINE,11208.0,2.0,0.0,2.0,2000.0,2120.0,1910.0,1,B1,435000,2019-08-05,brooklyn,545 PINE NYC
4,MIDDLE VILLAGE,01 ONE FAMILY DWELLINGS,1,2933,7,A5,61-04 77TH STREET,11379.0,1.0,0.0,1.0,1800.0,1152.0,1945.0,1,A5,835000,2019-10-07,queens,61-04 77TH STREET NYC
2,BAYCHESTER,02 TWO FAMILY DWELLINGS,1,4986,19,B1,4048 HILL AVE,10466.0,2.0,0.0,2.0,4750.0,2160.0,1957.0,1,B1,575000,2019-12-20,bronx,4048 HILL AVE NYC
4,MIDDLE VILLAGE,01 ONE FAMILY DWELLINGS,1,3060,17,A5,66-35 75TH STREET,11379.0,1.0,0.0,1.0,1967.0,1248.0,1925.0,1,A5,700000,2019-10-23,queens,66-35 75TH STREET NYC
4,LAURELTON,01 ONE FAMILY DWELLINGS,1,12904,19,A5,130-35 226TH STREET,11413.0,1.0,0.0,1.0,2042.0,1456.0,1930.0,1,A5,464000,2019-05-01,queens,130-35 226TH STREET NYC
4,BAYSIDE,01 ONE FAMILY DWELLINGS,1,7350,59,A5,47-09 217TH STREET,11361.0,1.0,0.0,1.0,2650.0,1260.0,1955.0,1,A5,778000,2019-07-31,queens,47-09 217TH STREET NYC
4,WOODHAVEN,02 TWO FAMILY DWELLINGS,1,8922,8,S2,85-18 JAMAICA AVENUE,11421.0,2.0,1.0,3.0,2045.0,3300.0,1931.0,1,S2,1500000,2019-12-17,queens,85-18 JAMAICA AVENUE NYC
2,WAKEFIELD,01 ONE FAMILY DWELLINGS,1,5055,33,A1,4380 GRACE AVENUE,10466.0,1.0,0.0,1.0,2435.0,1264.0,1925.0,1,A1,350000,2019-09-25,bronx,4380 GRACE AVENUE NYC
4,ROSEDALE,02 TWO FAMILY DWELLINGS,1,13668,38,B2,255-19 149TH AVENUE,11422.0,2.0,0.0,2.0,2470.0,1880.0,1960.0,1,B2,549294,2019-04-19,queens,255-19 149TH AVENUE NYC
5,WILLOWBROOK,02 TWO FAMILY DWELLINGS,1,1970,62,B9,38 ROANOKE STREET,10314.0,2.0,0.0,2.0,3420.0,1896.0,1980.0,1,B9,744500,2019-08-13,statenisland,38 ROANOKE STREET NYC
4,WHITESTONE,01 ONE FAMILY DWELLINGS,1,4670,4,A1,20-09 149 STREET,11357.0,1.0,0.0,1.0,2500.0,1568.0,1910.0,1,A1,790000,2019-01-14,queens,20-09 149 STREET NYC
3,BAY RIDGE,02 TWO FAMILY DWELLINGS,1,6067,34,B1,66 GELSTON AVENUE,11209.0,2.0,0.0,2.0,2906.0,2480.0,1940.0,1,B1,1542800,2019-01-07,brooklyn,66 GELSTON AVENUE NYC
4,RIDGEWOOD,02 TWO FAMILY DWELLINGS,1,3538,53,S2,60-81 MYRTLE AVENUE,11385.0,2.0,1.0,3.0,1800.0,3300.0,1931.0,1,S2,1400000,2019-12-17,queens,60-81 MYRTLE AVENUE NYC
2,THROGS NECK,02 TWO FAMILY DWELLINGS,1,5596,36,B1,278 GRAFF AVENUE,10465.0,2.0,0.0,2.0,2342.0,2500.0,1950.0,1,B1,565000,2019-04-25,bronx,278 GRAFF AVENUE NYC
3,BAY RIDGE,01 ONE FAMILY DWELLINGS,1,5980,63,A9,455 80TH STREET,11209.0,1.0,0.0,1.0,3100.0,1554.0,1925.0,1,A9,890000,2019-02-15,brooklyn,455 80TH STREET NYC
4,CORONA,02 TWO FAMILY DWELLINGS,1,1762,45,B2,37-49 99TH STREET,11368.0,2.0,0.0,2.0,2394.0,1665.0,1920.0,1,B2,1110000,2019-09-30,queens,37-49 99TH STREET NYC
3,OLD MILL BASIN,01 ONE FAMILY DWELLINGS,1,7880,35,A9,1459 EAST 55TH STREET,11234.0,1.0,0.0,1.0,2650.0,1512.0,1925.0,1,A9,468468,2019-03-08,brooklyn,1459 EAST 55TH STREET NYC
3,FLATBUSH-EAST,02 TWO FAMILY DWELLINGS,1,5008,65,B2,862 EAST 34TH STREET,11210.0,2.0,0.0,2.0,4000.0,1990.0,1920.0,1,B2,875000,2019-10-31,brooklyn,862 EAST 34TH STREET NYC
5,ARDEN HEIGHTS,01 ONE FAMILY DWELLINGS,1,5733,52,A5,124 ERIKA LOOP,10312.0,1.0,0.0,1.0,1770.0,2285.0,2001.0,1,A5,595000,2019-12-30,statenisland,124 ERIKA LOOP NYC
3,EAST NEW YORK,02 TWO FAMILY DWELLINGS,1,4071,111,B1,383 ATKINS AVENUE,11208.0,2.0,0.0,2.0,2000.0,1880.0,1910.0,1,B1,720000,2019-07-02,brooklyn,383 ATKINS AVENUE NYC
4,BROAD CHANNEL,01 ONE FAMILY DWELLINGS,1,15475,8,A2,1026 CROSS BAY BLVD,11693.0,1.0,0.0,1.0,2375.0,816.0,1939.0,1,A2,336000,2019-02-28,queens,1026 CROSS BAY BLVD NYC
5,GREAT KILLS,01 ONE FAMILY DWELLINGS,1,5129,68,A5,279 MAYBURY AVENUE,10308.0,1.0,0.0,1.0,2944.0,1280.0,1970.0,1,A5,580000,2019-09-06,statenisland,279 MAYBURY AVENUE NYC
3,OCEAN HILL,03 THREE FAMILY DWELLINGS,1,1532,45,C0,81 HULL STREET,11233.0,3.0,0.0,3.0,1667.0,3336.0,1910.0,1,C0,1200000,2019-07-11,brooklyn,81 HULL STREET NYC
2,WILLIAMSBRIDGE,02 TWO FAMILY DWELLINGS,1,4682,3,B1,3533 PAULDING AVE,10469.0,2.0,0.0,2.0,2667.0,2740.0,1955.0,1,B1,578000,2019-10-04,bronx,3533 PAULDING AVE NYC
4,HOLLIS,01 ONE FAMILY DWELLINGS,1,10372,12,A9,104-11 186TH STREET,11412.0,1.0,0.0,1.0,3425.0,1156.0,1950.0,1,A9,490000,2019-07-24,queens,104-11 186TH STREET NYC
3,CANARSIE,02 TWO FAMILY DWELLINGS,1,8189,53,B1,732 EAST 102 STREET,11236.0,2.0,0.0,2.0,2833.0,1540.0,1955.0,1,B1,487500,2019-04-05,brooklyn,732 EAST 102 STREET NYC
5,NEW DORP,02 TWO FAMILY DWELLINGS,1,3643,41,B2,112 JACQUES AVENUE,10306.0,2.0,0.0,2.0,3500.0,2400.0,2019.0,1,B2,1058979,2019-12-23,statenisland,112 JACQUES AVENUE NYC
3,FLATBUSH-EAST,01 ONE FAMILY DWELLINGS,1,4896,131,A9,238 EAST 43 STREET,11203.0,1.0,0.0,1.0,1200.0,1040.0,1925.0,1,A9,625000,2019-10-31,brooklyn,238 EAST 43 STREET NYC
3,BENSONHURST,02 TWO FAMILY DWELLINGS,1,6257,17,B2,1426 78TH STREET,11228.0,2.0,0.0,2.0,2250.0,1910.0,1925.0,1,B2,1175000,2019-06-11,brooklyn,1426 78TH STREET NYC
2,BRONXDALE,03 THREE FAMILY DWELLINGS,1,4605,34,C0,816 S OAK DRIVE,10467.0,3.0,0.0,3.0,3920.0,2173.0,1915.0,1,C0,530000,2019-02-21,bronx,816 S OAK DRIVE NYC
2,MORRIS PARK/VAN NEST,01 ONE FAMILY DWELLINGS,1,4272,59,A1,1950 HAIGHT AVENUE,10461.0,1.0,0.0,1.0,2500.0,1620.0,1915.0,1,A1,573500,2019-04-29,bronx,1950 HAIGHT AVENUE NYC
4,ROSEDALE,01 ONE FAMILY DWELLINGS,1,13675,26,A5,257-42 149TH AVENUE,11422.0,1.0,0.0,1.0,2500.0,1088.0,1950.0,1,A5,550000,2019-05-24,queens,257-42 149TH AVENUE NYC
4,ELMHURST,02 TWO FAMILY DWELLINGS,1,2489,43,B3,73-43 53RD AVENUE,11378.0,2.0,0.0,2.0,1815.0,2680.0,1935.0,1,B3,750000,2019-11-11,queens,73-43 53RD AVENUE NYC
3,DYKER HEIGHTS,01 ONE FAMILY DWELLINGS,1,5974,55,A1,1053 79TH STREET,11228.0,1.0,0.0,1.0,2417.0,1332.0,1925.0,1,A1,995000,2019-04-29,brooklyn,1053 79TH STREET NYC
4,SO. JAMAICA-BAISLEY PARK,01 ONE FAMILY DWELLINGS,1,12041,111,A5,144-02 120TH AVENUE,11436.0,1.0,0.0,1.0,1199.0,896.0,1940.0,1,A5,354900,2019-08-26,queens,144-02 120TH AVENUE NYC
4,OZONE PARK,01 ONE FAMILY DWELLINGS,1,9008,19,A1,95-28 81ST STREET,11416.0,1.0,0.0,1.0,2500.0,1420.0,1925.0,1,A1,655000,2019-07-01,queens,95-28 81ST STREET NYC
2,BAYCHESTER,02 TWO FAMILY DWELLINGS,1,4970,27,B1,3933 ROMBOUTS AVENUE,10466.0,2.0,0.0,2.0,3006.0,2250.0,1961.0,1,B1,690000,2019-04-30,bronx,3933 ROMBOUTS AVENUE NYC
4,MIDDLE VILLAGE,01 ONE FAMILY DWELLINGS,1,2938,41,A5,61-64 81ST STREET,11379.0,1.0,0.0,1.0,2000.0,1760.0,1950.0,1,A5,999600,2019-03-28,queens,61-64 81ST STREET NYC
4,RICHMOND HILL,03 THREE FAMILY DWELLINGS,1,9298,28,C0,108-11 91ST AVENUE,11418.0,3.0,0.0,3.0,2100.0,2640.0,1930.0,1,C0,849000,2019-01-31,queens,108-11 91ST AVENUE NYC
3,BENSONHURST,01 ONE FAMILY DWELLINGS,1,6203,33,A9,1650 73RD STREET,11204.0,1.0,0.0,1.0,1600.0,1030.0,1920.0,1,A9,780000,2019-12-06,brooklyn,1650 73RD STREET NYC
4,FLUSHING-NORTH,02 TWO FAMILY DWELLINGS,1,4922,3,B3,166-06 32ND AVENUE,11358.0,2.0,0.0,2.0,2910.0,1860.0,1930.0,1,B3,1075000,2019-06-03,queens,166-06 32ND AVENUE NYC
4,RICHMOND HILL,01 ONE FAMILY DWELLINGS,1,9186,10,A1,102-34 86TH AVE,11418.0,1.0,0.0,1.0,2500.0,1080.0,1910.0,1,A1,530000,2019-06-26,queens,102-34 86TH AVE NYC
3,MARINE PARK,01 ONE FAMILY DWELLINGS,1,7718,21,A9,1751 EAST 35TH STREET,11234.0,1.0,0.0,1.0,1800.0,1092.0,1935.0,1,A9,640000,2019-03-14,brooklyn,1751 EAST 35TH STREET NYC
3,GRAVESEND,02 TWO FAMILY DWELLINGS,1,7168,22,B2,2885 86TH STREET,11223.0,2.0,0.0,2.0,2641.0,1440.0,1920.0,1,B2,850000,2019-02-12,brooklyn,2885 86TH STREET NYC
4,SO. JAMAICA-BAISLEY PARK,01 ONE FAMILY DWELLINGS,1,12116,25,A1,133-13 149TH STREET,11436.0,1.0,0.0,1.0,2500.0,788.0,1920.0,1,A1,395000,2019-11-25,queens,133-13 149TH STREET NYC
3,GRAVESEND,01 ONE FAMILY DWELLINGS,1,6627,68,A5,1625 WEST 5TH STREET,11223.0,1.0,0.0,1.0,2000.0,1422.0,1925.0,1,A5,800000,2019-12-27,brooklyn,1625 WEST 5TH STREET NYC
5,MARINERS HARBOR,01 ONE FAMILY DWELLINGS,1,1218,38,A1,N/A MAPLE PARKWAY,10303.0,1.0,0.0,1.0,2993.0,1710.0,2019.0,1,A1,545000,2019-12-16,statenisland,N/A MAPLE PARKWAY NYC
5,MIDLAND BEACH,01 ONE FAMILY DWELLINGS,1,3745,24,A2,298 POULTNEY STREET,10306.0,1.0,0.0,1.0,4000.0,1144.0,1955.0,1,A2,520000,2019-11-20,statenisland,298 POULTNEY STREET NYC
4,ROSEDALE,02 TWO FAMILY DWELLINGS,1,13510,4,B3,230-01 144TH AVENUE,11413.0,2.0,0.0,2.0,4000.0,1671.0,1925.0,1,B3,890000,2019-06-28,queens,230-01 144TH AVENUE NYC
2,MOTT HAVEN/PORT MORRIS,22 STORE BUILDINGS,4,2327,34,K2,2785 3 AVENUE,10455.0,0.0,2.0,2.0,3050.0,2926.0,1931.0,4,K2,950000,2019-09-24,bronx,2785 3 AVENUE NYC
4,RICHMOND HILL,02 TWO FAMILY DWELLINGS,1,9416,35,B3,95-56 115TH STREET,11419.0,2.0,0.0,2.0,2197.0,1536.0,1920.0,1,B3,723000,2019-10-11,queens,95-56 115TH STREET NYC
4,WHITESTONE,01 ONE FAMILY DWELLINGS,1,4449,27,A1,4-17 PARSONS BLVD,11357.0,1.0,0.0,1.0,3800.0,2174.0,1935.0,1,A1,1250000,2019-09-06,queens,4-17 PARSONS BLVD NYC
4,HOWARD BEACH,02 TWO FAMILY DWELLINGS,1,14210,36,B2,164-51 96TH STREET,11414.0,2.0,0.0,2.0,4000.0,2407.0,1960.0,1,B2,870000,2019-06-13,queens,164-51 96TH STREET NYC
4,SOUTH JAMAICA,01 ONE FAMILY DWELLINGS,1,10193,10,A1,164-52 NADAL PLACE,11433.0,1.0,0.0,1.0,2550.0,784.0,1925.0,1,A1,385320,2019-04-29,queens,164-52 NADAL PLACE NYC
4,HOWARD BEACH,01 ONE FAMILY DWELLINGS,1,13991,34,A2,92-05 159TH AVENUE,11414.0,1.0,0.0,1.0,4560.0,1304.0,1950.0,1,A2,645000,2019-09-23,queens,92-05 159TH AVENUE NYC
2,THROGS NECK,01 ONE FAMILY DWELLINGS,1,5534,13,A5,1053 QUINCY AVENUE,10465.0,1.0,0.0,1.0,1800.0,1296.0,1960.0,1,A5,429000,2019-02-19,bronx,1053 QUINCY AVENUE NYC
4,ASTORIA,03 THREE FAMILY DWELLINGS,1,730,26,C0,25-45 46TH STREET,11103.0,3.0,0.0,3.0,2500.0,2368.0,1930.0,1,C0,1545000,2019-04-24,queens,25-45 46TH STREET NYC
3,BOROUGH PARK,03 THREE FAMILY DWELLINGS,1,769,10,C0,814 47TH STREET,11220.0,3.0,0.0,3.0,2003.0,3588.0,1920.0,1,C0,1500000,2019-04-03,brooklyn,814 47TH STREET NYC
4,HOWARD BEACH,01 ONE FAMILY DWELLINGS,1,14199,11,A1,162-14 98TH ST,11414.0,1.0,0.0,1.0,4000.0,1960.0,1960.0,1,A1,800000,2019-07-15,queens,162-14 98TH ST NYC
5,GREAT KILLS,22 STORE BUILDINGS,4,5206,26,K5,227 MANSION AVENUE,10308.0,0.0,1.0,1.0,4347.0,2200.0,1995.0,4,K5,749900,2019-06-19,statenisland,227 MANSION AVENUE NYC
4,SOUTH OZONE PARK,01 ONE FAMILY DWELLINGS,1,11699,51,A1,117-31 135TH STREET,11356.0,1.0,0.0,1.0,2088.0,992.0,1925.0,1,A1,446930,2019-07-31,queens,117-31 135TH STREET NYC
2,CASTLE HILL/UNIONPORT,01 ONE FAMILY DWELLINGS,1,3608,59,A2,2065 HOMER AVENUE,10473.0,1.0,0.0,1.0,2250.0,1540.0,1960.0,1,A2,495000,2019-03-07,bronx,2065 HOMER AVENUE NYC
3,MIDWOOD,02 TWO FAMILY DWELLINGS,1,6775,57,B2,1651 EAST 12TH STREET,11229.0,2.0,0.0,2.0,3000.0,2552.0,1920.0,1,B2,900000,2019-12-26,brooklyn,1651 EAST 12TH STREET NYC
3,WILLIAMSBURG-EAST,03 THREE FAMILY DWELLINGS,1,3055,20,C0,237 MONTROSE AVENUE,11206.0,3.0,0.0,3.0,2500.0,3150.0,1920.0,1,C0,1850000,2019-11-01,brooklyn,237 MONTROSE AVENUE NYC
4,JACKSON HEIGHTS,02 TWO FAMILY DWELLINGS,1,1463,52,B1,35-39 89TH STREET,11372.0,2.0,0.0,2.0,2642.0,3148.0,1930.0,1,B1,795000,2019-01-15,queens,35-39 89TH STREET NYC
4,GLENDALE,01 ONE FAMILY DWELLINGS,1,3655,16,A9,69-06 69TH STREET,11385.0,1.0,0.0,1.0,1948.0,1170.0,1930.0,1,A9,710000,2019-08-22,queens,69-06 69TH STREET NYC
4,REGO PARK,01 ONE FAMILY DWELLINGS,1,3090,57,A1,61-25 AUSTIN STREET,11374.0,1.0,0.0,1.0,3440.0,1744.0,1925.0,1,A1,870000,2019-11-04,queens,61-25 AUSTIN STREET NYC
4,JACKSON HEIGHTS,01 ONE FAMILY DWELLINGS,1,1448,57,A5,34-17 87TH STREET,11372.0,1.0,0.0,1.0,2000.0,1500.0,1935.0,1,A5,1140000,2019-02-28,queens,34-17 87TH STREET NYC
5,WESTERLEIGH,01 ONE FAMILY DWELLINGS,1,443,9,A1,247 DEMOREST AVENUE,10314.0,1.0,0.0,1.0,3000.0,1537.0,1920.0,1,A1,525000,2019-10-16,statenisland,247 DEMOREST AVENUE NYC
5,NEW SPRINGVILLE,01 ONE FAMILY DWELLINGS,1,2381,7,A5,245 STEINWAY AVENUE,10314.0,1.0,0.0,1.0,3056.0,1960.0,1989.0,1,A5,630000,2019-09-04,statenisland,245 STEINWAY AVENUE NYC
3,BENSONHURST,01 ONE FAMILY DWELLINGS,1,5559,91,A5,6614 CAMERON COURT,11204.0,1.0,0.0,1.0,1280.0,1585.0,1940.0,1,A5,815000,2019-10-09,brooklyn,6614 CAMERON COURT NYC
4,ASTORIA,03 THREE FAMILY DWELLINGS,1,708,16,C0,32-57 45TH STREET,11103.0,3.0,0.0,3.0,2567.0,2736.0,1930.0,1,C0,1500000,2019-07-11,queens,32-57 45TH STREET NYC
4,BELLEROSE,02 TWO FAMILY DWELLINGS,1,8650,24,B3,254-20 87TH ROAD,11426.0,2.0,0.0,2.0,2090.0,1666.0,1950.0,1,B3,325000,2019-08-13,queens,254-20 87TH ROAD NYC
4,BAYSIDE,01 ONE FAMILY DWELLINGS,1,6027,20,A5,32-30 201ST STREET,11361.0,1.0,0.0,1.0,1958.0,1050.0,1930.0,1,A5,602000,2019-03-11,queens,32-30 201ST STREET NYC
4,WHITESTONE,01 ONE FAMILY DWELLINGS,1,4632,24,A1,20-16 147TH STREET,11357.0,1.0,0.0,1.0,4954.0,2304.0,1930.0,1,A1,1290000,2019-12-06,queens,20-16 147TH STREET NYC
4,CAMBRIA HEIGHTS,01 ONE FAMILY DWELLINGS,1,12795,74,A2,119-40 236TH STREET,11411.0,1.0,0.0,1.0,4000.0,1125.0,1960.0,1,A2,585000,2019-04-16,queens,119-40 236TH STREET NYC
4,MIDDLE VILLAGE,01 ONE FAMILY DWELLINGS,1,3024,43,A1,8449 FURMANVILLE,11379.0,1.0,0.0,1.0,3361.0,1943.0,1920.0,1,A1,469000,2019-03-19,queens,8449 FURMANVILLE NYC
4,OZONE PARK,02 TWO FAMILY DWELLINGS,1,11399,21,B3,138-16 WHITELAW STREET,11417.0,2.0,0.0,2.0,2500.0,1632.0,1920.0,1,B3,751000,2019-10-17,queens,138-16 WHITELAW STREET NYC
4,QUEENS VILLAGE,02 TWO FAMILY DWELLINGS,1,7954,52,B3,234-23 88TH AVENUE,11427.0,2.0,0.0,2.0,3190.0,2070.0,1925.0,1,B3,818000,2019-02-15,queens,234-23 88TH AVENUE NYC
4,WOODHAVEN,02 TWO FAMILY DWELLINGS,1,8879,5,B2,84-01 91ST STREET,11421.0,2.0,0.0,2.0,2077.0,2280.0,1925.0,1,B2,875000,2019-03-13,queens,84-01 91ST STREET NYC
5,GRANT CITY,01 ONE FAMILY DWELLINGS,1,3559,56,A9,204 STOBE AVENUE,10306.0,1.0,0.0,1.0,2875.0,1344.0,1960.0,1,A9,515000,2019-08-26,statenisland,204 STOBE AVENUE NYC
4,SO. JAMAICA-BAISLEY PARK,01 ONE FAMILY DWELLINGS,1,12107,11,A1,128-23 148TH ST,11436.0,1.0,0.0,1.0,2000.0,833.0,1920.0,1,A1,515000,2019-02-22,queens,128-23 148TH ST NYC
4,SO. JAMAICA-BAISLEY PARK,02 TWO FAMILY DWELLINGS,1,12226,30,B2,155-56 116TH DRIVE,11434.0,2.0,0.0,2.0,4000.0,1817.0,1965.0,1,B2,1054012,2019-06-24,queens,155-56 116TH DRIVE NYC
4,WOODSIDE,02 TWO FAMILY DWELLINGS,1,1301,20,B1,40-15 69TH STREET,11377.0,2.0,0.0,2.0,2210.0,2356.0,1920.0,1,B1,1180000,2019-11-20,queens,40-15 69TH STREET NYC
4,FLUSHING-NORTH,01 ONE FAMILY DWELLINGS,1,5442,66,A1,45-52 164TH STREET,11358.0,1.0,0.0,1.0,3500.0,1426.0,1940.0,1,A1,890000,2019-10-11,queens,45-52 164TH STREET NYC
4,ROSEDALE,01 ONE FAMILY DWELLINGS,1,13544,34,A1,241-26 NEWHALL AVENUE,11422.0,1.0,0.0,1.0,3000.0,1498.0,1920.0,1,A1,600000,2019-10-23,queens,241-26 NEWHALL AVENUE NYC
3,MARINE PARK,01 ONE FAMILY DWELLINGS,1,8501,24,A9,1947 EAST 34TH STREET,11234.0,1.0,0.0,1.0,1800.0,980.0,1925.0,1,A9,638000,2019-10-25,brooklyn,1947 EAST 34TH STREET NYC
4,ROSEDALE,02 TWO FAMILY DWELLINGS,1,13673,24,B3,257-40 148TH ROAD,11422.0,2.0,0.0,2.0,4000.0,2304.0,1960.0,1,B3,820000,2019-12-02,queens,257-40 148TH ROAD NYC
5,ELTINGVILLE,01 ONE FAMILY DWELLINGS,1,5673,69,A1,115 FORRESTAL AVENUE,10312.0,1.0,0.0,1.0,4100.0,2452.0,1975.0,1,A1,635045,2019-02-21,statenisland,115 FORRESTAL AVENUE NYC
3,BAY RIDGE,07 RENTALS - WALKUP APARTMENTS,2A,6025,11,C3,312 84TH STREET,11209.0,4.0,0.0,4.0,2833.0,2320.0,1926.0,2,C3,1600000,2019-12-30,brooklyn,312 84TH STREET NYC
5,OAKWOOD,01 ONE FAMILY DWELLINGS,1,4271,1,A2,56 PENN AVENUE,10306.0,1.0,0.0,1.0,4600.0,1104.0,1960.0,1,A2,570000,2019-08-27,statenisland,56 PENN AVENUE NYC
4,ASTORIA,03 THREE FAMILY DWELLINGS,1,682,15,C0,30-75 41ST STREET,11103.0,3.0,0.0,3.0,2500.0,2288.0,1925.0,1,C0,1500000,2019-09-25,queens,30-75 41ST STREET NYC
5,NEW DORP-HEIGHTS,01 ONE FAMILY DWELLINGS,1,4337,36,A1,34 VINCENT AVENUE,10306.0,1.0,0.0,1.0,4000.0,1276.0,1930.0,1,A1,572000,2019-07-16,statenisland,34 VINCENT AVENUE NYC
3,PARK SLOPE SOUTH,02 TWO FAMILY DWELLINGS,1,1028,72,B3,217 13TH STREET,11215.0,2.0,0.0,2.0,1256.0,1890.0,1901.0,1,B3,1750000,2019-12-18,brooklyn,217 13TH STREET NYC
4,RICHMOND HILL,02 TWO FAMILY DWELLINGS,1,9431,26,B2,101-40 114TH STREET,11419.0,2.0,0.0,2.0,1968.0,2540.0,1930.0,1,B2,860000,2019-08-22,queens,101-40 114TH STREET NYC
3,BEDFORD STUYVESANT,03 THREE FAMILY DWELLINGS,1,1815,76,C0,349 MONROE STREET,11221.0,3.0,0.0,3.0,1786.0,1938.0,1920.0,1,C0,810000,2019-06-11,brooklyn,349 MONROE STREET NYC
3,OCEAN PARKWAY-NORTH,01 ONE FAMILY DWELLINGS,1,6518,55,A9,1039 EAST 5TH STREET,11230.0,1.0,0.0,1.0,2400.0,1370.0,1925.0,1,A9,990000,2019-06-27,brooklyn,1039 EAST 5TH STREET NYC
5,ANNADALE,01 ONE FAMILY DWELLINGS,1,5425,19,A1,9 SANDGAP STREET,10312.0,1.0,0.0,1.0,2500.0,1744.0,1950.0,1,A1,520000,2019-08-14,statenisland,9 SANDGAP STREET NYC
2,MORRISANIA/LONGWOOD,02 TWO FAMILY DWELLINGS,1,2745,33,B2,1169 HOE AVENUE,10459.0,2.0,0.0,2.0,2500.0,1677.0,1901.0,1,B2,500000,2019-02-08,bronx,1169 HOE AVENUE NYC
3,BEDFORD STUYVESANT,02 TWO FAMILY DWELLINGS,1,1864,67,B1,379 HERKIMER STREET,11213.0,2.0,0.0,2.0,1800.0,2268.0,1901.0,1,B1,1250000,2019-02-22,brooklyn,379 HERKIMER STREET NYC
3,EAST NEW YORK,01 ONE FAMILY DWELLINGS,1,4164,53,A9,79 MC KINLEY AVENUE,11208.0,1.0,0.0,1.0,1825.0,1176.0,1910.0,1,A9,305000,2019-06-18,brooklyn,79 MC KINLEY AVENUE NYC
3,EAST NEW YORK,02 TWO FAMILY DWELLINGS,1,3806,60,B1,554 NEW JERSEY AVE,11207.0,2.0,0.0,2.0,2000.0,2000.0,1901.0,1,B1,352000,2019-10-30,brooklyn,554 NEW JERSEY AVE NYC
2,WILLIAMSBRIDGE,01 ONE FAMILY DWELLINGS,1,4697,42,A5,1040 EAST 215 STREET,10469.0,1.0,0.0,1.0,1884.0,1850.0,1945.0,1,A5,350000,2019-12-04,bronx,1040 EAST 215 STREET NYC
3,EAST NEW YORK,02 TWO FAMILY DWELLINGS,1,4296,16,B9,654 GEORGIA AVENUE,11207.0,2.0,0.0,2.0,1237.0,2080.0,1901.0,1,B9,440000,2019-03-22,brooklyn,654 GEORGIA AVENUE NYC
4,FLUSHING-NORTH,01 ONE FAMILY DWELLINGS,1,5584,31,A1,46-52 UTOPIA PARKWAY,11358.0,1.0,0.0,1.0,3533.0,1774.0,1940.0,1,A1,940000,2019-11-26,queens,46-52 UTOPIA PARKWAY NYC
3,CANARSIE,02 TWO FAMILY DWELLINGS,1,8181,47,B2,95 CONKLIN AVE,11236.0,2.0,0.0,2.0,2381.0,2648.0,1920.0,1,B2,750000,2019-09-30,brooklyn,95 CONKLIN AVE NYC
5,NEW DORP,01 ONE FAMILY DWELLINGS,1,4250,20,A2,136 CANNON BOULEVARD,10306.0,1.0,0.0,1.0,4600.0,1128.0,1960.0,1,A2,620000,2019-05-17,statenisland,136 CANNON BOULEVARD NYC
3,GRAVESEND,01 ONE FAMILY DWELLINGS,1,6670,68,A1,1839 WEST 11TH STREET,11223.0,1.0,0.0,1.0,3200.0,1794.0,1920.0,1,A1,875000,2019-09-19,brooklyn,1839 WEST 11TH STREET NYC
5,PORT RICHMOND,01 ONE FAMILY DWELLINGS,1,1040,7,A1,55 LEXINGTON AVENUE,10302.0,1.0,0.0,1.0,2500.0,1206.0,1915.0,1,A1,400000,2019-05-02,statenisland,55 LEXINGTON AVENUE NYC
4,JAMAICA HILLS,02 TWO FAMILY DWELLINGS,1,9864,84,B3,84-74 HOMELAWN STREET,11432.0,2.0,0.0,2.0,3837.0,1606.0,1925.0,1,B3,875000,2019-02-08,queens,84-74 HOMELAWN STREET NYC
4,FLUSHING-NORTH,02 TWO FAMILY DWELLINGS,1,5264,10,B2,35-17 153RD STREET,11354.0,2.0,0.0,2.0,3000.0,2212.0,1925.0,1,B2,1300000,2019-03-01,queens,35-17 153RD STREET NYC
4,ARVERNE,02 TWO FAMILY DWELLINGS,1,16089,40,B2,210 BEACH BREEZE PLACE,11692.0,2.0,0.0,2.0,2135.0,2905.0,2004.0,1,B2,835000,2019-09-26,queens,210 BEACH BREEZE PLACE NYC
4,SOUTH JAMAICA,02 TWO FAMILY DWELLINGS,1,10133,146,B2,107-28 155TH STREET,11433.0,2.0,0.0,2.0,2102.0,2108.0,1993.0,1,B2,350000,2019-11-22,queens,107-28 155TH STREET NYC
4,SUNNYSIDE,02 TWO FAMILY DWELLINGS,1,136,6,B1,4711 43RD AVENUE,11104.0,2.0,0.0,2.0,2075.0,1400.0,1925.0,1,B1,1160000,2019-11-18,queens,4711 43RD AVENUE NYC
3,CYPRESS HILLS,02 TWO FAMILY DWELLINGS,1,3886,66,B3,20 BARBEY STREET,11207.0,2.0,0.0,2.0,3008.0,2097.0,1925.0,1,B3,670000,2019-12-20,brooklyn,20 BARBEY STREET NYC
5,GRANT CITY,01 ONE FAMILY DWELLINGS,1,3561,48,A2,208 HULL AVENUE,10306.0,1.0,0.0,1.0,4000.0,1056.0,1960.0,1,A2,595000,2019-08-14,statenisland,208 HULL AVENUE NYC
4,FLUSHING-NORTH,01 ONE FAMILY DWELLINGS,1,6422,50,A5,148-18 58TH AVENUE,11355.0,1.0,0.0,1.0,1800.0,1296.0,1950.0,1,A5,907000,2019-02-25,queens,148-18 58TH AVENUE NYC
5,GREAT KILLS,22 STORE BUILDINGS,4,5158,59,K1,253 NELSON AVENUE,10308.0,0.0,1.0,1.0,2101.0,1184.0,1990.0,4,K1,650000,2019-03-15,statenisland,253 NELSON AVENUE NYC
4,OAKLAND GARDENS,01 ONE FAMILY DWELLINGS,1,7683,22,A2,69-38 225TH STREET,11364.0,1.0,0.0,1.0,4000.0,1136.0,1950.0,1,A2,1330000,2019-07-10,queens,69-38 225TH STREET NYC
4,ROSEDALE,01 ONE FAMILY DWELLINGS,1,13550,71,A1,240-18 CANEY ROAD,11422.0,1.0,0.0,1.0,2900.0,1624.0,1925.0,1,A1,569000,2019-06-27,queens,240-18 CANEY ROAD NYC
4,HOLLIS,01 ONE FAMILY DWELLINGS,1,10871,51,A1,100-33 204TH STREET,11423.0,1.0,0.0,1.0,3325.0,1821.0,1925.0,1,A1,650000,2019-04-29,queens,100-33 204TH STREET NYC
5,PORT RICHMOND,01 ONE FAMILY DWELLINGS,1,1026,5,A1,107 SIMONSON PLACE,10302.0,1.0,0.0,1.0,3030.0,1335.0,1925.0,1,A1,475000,2019-12-11,statenisland,107 SIMONSON PLACE NYC
4,ELMHURST,01 ONE FAMILY DWELLINGS,1,2468,15,A5,51-28 IRELAND STREET,11373.0,1.0,0.0,1.0,2142.0,1860.0,1940.0,1,A5,840000,2019-01-08,queens,51-28 IRELAND STREET NYC
5,BULLS HEAD,02 TWO FAMILY DWELLINGS,1,1655,52,B9,196 REGIS DRIVE,10314.0,2.0,0.0,2.0,3330.0,1912.0,1974.0,1,B9,565000,2019-02-06,statenisland,196 REGIS DRIVE NYC
2,MORRIS PARK/VAN NEST,03 THREE FAMILY DWELLINGS,1,4048,54,C0,1851 VICTOR STREET,10462.0,3.0,0.0,3.0,2500.0,2924.0,1901.0,1,C0,640000,2019-05-20,bronx,1851 VICTOR STREET NYC
4,SO. JAMAICA-BAISLEY PARK,01 ONE FAMILY DWELLINGS,1,12016,61,A5,142-30 119 ROAD,11436.0,1.0,0.0,1.0,1400.0,960.0,1930.0,1,A5,455000,2019-10-31,queens,142-30 119 ROAD NYC
3,FLATLANDS,01 ONE FAMILY DWELLINGS,1,7837,6,A9,5709 AVENUE L,11234.0,1.0,0.0,1.0,2000.0,1216.0,1925.0,1,A9,579000,2019-12-02,brooklyn,5709 AVENUE L NYC
5,ANNADALE,02 TWO FAMILY DWELLINGS,1,6320,3,B2,50 BUFFINGTON AVENUE,10312.0,2.0,0.0,2.0,4000.0,2840.0,2018.0,1,B2,966319,2019-02-19,statenisland,50 BUFFINGTON AVENUE NYC
3,EAST NEW YORK,03 THREE FAMILY DWELLINGS,1,4453,51,C0,741 SHEPHERD AVENUE,11208.0,3.0,0.0,3.0,2450.0,2400.0,1920.0,1,C0,729300,2019-12-19,brooklyn,741 SHEPHERD AVENUE NYC
4,ST. ALBANS,02 TWO FAMILY DWELLINGS,1,11082,55,B1,116-09 NASHVILLE BOULEVARD,11411.0,2.0,0.0,2.0,1980.0,1604.0,1950.0,1,B1,499400,2019-03-15,queens,116-09 NASHVILLE BOULEVARD NYC
3,CANARSIE,02 TWO FAMILY DWELLINGS,1,7967,72,B1,590 EAST 89TH STREET,11236.0,2.0,0.0,2.0,2444.0,2109.0,1960.0,1,B1,640000,2019-06-13,brooklyn,590 EAST 89TH STREET NYC
5,ROSEBANK,02 TWO FAMILY DWELLINGS,1,2858,1,B2,241 ANDERSON STREET,10305.0,2.0,0.0,2.0,2400.0,2552.0,1910.0,1,B2,698000,2019-02-21,statenisland,241 ANDERSON STREET NYC
4,JACKSON HEIGHTS,01 ONE FAMILY DWELLINGS,1,1445,29,A5,34-46 85TH STREET,11372.0,1.0,0.0,1.0,2000.0,1724.0,1930.0,1,A5,1120413,2019-01-25,queens,34-46 85TH STREET NYC
3,SHEEPSHEAD BAY,02 TWO FAMILY DWELLINGS,1,8798,10,B9,2710 BATCHELDER STREET,11235.0,2.0,0.0,2.0,1900.0,2160.0,1955.0,1,B9,827500,2019-11-26,brooklyn,2710 BATCHELDER STREET NYC
3,EAST NEW YORK,02 TWO FAMILY DWELLINGS,1,4310,60,B1,669 JEROME STREET,11207.0,2.0,0.0,2.0,2500.0,2320.0,1925.0,1,B1,850000,2019-06-19,brooklyn,669 JEROME STREET NYC
3,OCEAN PARKWAY-NORTH,01 ONE FAMILY DWELLINGS,1,5353,51,A5,117 AVENUE C,11218.0,1.0,0.0,1.0,1620.0,1188.0,1910.0,1,A5,900000,2019-07-23,brooklyn,117 AVENUE C NYC
4,SOUTH OZONE PARK,01 ONE FAMILY DWELLINGS,1,11643,46,A1,114-35 116TH STREET,11420.0,1.0,0.0,1.0,2575.0,1536.0,1930.0,1,A1,702000,2019-03-28,queens,114-35 116TH STREET NYC
3,BOROUGH PARK,02 TWO FAMILY DWELLINGS,1,6558,19,B1,2338 63RD STREET,11204.0,2.0,0.0,2.0,2492.0,2752.0,1930.0,1,B1,1450000,2019-03-12,brooklyn,2338 63RD STREET NYC
4,QUEENS VILLAGE,02 TWO FAMILY DWELLINGS,1,7950,131,B3,86-56 MUSKET STREET,11427.0,2.0,0.0,2.0,4000.0,1776.0,1950.0,1,B3,600000,2019-08-27,queens,86-56 MUSKET STREET NYC
4,NEPONSIT,01 ONE FAMILY DWELLINGS,1,16293,16,A2,4-47 BEACH 142 STREET,11694.0,1.0,0.0,1.0,4000.0,1200.0,1920.0,1,A2,994250,2019-09-19,queens,4-47 BEACH 142 STREET NYC
3,EAST NEW YORK,07 RENTALS - WALKUP APARTMENTS,2A,4301,23,C3,678 WYONA STREET,11207.0,4.0,0.0,4.0,2800.0,3360.0,1927.0,2,C3,1060000,2019-03-27,brooklyn,678 WYONA STREET NYC
4,FLUSHING-NORTH,02 TWO FAMILY DWELLINGS,1,4791,34,B2,146-51 25TH DRIVE,11354.0,2.0,0.0,2.0,4800.0,2600.0,1960.0,1,B2,1305000,2019-06-21,queens,146-51 25TH DRIVE NYC
3,MARINE PARK,01 ONE FAMILY DWELLINGS,1,6816,43,A1,1759 STUART STREET,11229.0,1.0,0.0,1.0,2500.0,1388.0,1925.0,1,A1,738000,2019-08-20,brooklyn,1759 STUART STREET NYC
3,BERGEN BEACH,01 ONE FAMILY DWELLINGS,1,8456,20,A9,2429 EAST 69 STREET,11234.0,1.0,0.0,1.0,2600.0,2400.0,2018.0,1,A9,864000,2019-12-12,brooklyn,2429 EAST 69 STREET NYC
2,SCHUYLERVILLE/PELHAM BAY,01 ONE FAMILY DWELLINGS,1,4241,17,A1,2864 EAST 195 STREET,10461.0,1.0,0.0,1.0,2500.0,1580.0,1920.0,1,A1,451000,2019-05-28,bronx,2864 EAST 195 STREET NYC
2,SCHUYLERVILLE/PELHAM BAY,02 TWO FAMILY DWELLINGS,1,5337,48,B1,2939 PAINE STREET,10461.0,2.0,0.0,2.0,3319.0,1910.0,1955.0,1,B1,638000,2019-08-26,bronx,2939 PAINE STREET NYC
4,RICHMOND HILL,03 THREE FAMILY DWELLINGS,1,9524,24,C0,104-36 104TH STREET,11417.0,3.0,0.0,3.0,2400.0,2314.0,1910.0,1,C0,875000,2019-10-23,queens,104-36 104TH STREET NYC
4,ASTORIA,03 THREE FAMILY DWELLINGS,1,651,11,C0,30-85 36TH STREET,11103.0,3.0,0.0,3.0,3000.0,2060.0,1925.0,1,C0,1740000,2019-06-28,queens,30-85 36TH STREET NYC
4,QUEENS VILLAGE,01 ONE FAMILY DWELLINGS,1,10662,3,A1,89-89 218 STREET,11427.0,1.0,0.0,1.0,3000.0,1152.0,1930.0,1,A1,599000,2019-11-12,queens,89-89 218 STREET NYC
4,FAR ROCKAWAY,03 THREE FAMILY DWELLINGS,1,15618,5,C0,11-11 PLAINVIEW AVENUE,11691.0,3.0,0.0,3.0,2592.0,3213.0,2007.0,1,C0,638600,2019-06-04,queens,11-11 PLAINVIEW AVENUE NYC
4,SPRINGFIELD GARDENS,01 ONE FAMILY DWELLINGS,1,12522,99,A1,174-24 126TH AVENUE,11434.0,1.0,0.0,1.0,2156.0,1080.0,1920.0,1,A1,465000,2019-04-01,queens,174-24 126TH AVENUE NYC
4,WOODSIDE,02 TWO FAMILY DWELLINGS,1,1332,145,B3,58-19 41ST DRIVE,11377.0,2.0,0.0,2.0,1875.0,1308.0,1920.0,1,B3,910000,2019-03-19,queens,58-19 41ST DRIVE NYC
4,OZONE PARK,01 ONE FAMILY DWELLINGS,1,11479,24,A1,103-06 PLATTWOOD AVENUE,11417.0,1.0,0.0,1.0,1947.0,1120.0,1925.0,1,A1,415000,2019-05-10,queens,103-06 PLATTWOOD AVENUE NYC
3,MIDWOOD,01 ONE FAMILY DWELLINGS,1,6721,45,A1,1914 AVENUE J,11230.0,1.0,0.0,1.0,4000.0,2453.0,1910.0,1,A1,1175000,2019-08-26,brooklyn,1914 AVENUE J NYC
4,FRESH MEADOWS,01 ONE FAMILY DWELLINGS,1,7204,27,A1,75-48 188TH STREET,11366.0,1.0,0.0,1.0,4000.0,1436.0,1940.0,1,A1,850000,2019-08-13,queens,75-48 188TH STREET NYC
2,SCHUYLERVILLE/PELHAM BAY,02 TWO FAMILY DWELLINGS,1,5375,91,B2,2817 DUDLEY AVENUE,10461.0,2.0,0.0,2.0,2184.0,1674.0,1901.0,1,B2,700000,2019-07-26,bronx,2817 DUDLEY AVENUE NYC
2,WILLIAMSBRIDGE,07 RENTALS - WALKUP APARTMENTS,2A,4859,59,C3,924 EAST 224 STREET,10466.0,4.0,0.0,4.0,3213.0,3510.0,1931.0,2,C3,850367,2019-01-07,bronx,924 EAST 224 STREET NYC
5,BULLS HEAD,01 ONE FAMILY DWELLINGS,1,1690,142,A5,6 SUMMERFIELD PLACE,10303.0,1.0,0.0,1.0,2272.0,1360.0,2017.0,1,A5,544763,2019-07-30,statenisland,6 SUMMERFIELD PLACE NYC
5,SOUTH BEACH,01 ONE FAMILY DWELLINGS,1,3397,49,A5,25 WINFIELD STREET,10305.0,1.0,0.0,1.0,1600.0,1192.0,1920.0,1,A5,540000,2019-06-10,statenisland,25 WINFIELD STREET NYC
3,MARINE PARK,02 TWO FAMILY DWELLINGS,1,8523,38,B1,3706 AVENUE S,11234.0,2.0,0.0,2.0,1600.0,2070.0,1930.0,1,B1,840000,2019-10-24,brooklyn,3706 AVENUE S NYC
2,WILLIAMSBRIDGE,03 THREE FAMILY DWELLINGS,1,4653,13,C0,3806 BRONX BOULEVARD,10467.0,3.0,0.0,3.0,1900.0,3351.0,2005.0,1,C0,616041,2019-03-26,bronx,3806 BRONX BOULEVARD NYC
3,GRAVESEND,01 ONE FAMILY DWELLINGS,1,6888,49,A5,202 BAY 34 STREET,11214.0,1.0,0.0,1.0,1933.0,1532.0,1915.0,1,A5,818000,2019-01-17,brooklyn,202 BAY 34 STREET NYC
4,LAURELTON,01 ONE FAMILY DWELLINGS,1,12936,69,A5,13123 226 STREET,11413.0,1.0,0.0,1.0,2000.0,1420.0,1935.0,1,A5,569000,2019-10-15,queens,13123 226 STREET NYC
4,FLORAL PARK,01 ONE FAMILY DWELLINGS,1,8794,30,A2,84-16 265TH STREET,11001.0,1.0,0.0,1.0,4000.0,924.0,1950.0,1,A2,700000,2019-07-30,queens,84-16 265TH STREET NYC
3,MARINE PARK,01 ONE FAMILY DWELLINGS,1,7719,3,A5,3619 AVE R,11234.0,1.0,0.0,1.0,1573.0,1224.0,1935.0,1,A5,675000,2019-10-21,brooklyn,3619 AVE R NYC
3,FLATBUSH-NORTH,03 THREE FAMILY DWELLINGS,1,4666,6,C0,1006 LENOX ROAD,11212.0,3.0,0.0,3.0,2550.0,3180.0,1940.0,1,C0,666000,2019-01-28,brooklyn,1006 LENOX ROAD NYC
3,FLATBUSH-EAST,01 ONE FAMILY DWELLINGS,1,4760,1,A2,631 EAST 49TH ST,11203.0,1.0,0.0,1.0,2500.0,1890.0,1950.0,1,A2,650000,2019-02-14,brooklyn,631 EAST 49TH ST NYC
3,CANARSIE,01 ONE FAMILY DWELLINGS,1,8284,10,A1,10001 AVENUE N,11236.0,1.0,0.0,1.0,2760.0,896.0,1910.0,1,A1,565000,2019-03-12,brooklyn,10001 AVENUE N NYC
3,BOROUGH PARK,03 THREE FAMILY DWELLINGS,1,5432,64,C0,1649 45TH STREET,11204.0,3.0,0.0,3.0,2504.0,3230.0,1960.0,1,C0,877500,2019-01-15,brooklyn,1649 45TH STREET NYC
3,DYKER HEIGHTS,01 ONE FAMILY DWELLINGS,1,5924,48,A1,1075 74TH STREET,11228.0,1.0,0.0,1.0,1640.0,1160.0,1915.0,1,A1,950000,2019-12-23,brooklyn,1075 74TH STREET NYC
4,FLUSHING-NORTH,01 ONE FAMILY DWELLINGS,1,5647,52,A2,50-52 194TH STREET,11365.0,1.0,0.0,1.0,4000.0,1873.0,1920.0,1,A2,948500,2019-03-19,queens,50-52 194TH STREET NYC
2,BRONXDALE,02 TWO FAMILY DWELLINGS,1,4586,8,B1,1281 ARNOW AVENUE,10469.0,2.0,0.0,2.0,2200.0,1886.0,1950.0,1,B1,407509,2019-02-07,bronx,1281 ARNOW AVENUE NYC
2,THROGS NECK,02 TWO FAMILY DWELLINGS,1,5419,32,B3,2915 BARKLEY AVE,10465.0,2.0,0.0,2.0,2935.0,1188.0,1950.0,1,B3,600000,2019-01-04,bronx,2915 BARKLEY AVE NYC
4,QUEENS VILLAGE,01 ONE FAMILY DWELLINGS,1,11186,5,A1,108-13 220TH STREET,11429.0,1.0,0.0,1.0,3185.0,1160.0,1930.0,1,A1,605000,2019-03-18,queens,108-13 220TH STREET NYC
5,BULLS HEAD,01 ONE FAMILY DWELLINGS,1,2230,5,A1,27 SIDEVIEW AVENUE,10314.0,1.0,0.0,1.0,4000.0,1100.0,1920.0,1,A1,505000,2019-12-16,statenisland,27 SIDEVIEW AVENUE NYC
3,OCEAN HILL,03 THREE FAMILY DWELLINGS,1,1497,16,C0,782 MACON STREET,11233.0,3.0,0.0,3.0,2017.0,3267.0,1910.0,1,C0,1795000,2019-06-03,brooklyn,782 MACON STREET NYC
3,CANARSIE,02 TWO FAMILY DWELLINGS,1,8244,58,B1,1132 EAST 99TH STREET,11236.0,2.0,0.0,2.0,2000.0,1395.0,1955.0,1,B1,550000,2019-02-11,brooklyn,1132 EAST 99TH STREET NYC
2,BRONXDALE,01 ONE FAMILY DWELLINGS,1,4537,27,A5,2742 WESTERVELT AVENUE,10469.0,1.0,0.0,1.0,2300.0,1944.0,1955.0,1,A5,475000,2019-01-18,bronx,2742 WESTERVELT AVENUE NYC
4,ROSEDALE,01 ONE FAMILY DWELLINGS,1,13624,23,A1,137-19 249TH ST,11422.0,1.0,0.0,1.0,2500.0,1590.0,1925.0,1,A1,623991,2019-05-22,queens,137-19 249TH ST NYC
2,SCHUYLERVILLE/PELHAM BAY,01 ONE FAMILY DWELLINGS,1,4198,5,A1,1810 PARKVIEW AVENUE,10461.0,1.0,0.0,1.0,2375.0,960.0,1925.0,1,A1,565000,2019-10-02,bronx,1810 PARKVIEW AVENUE NYC
5,WEST NEW BRIGHTON,02 TWO FAMILY DWELLINGS,1,144,74,B2,401 DAVIS AVENUE,10310.0,2.0,0.0,2.0,4390.0,2232.0,2018.0,1,B2,840056,2019-08-08,statenisland,401 DAVIS AVENUE NYC
3,BEDFORD STUYVESANT,30 WAREHOUSES,4,1865,82,E9,17 HERKIMER PLACE,11216.0,0.0,1.0,1.0,3420.0,1620.0,1910.0,4,E9,1130000,2019-11-26,brooklyn,17 HERKIMER PLACE NYC
4,RICHMOND HILL,01 ONE FAMILY DWELLINGS,1,9579,49,A1,125-13 107TH AVENUE,11419.0,1.0,0.0,1.0,2142.0,1170.0,1920.0,1,A1,528000,2019-06-24,queens,125-13 107TH AVENUE NYC
4,ST. ALBANS,02 TWO FAMILY DWELLINGS,1,10928,60,B3,109-21 192ND ST,11412.0,2.0,0.0,2.0,4000.0,1260.0,1930.0,1,B3,750000,2019-03-29,queens,109-21 192ND ST NYC
4,SO. JAMAICA-BAISLEY PARK,01 ONE FAMILY DWELLINGS,1,12364,107,A5,167-12 FOCH BOULEVARD,11434.0,1.0,0.0,1.0,2595.0,946.0,1945.0,1,A5,475000,2019-07-16,queens,167-12 FOCH BOULEVARD NYC
5,PORT RICHMOND,01 ONE FAMILY DWELLINGS,1,1100,3,A9,133 BLACKFORD AVENUE,10302.0,1.0,0.0,1.0,2500.0,1064.0,1905.0,1,A9,380000,2019-08-29,statenisland,133 BLACKFORD AVENUE NYC
4,RICHMOND HILL,02 TWO FAMILY DWELLINGS,1,9428,56,B3,101-39 110TH STREET,11419.0,2.0,0.0,2.0,2500.0,1280.0,1925.0,1,B3,480000,2019-08-07,queens,101-39 110TH STREET NYC
4,HAMMELS,02 TWO FAMILY DWELLINGS,1,16138,25,B2,150 BEACH 93 STREET,11693.0,2.0,0.0,2.0,2500.0,1773.0,1920.0,1,B2,850000,2019-01-24,queens,150 BEACH 93 STREET NYC
3,OCEAN HILL,02 TWO FAMILY DWELLINGS,1,1481,52,B2,849 MADISON STREET,11221.0,2.0,0.0,2.0,2500.0,2200.0,1910.0,1,B2,990000,2019-03-04,brooklyn,849 MADISON STREET NYC
4,QUEENS VILLAGE,01 ONE FAMILY DWELLINGS,1,10640,24,A1,91-23 215TH STREET,11428.0,1.0,0.0,1.0,3300.0,1135.0,1920.0,1,A1,575000,2019-03-01,queens,91-23 215TH STREET NYC
4,RICHMOND HILL,03 THREE FAMILY DWELLINGS,1,9332,72,C0,87-25 123RD STREET,11418.0,3.0,0.0,3.0,3600.0,3093.0,1920.0,1,C0,824783,2019-05-03,queens,87-25 123RD STREET NYC
2,WAKEFIELD,02 TWO FAMILY DWELLINGS,1,5004,48,B2,4120 BOYD AVENUE,10466.0,2.0,0.0,2.0,2375.0,1756.0,1910.0,1,B2,650000,2019-05-22,bronx,4120 BOYD AVENUE NYC
4,FLUSHING-NORTH,03 THREE FAMILY DWELLINGS,1,5394,26,C0,42-10 164TH STREET,11358.0,3.0,0.0,3.0,1790.0,2693.0,2017.0,1,C0,1600000,2019-09-05,queens,42-10 164TH STREET NYC
3,EAST NEW YORK,02 TWO FAMILY DWELLINGS,1,4313,34,B2,720 ELTON STREET,11208.0,2.0,0.0,2.0,3000.0,1920.0,1925.0,1,B2,475000,2019-10-03,brooklyn,720 ELTON STREET NYC
4,RICHMOND HILL,02 TWO FAMILY DWELLINGS,1,9408,27,B1,97-48 107TH STREET,11416.0,2.0,0.0,2.0,2000.0,2080.0,1915.0,1,B1,835000,2019-08-28,queens,97-48 107TH STREET NYC
4,BEECHHURST,02 TWO FAMILY DWELLINGS,1,4546,59,B2,154-68 10TH AVENUE,11357.0,2.0,0.0,2.0,4400.0,1742.0,1925.0,1,B2,1243500,2019-12-13,queens,154-68 10TH AVENUE NYC
3,WILLIAMSBURG-EAST,02 TWO FAMILY DWELLINGS,1,2761,48,B9,29 DEVOE STREET,11211.0,2.0,0.0,2.0,2500.0,2250.0,1901.0,1,B9,1760000,2019-06-21,brooklyn,29 DEVOE STREET NYC
3,MIDWOOD,02 TWO FAMILY DWELLINGS,1,6714,64,B2,1057 EAST 12TH STREET,11230.0,2.0,0.0,2.0,3500.0,3372.0,1915.0,1,B2,1100000,2019-05-13,brooklyn,1057 EAST 12TH STREET NYC
4,OZONE PARK,02 TWO FAMILY DWELLINGS,1,11404,75,B1,138-11 LAFAYETTE STREET,11417.0,2.0,0.0,2.0,2167.0,2772.0,1960.0,1,B1,790000,2019-03-12,queens,138-11 LAFAYETTE STREET NYC
4,FLUSHING-NORTH,03 THREE FAMILY DWELLINGS,1,4780,60,C0,144-43 26TH AVENUE,11354.0,3.0,0.0,3.0,2100.0,1932.0,1960.0,1,C0,988000,2019-06-21,queens,144-43 26TH AVENUE NYC
4,ROSEDALE,01 ONE FAMILY DWELLINGS,1,13690,101,A1,259-11 149TH ROAD,11422.0,1.0,0.0,1.0,3840.0,2444.0,1960.0,1,A1,874999,2019-05-13,queens,259-11 149TH ROAD NYC
4,QUEENS VILLAGE,01 ONE FAMILY DWELLINGS,1,11125,57,A1,209-74 112TH AVENUE,11429.0,1.0,0.0,1.0,3039.0,1568.0,1920.0,1,A1,315000,2019-05-08,queens,209-74 112TH AVENUE NYC
3,SUNSET PARK,02 TWO FAMILY DWELLINGS,1,891,4,S2,685 5 AVENUE,11215.0,2.0,1.0,3.0,1600.0,2400.0,1931.0,1,S2,1700000,2019-08-27,brooklyn,685 5 AVENUE NYC
5,NEW BRIGHTON,03 THREE FAMILY DWELLINGS,1,60,74,C0,62 FILLMORE STREET,10301.0,3.0,0.0,3.0,3740.0,1768.0,1910.0,1,C0,395460,2019-12-20,statenisland,62 FILLMORE STREET NYC
4,SO. JAMAICA-BAISLEY PARK,01 ONE FAMILY DWELLINGS,1,12035,44,A1,120-44 142 PLACE,11436.0,1.0,0.0,1.0,2000.0,868.0,1915.0,1,A1,490000,2019-12-20,queens,120-44 142 PLACE NYC
4,SPRINGFIELD GARDENS,02 TWO FAMILY DWELLINGS,1,13355,48,B2,146-37 181ST STREET,11413.0,2.0,0.0,2.0,4400.0,2100.0,1965.0,1,B2,757500,2019-02-28,queens,146-37 181ST STREET NYC
4,ROSEDALE,01 ONE FAMILY DWELLINGS,1,13463,40,A2,229-02 146TH AVENUE,11413.0,1.0,0.0,1.0,3742.0,1258.0,1920.0,1,A2,512275,2019-01-04,queens,229-02 146TH AVENUE NYC
4,MASPETH,02 TWO FAMILY DWELLINGS,1,2370,54,B3,54-44 65TH PLACE,11378.0,2.0,0.0,2.0,2000.0,1424.0,1945.0,1,B3,752500,2019-06-21,queens,54-44 65TH PLACE NYC
4,WHITESTONE,03 THREE FAMILY DWELLINGS,1,4248,24,C0,23-08 143RD STREET,11357.0,3.0,0.0,3.0,2940.0,3925.0,1970.0,1,C0,752738,2019-01-23,queens,23-08 143RD STREET NYC
4,ST. ALBANS,01 ONE FAMILY DWELLINGS,1,10431,1,A5,189-22 113TH ROAD,11412.0,1.0,0.0,1.0,2066.0,1090.0,2007.0,1,A5,436527,2019-10-18,queens,189-22 113TH ROAD NYC
3,CROWN HEIGHTS,01 ONE FAMILY DWELLINGS,1,1277,39,A4,1356 UNION STREET,11213.0,1.0,0.0,1.0,2150.0,2288.0,1930.0,1,A4,1300000,2019-12-17,brooklyn,1356 UNION STREET NYC
3,OLD MILL BASIN,01 ONE FAMILY DWELLINGS,1,8407,30,A9,2060 E 65TH,11234.0,1.0,0.0,1.0,2000.0,1309.0,1930.0,1,A9,603200,2019-10-15,brooklyn,2060 E 65TH NYC
4,WHITESTONE,03 THREE FAMILY DWELLINGS,1,4766,4,C0,16-15 163RD STREET,11357.0,3.0,0.0,3.0,1659.0,2100.0,1980.0,1,C0,990000,2019-03-08,queens,16-15 163RD STREET NYC
2,MORRISANIA/LONGWOOD,02 TWO FAMILY DWELLINGS,1,2669,69,S2,785 EAST 163 STREET,10456.0,2.0,1.0,3.0,1096.0,1350.0,1925.0,1,S2,400000,2019-11-18,bronx,785 EAST 163 STREET NYC
4,FLUSHING-NORTH,01 ONE FAMILY DWELLINGS,1,5663,47,A3,53-23 192ND STREET,11365.0,1.0,0.0,1.0,4000.0,1995.0,1950.0,1,A3,1185000,2019-09-05,queens,53-23 192ND STREET NYC
2,WILLIAMSBRIDGE,03 THREE FAMILY DWELLINGS,1,4668,76,C0,736 EAST 221 STREET,10467.0,3.0,0.0,3.0,2856.0,2600.0,1920.0,1,C0,736450,2019-12-26,bronx,736 EAST 221 STREET NYC
4,FLUSHING-SOUTH,01 ONE FAMILY DWELLINGS,1,6688,64,A5,147-07 78TH AVENUE,11367.0,1.0,0.0,1.0,2200.0,1454.0,1945.0,1,A5,825000,2019-01-09,queens,147-07 78TH AVENUE NYC
5,ARDEN HEIGHTS,01 ONE FAMILY DWELLINGS,1,6030,74,A5,119 RAILY COURT,10312.0,1.0,0.0,1.0,1680.0,1152.0,1986.0,1,A5,375000,2019-10-25,statenisland,119 RAILY COURT NYC
5,ROSEBANK,01 ONE FAMILY DWELLINGS,1,3069,47,A1,28 FINGERBOARD ROAD,10305.0,1.0,0.0,1.0,3050.0,1676.0,1905.0,1,A1,545000,2019-07-01,statenisland,28 FINGERBOARD ROAD NYC
4,GLENDALE,02 TWO FAMILY DWELLINGS,1,3833,41,B2,78-11 82ND STREET,11385.0,2.0,0.0,2.0,2523.0,2232.0,1920.0,1,B2,800000,2019-08-13,queens,78-11 82ND STREET NYC
3,CANARSIE,02 TWO FAMILY DWELLINGS,1,8208,64,B1,954 EAST 101ST STREET,11236.0,2.0,0.0,2.0,2000.0,1560.0,1960.0,1,B1,422000,2019-07-31,brooklyn,954 EAST 101ST STREET NYC
4,SPRINGFIELD GARDENS,01 ONE FAMILY DWELLINGS,1,12668,37,A1,121-36 BENTON ST,11413.0,1.0,0.0,1.0,2500.0,1216.0,2005.0,1,A1,485656,2019-06-20,queens,121-36 BENTON ST NYC
4,SOUTH JAMAICA,02 TWO FAMILY DWELLINGS,1,10039,7,B3,106-18 142ND STREET,11435.0,2.0,0.0,2.0,2280.0,1248.0,1915.0,1,B3,450000,2019-03-18,queens,106-18 142ND STREET NYC
3,DYKER HEIGHTS,02 TWO FAMILY DWELLINGS,1,5880,52,B1,1057 70TH STREET,11228.0,2.0,0.0,2.0,2000.0,2240.0,1930.0,1,B1,1300000,2019-09-09,brooklyn,1057 70TH STREET NYC
5,NEW BRIGHTON,01 ONE FAMILY DWELLINGS,1,83,6,A1,39 BRIGHTON AVENUE,10301.0,1.0,0.0,1.0,1989.0,1296.0,1910.0,1,A1,440000,2019-06-28,statenisland,39 BRIGHTON AVENUE NYC
4,CORONA,03 THREE FAMILY DWELLINGS,1,1733,25,C0,34-40 100TH STREET,11368.0,3.0,0.0,3.0,2522.0,3235.0,1925.0,1,C0,490000,2019-08-30,queens,34-40 100TH STREET NYC
5,SUNNYSIDE,02 TWO FAMILY DWELLINGS,1,657,4,B1,52 SCHOHARIE STREET,10301.0,2.0,0.0,2.0,4500.0,2080.0,1955.0,1,B1,700000,2019-01-06,statenisland,52 SCHOHARIE STREET NYC
4,WOODSIDE,01 ONE FAMILY DWELLINGS,1,1132,14,A5,31-26 55TH STREET,11377.0,1.0,0.0,1.0,1710.0,1116.0,1945.0,1,A5,675000,2019-09-19,queens,31-26 55TH STREET NYC
4,BAYSIDE,02 TWO FAMILY DWELLINGS,1,6204,2,B1,201-21 42ND AVENUE,11361.0,2.0,0.0,2.0,2300.0,2656.0,1950.0,1,B1,1150000,2019-11-06,queens,201-21 42ND AVENUE NYC
3,GRAVESEND,03 THREE FAMILY DWELLINGS,1,6867,63,C0,58 BAY 40TH STREET,11214.0,3.0,0.0,3.0,2030.0,3264.0,1935.0,1,C0,1466000,2019-02-25,brooklyn,58 BAY 40TH STREET NYC
3,BERGEN BEACH,01 ONE FAMILY DWELLINGS,1,8412,55,A9,2038 EAST 72ND STREET,11234.0,1.0,0.0,1.0,2000.0,1036.0,1925.0,1,A9,586000,2019-08-07,brooklyn,2038 EAST 72ND STREET NYC
3,GRAVESEND,01 ONE FAMILY DWELLINGS,1,6630,58,A1,1659 WEST 2 STREET,11223.0,1.0,0.0,1.0,2803.0,1964.0,1920.0,1,A1,705000,2019-04-30,brooklyn,1659 WEST 2 STREET NYC
5,CLOVE LAKES,01 ONE FAMILY DWELLINGS,1,286,34,A5,532 OAKLAND AVENUE,10310.0,1.0,0.0,1.0,2210.0,1248.0,1993.0,1,A5,525000,2019-03-04,statenisland,532 OAKLAND AVENUE NYC
3,OCEAN HILL,02 TWO FAMILY DWELLINGS,1,1506,9,B9,654 DECATUR STREET,11233.0,2.0,0.0,2.0,1800.0,2430.0,1910.0,1,B9,1107250,2019-03-01,brooklyn,654 DECATUR STREET NYC
2,SOUNDVIEW,02 TWO FAMILY DWELLINGS,1,3520,48,B2,563 ST LAWRENCE AVENUE,10473.0,2.0,0.0,2.0,2958.0,2745.0,1935.0,1,B2,589790,2019-10-06,bronx,563 ST LAWRENCE AVENUE NYC
5,STAPLETON,02 TWO FAMILY DWELLINGS,1,613,96,B3,16 MURRAY PLACE,10304.0,2.0,0.0,2.0,4048.0,1832.0,1901.0,1,B3,499999,2019-05-13,statenisland,16 MURRAY PLACE NYC
3,BAY RIDGE,01 ONE FAMILY DWELLINGS,1,5891,93,A5,7110 BENNETT COURT,11209.0,1.0,0.0,1.0,1625.0,1312.0,1915.0,1,A5,815000,2019-09-10,brooklyn,7110 BENNETT COURT NYC
5,MANOR HEIGHTS,02 TWO FAMILY DWELLINGS,1,796,149,B2,58 HAROLD STREET,10314.0,2.0,0.0,2.0,2500.0,1440.0,2003.0,1,B2,615000,2019-09-30,statenisland,58 HAROLD STREET NYC
2,WOODLAWN,01 ONE FAMILY DWELLINGS,1,3370,43,A1,129 EAST 235 STREET,10470.0,1.0,0.0,1.0,3000.0,1773.0,1925.0,1,A1,590000,2019-06-26,bronx,129 EAST 235 STREET NYC
3,EAST NEW YORK,02 TWO FAMILY DWELLINGS,1,3758,41,B1,360 BRADFORD STREET,11207.0,2.0,0.0,2.0,1900.0,1900.0,1901.0,1,B1,850000,2019-10-18,brooklyn,360 BRADFORD STREET NYC
3,CYPRESS HILLS,02 TWO FAMILY DWELLINGS,1,4150,7,B1,283 LINCOLN AVENUE,11208.0,2.0,0.0,2.0,1750.0,2128.0,1910.0,1,B1,640000,2019-09-06,brooklyn,283 LINCOLN AVENUE NYC
5,MIDLAND BEACH,01 ONE FAMILY DWELLINGS,1,3815,14,A5,292 COLONY AVENUE,10306.0,1.0,0.0,1.0,2000.0,1500.0,2006.0,1,A5,515000,2019-11-27,statenisland,292 COLONY AVENUE NYC
5,MANOR HEIGHTS,01 ONE FAMILY DWELLINGS,1,770,47,A5,20 WELLBROOK AVENUE,10314.0,1.0,0.0,1.0,1900.0,1200.0,2005.0,1,A5,515000,2019-03-01,statenisland,20 WELLBROOK AVENUE NYC
2,MORRIS PARK/VAN NEST,01 ONE FAMILY DWELLINGS,1,4091,11,A5,1663 FOWLER AVENUE,10462.0,1.0,0.0,1.0,2142.0,1272.0,1950.0,1,A5,570000,2019-12-19,bronx,1663 FOWLER AVENUE NYC
2,SOUNDVIEW,01 ONE FAMILY DWELLINGS,1,3881,8,A1,1801 MCGRAW AVENUE,10472.0,1.0,0.0,1.0,3000.0,2007.0,1925.0,1,A1,380250,2019-01-10,bronx,1801 MCGRAW AVENUE NYC
5,CLOVE LAKES,01 ONE FAMILY DWELLINGS,1,258,94,A1,887 BARD AVENUE,10301.0,1.0,0.0,1.0,4620.0,2200.0,1999.0,1,A1,825000,2019-08-16,statenisland,887 BARD AVENUE NYC
4,HOLLIS,01 ONE FAMILY DWELLINGS,1,10351,6,A2,186-02 ELMIRA AVENUE,11412.0,1.0,0.0,1.0,4000.0,1200.0,1945.0,1,A2,346500,2019-02-28,queens,186-02 ELMIRA AVENUE NYC
4,RICHMOND HILL,02 TWO FAMILY DWELLINGS,1,9317,56,B3,110-06 91ST AVENUE,11418.0,2.0,0.0,2.0,1650.0,1200.0,1920.0,1,B3,730000,2019-09-16,queens,110-06 91ST AVENUE NYC
4,ELMHURST,01 ONE FAMILY DWELLINGS,1,1506,31,A1,41-19 JUDGE STREET,11373.0,1.0,0.0,1.0,2500.0,1760.0,1910.0,1,A1,999000,2019-07-29,queens,41-19 JUDGE STREET NYC
4,FLUSHING-NORTH,07 RENTALS - WALKUP APARTMENTS,2A,5440,36,C3,45-09 161 STREET,11358.0,4.0,0.0,4.0,3400.0,2780.0,1975.0,2,C3,995000,2019-11-20,queens,45-09 161 STREET NYC
3,BERGEN BEACH,01 ONE FAMILY DWELLINGS,1,8443,3,A1,7417 AVENUE W,11234.0,1.0,0.0,1.0,2862.0,1697.0,2017.0,1,A1,916425,2019-06-20,brooklyn,7417 AVENUE W NYC
4,LAURELTON,02 TWO FAMILY DWELLINGS,1,13182,3,B3,138-56 234TH STREET,11422.0,2.0,0.0,2.0,3142.0,1324.0,1925.0,1,B3,350000,2019-09-20,queens,138-56 234TH STREET NYC
5,ROSEBANK,01 ONE FAMILY DWELLINGS,1,2987,21,A1,74 BELL STREET,10305.0,1.0,0.0,1.0,2500.0,1460.0,2007.0,1,A1,539988,2019-07-18,statenisland,74 BELL STREET NYC
2,MOTT HAVEN/PORT MORRIS,27 FACTORIES,4,2317,52,F5,259 EAST 134 STREET,10454.0,0.0,1.0,1.0,2500.0,4575.0,1931.0,4,F5,1500000,2019-01-28,bronx,259 EAST 134 STREET NYC
2,FORDHAM,01 ONE FAMILY DWELLINGS,1,3293,66,A1,2591 BAINBRIDGE AVE,10458.0,1.0,0.0,1.0,3851.0,1794.0,1915.0,1,A1,525000,2019-01-28,bronx,2591 BAINBRIDGE AVE NYC
3,BOROUGH PARK,02 TWO FAMILY DWELLINGS,1,5520,67,B3,1929 61ST STREET,11204.0,2.0,0.0,2.0,2000.0,1536.0,1930.0,1,B3,1080000,2019-09-20,brooklyn,1929 61ST STREET NYC
4,ASTORIA,01 ONE FAMILY DWELLINGS,1,728,31,A2,46-12 30TH ROAD,11103.0,1.0,0.0,1.0,2700.0,638.0,1901.0,1,A2,850000,2019-07-29,queens,46-12 30TH ROAD NYC
3,EAST NEW YORK,02 TWO FAMILY DWELLINGS,1,4168,14,B9,134 GLEN STREET,11208.0,2.0,0.0,2.0,2500.0,2040.0,1955.0,1,B9,490000,2019-03-27,brooklyn,134 GLEN STREET NYC
3,BENSONHURST,02 TWO FAMILY DWELLINGS,1,6225,62,B1,7504 17TH AVENUE,11214.0,2.0,0.0,2.0,1656.0,1420.0,1930.0,1,B1,1030000,2019-02-21,brooklyn,7504 17TH AVENUE NYC
4,FLUSHING-NORTH,01 ONE FAMILY DWELLINGS,1,4920,36,A5,29-60 167TH STREET,11358.0,1.0,0.0,1.0,2258.0,1480.0,1935.0,1,A5,855000,2019-05-08,queens,29-60 167TH STREET NYC
4,BAYSIDE,01 ONE FAMILY DWELLINGS,1,7343,32,A5,46-39 216TH ST,11361.0,1.0,0.0,1.0,2842.0,1368.0,1950.0,1,A5,808000,2019-11-19,queens,46-39 216TH ST NYC
2,KINGSBRIDGE HTS/UNIV HTS,01 ONE FAMILY DWELLINGS,1,3239,87,A1,2689 HEATH AVENUE,10463.0,1.0,0.0,1.0,2500.0,2299.0,1901.0,1,A1,445000,2019-08-30,bronx,2689 HEATH AVENUE NYC
3,MIDWOOD,02 TWO FAMILY DWELLINGS,1,6751,8,B2,1320 AVENUE N,11230.0,2.0,0.0,2.0,2800.0,2640.0,1925.0,1,B2,1370500,2019-07-30,brooklyn,1320 AVENUE N NYC
2,FORDHAM,02 TWO FAMILY DWELLINGS,1,3144,28,B1,2119 TIEBOUT AVENUE,10457.0,2.0,0.0,2.0,3130.0,3520.0,1910.0,1,B1,762928,2019-09-19,bronx,2119 TIEBOUT AVENUE NYC
4,MASPETH,02 TWO FAMILY DWELLINGS,1,2704,89,B3,60-23 56TH DRIVE,11378.0,2.0,0.0,2.0,2500.0,1469.0,1910.0,1,B3,450000,2019-03-06,queens,60-23 56TH DRIVE NYC
2,WILLIAMSBRIDGE,03 THREE FAMILY DWELLINGS,1,4868,16,C0,949 EAST 232 STREET,10466.0,3.0,0.0,3.0,2681.0,2166.0,1930.0,1,C0,395000,2019-02-08,bronx,949 EAST 232 STREET NYC
2,BAYCHESTER,02 TWO FAMILY DWELLINGS,1,4790,47,B1,2938 WICKHAM AVENUE,10469.0,2.0,0.0,2.0,4750.0,1536.0,1940.0,1,B1,775000,2019-12-23,bronx,2938 WICKHAM AVENUE NYC
2,PARKCHESTER,02 TWO FAMILY DWELLINGS,1,4019,34,B2,531 VAN NEST AVE,10460.0,2.0,0.0,2.0,2494.0,1762.0,1910.0,1,B2,755000,2019-12-12,bronx,531 VAN NEST AVE NYC
5,ARROCHAR-SHORE ACRES,01 ONE FAMILY DWELLINGS,1,2831,123,A1,69 SCARBORO AVENUE,10305.0,1.0,0.0,1.0,4000.0,1192.0,1920.0,1,A1,490000,2019-09-26,statenisland,69 SCARBORO AVENUE NYC
4,HOLLIS,01 ONE FAMILY DWELLINGS,1,9895,16,A1,90-69 179TH STREET,11432.0,1.0,0.0,1.0,2500.0,1344.0,1920.0,1,A1,550000,2019-06-27,queens,90-69 179TH STREET NYC
4,GLENDALE,01 ONE FAMILY DWELLINGS,1,3702,21,S1,67-40 MYRTLE AVENUE,11385.0,1.0,1.0,2.0,1800.0,3600.0,1910.0,1,S1,995000,2019-05-02,queens,67-40 MYRTLE AVENUE NYC
2,HUNTS POINT,02 TWO FAMILY DWELLINGS,1,2763,124,B1,722 MANIDA STREET,10474.0,2.0,0.0,2.0,2742.0,2600.0,1930.0,1,B1,650000,2019-11-20,bronx,722 MANIDA STREET NYC
5,ELTINGVILLE,01 ONE FAMILY DWELLINGS,1,5326,29,A2,108 LYNDALE AVENUE,10312.0,1.0,0.0,1.0,4000.0,1144.0,1960.0,1,A2,500000,2019-08-14,statenisland,108 LYNDALE AVENUE NYC
4,WOODHAVEN,01 ONE FAMILY DWELLINGS,1,8978,31,A1,91-48 85TH STREET,11421.0,1.0,0.0,1.0,2000.0,1336.0,1920.0,1,A1,540000,2019-04-16,queens,91-48 85TH STREET NYC
2,BAYCHESTER,02 TWO FAMILY DWELLINGS,1,4883,129,B1,3407 BRUNER AVENUE,10469.0,2.0,0.0,2.0,2063.0,2400.0,2004.0,1,B1,445500,2019-06-21,bronx,3407 BRUNER AVENUE NYC
4,SO. JAMAICA-BAISLEY PARK,01 ONE FAMILY DWELLINGS,1,12202,37,A1,150-72 116TH ROAD,11434.0,1.0,0.0,1.0,2000.0,995.0,1925.0,1,A1,455000,2019-05-29,queens,150-72 116TH ROAD NYC
4,BAYSIDE,02 TWO FAMILY DWELLINGS,1,5980,38,B1,203-34 27TH AVENUE,11360.0,2.0,0.0,2.0,2935.0,1984.0,1988.0,1,B1,1200000,2019-10-08,queens,203-34 27TH AVENUE NYC
2,CASTLE HILL/UNIONPORT,02 TWO FAMILY DWELLINGS,1,3532,120,B2,2023 CICERO AVENUE,10473.0,2.0,0.0,2.0,1800.0,2325.0,1988.0,1,B2,575000,2019-02-14,bronx,2023 CICERO AVENUE NYC
3,BROWNSVILLE,07 RENTALS - WALKUP APARTMENTS,2A,3598,15,C3,423 HERZL STREET,11212.0,4.0,0.0,4.0,2500.0,3000.0,1930.0,2,C3,450000,2019-01-30,brooklyn,423 HERZL STREET NYC
4,QUEENS VILLAGE,01 ONE FAMILY DWELLINGS,1,10633,46,A1,92-47 216TH STREET,11428.0,1.0,0.0,1.0,3200.0,1583.0,1920.0,1,A1,450000,2019-06-06,queens,92-47 216TH STREET NYC
4,SPRINGFIELD GARDENS,01 ONE FAMILY DWELLINGS,1,12710,58,A1,194-05 NASHVILLE BLVD,11413.0,1.0,0.0,1.0,4000.0,1196.0,1930.0,1,A1,501000,2019-09-06,queens,194-05 NASHVILLE BLVD NYC
4,ASTORIA,03 THREE FAMILY DWELLINGS,1,864,140,C0,25-18 23RD AVENUE,11105.0,3.0,0.0,3.0,2000.0,1656.0,1925.0,1,C0,1800000,2019-11-25,queens,25-18 23RD AVENUE NYC
5,LIVINGSTON,01 ONE FAMILY DWELLINGS,1,150,112,A5,24 HOWARD COURT,10310.0,1.0,0.0,1.0,3140.0,1442.0,1925.0,1,A5,400000,2019-11-21,statenisland,24 HOWARD COURT NYC
4,MASPETH,02 TWO FAMILY DWELLINGS,1,2751,4,B2,57-45 64TH STREET,11378.0,2.0,0.0,2.0,1887.0,1760.0,1935.0,1,B2,980000,2019-12-30,queens,57-45 64TH STREET NYC
4,JACKSON HEIGHTS,02 TWO FAMILY DWELLINGS,1,1057,25,B1,25-38 81ST STREET,11370.0,2.0,0.0,2.0,2942.0,2156.0,1950.0,1,B1,970000,2019-07-09,queens,25-38 81ST STREET NYC
4,SPRINGFIELD GARDENS,02 TWO FAMILY DWELLINGS,1,12521,71,B2,174-02 125 AVENUE,11434.0,2.0,0.0,2.0,2697.0,2304.0,2000.0,1,B2,555000,2019-06-14,queens,174-02 125 AVENUE NYC
5,GREAT KILLS,01 ONE FAMILY DWELLINGS,1,5242,42,A2,438 WINCHESTER AVENUE,10312.0,1.0,0.0,1.0,4410.0,1100.0,1960.0,1,A2,465000,2019-02-20,statenisland,438 WINCHESTER AVENUE NYC
4,BAYSIDE,01 ONE FAMILY DWELLINGS,1,6081,7,A5,201-14 33RD AVENUE,11361.0,1.0,0.0,1.0,1888.0,1222.0,1930.0,1,A5,665000,2019-07-15,queens,201-14 33RD AVENUE NYC
2,BAYCHESTER,01 ONE FAMILY DWELLINGS,1,4794,51,A1,2844 WICKHAM AVENUE,10469.0,1.0,0.0,1.0,2375.0,2310.0,1935.0,1,A1,540000,2019-09-18,bronx,2844 WICKHAM AVENUE NYC
3,EAST NEW YORK,03 THREE FAMILY DWELLINGS,1,3789,45,C0,500 NEW JERSEY AVENUE,11207.0,3.0,0.0,3.0,2000.0,3000.0,1901.0,1,C0,870000,2019-09-13,brooklyn,500 NEW JERSEY AVENUE NYC
3,FLATBUSH-EAST,02 TWO FAMILY DWELLINGS,1,7769,48,B1,4322 AVENUE I,11210.0,2.0,0.0,2.0,1950.0,1500.0,1930.0,1,B1,790000,2019-11-20,brooklyn,4322 AVENUE I NYC
5,CASTLETON CORNERS,01 ONE FAMILY DWELLINGS,1,725,68,A2,104 QUINLAN AVENUE,10314.0,1.0,0.0,1.0,4880.0,884.0,1950.0,1,A2,515000,2019-06-25,statenisland,104 QUINLAN AVENUE NYC
3,FLATBUSH-EAST,01 ONE FAMILY DWELLINGS,1,7595,59,A5,932 EAST 32ND STREET,11210.0,1.0,0.0,1.0,2000.0,1400.0,1915.0,1,A5,825000,2019-08-23,brooklyn,932 EAST 32ND STREET NYC
4,SO. JAMAICA-BAISLEY PARK,01 ONE FAMILY DWELLINGS,1,12011,78,A1,117-24 140TH STREET,11436.0,1.0,0.0,1.0,2375.0,1150.0,1930.0,1,A1,376000,2019-11-25,queens,117-24 140TH STREET NYC
3,BEDFORD STUYVESANT,02 TWO FAMILY DWELLINGS,1,1626,33,B3,704 LEXINGTON AVENUE,11221.0,2.0,0.0,2.0,1875.0,1912.0,1905.0,1,B3,800000,2019-05-31,brooklyn,704 LEXINGTON AVENUE NYC
4,SO. JAMAICA-BAISLEY PARK,01 ONE FAMILY DWELLINGS,1,12204,126,A9,150-52 FOCH BOULEVARD,11434.0,1.0,0.0,1.0,1155.0,748.0,1920.0,1,A9,429000,2019-11-12,queens,150-52 FOCH BOULEVARD NYC
4,SOUTH OZONE PARK,02 TWO FAMILY DWELLINGS,1,11629,36,B3,124-07 LINDEN BLVD,11420.0,2.0,0.0,2.0,2500.0,1280.0,1920.0,1,B3,662000,2019-08-13,queens,124-07 LINDEN BLVD NYC
2,COUNTRY CLUB,01 ONE FAMILY DWELLINGS,1,5413,41,A1,1618 KENNELWORTH PLACE,10465.0,1.0,0.0,1.0,2500.0,1487.0,1925.0,1,A1,507500,2019-04-16,bronx,1618 KENNELWORTH PLACE NYC
5,GREAT KILLS,01 ONE FAMILY DWELLINGS,1,5299,37,A5,44 CRISPI LANE,10308.0,1.0,0.0,1.0,2137.0,1660.0,2005.0,1,A5,600000,2019-10-23,statenisland,44 CRISPI LANE NYC
3,MIDWOOD,02 TWO FAMILY DWELLINGS,1,6729,17,B2,1189 EAST 18TH STREET,11230.0,2.0,0.0,2.0,3800.0,2048.0,1920.0,1,B2,383700,2019-12-04,brooklyn,1189 EAST 18TH STREET NYC
2,HUNTS POINT,02 TWO FAMILY DWELLINGS,1,2761,60,B1,896 IRVINE STREET,10474.0,2.0,0.0,2.0,2500.0,2200.0,1910.0,1,B1,484440,2019-02-08,bronx,896 IRVINE STREET NYC
3,BROWNSVILLE,03 THREE FAMILY DWELLINGS,1,3584,31,C0,2135 STRAUSS STREET,11212.0,3.0,0.0,3.0,1600.0,3240.0,2005.0,1,C0,435000,2019-06-14,brooklyn,2135 STRAUSS STREET NYC
5,WEST NEW BRIGHTON,01 ONE FAMILY DWELLINGS,1,73,51,A1,110 CASSIDY PLACE,10301.0,1.0,0.0,1.0,3700.0,1898.0,1910.0,1,A1,475000,2019-09-13,statenisland,110 CASSIDY PLACE NYC
3,MARINE PARK,01 ONE FAMILY DWELLINGS,1,7719,57,A9,1722 EAST 37TH STREET,11234.0,1.0,0.0,1.0,1800.0,1064.0,1925.0,1,A9,677500,2019-03-29,brooklyn,1722 EAST 37TH STREET NYC
4,SOUTH JAMAICA,02 TWO FAMILY DWELLINGS,1,11962,50,B3,111-12 146TH STREET,11435.0,2.0,0.0,2.0,2400.0,1536.0,1930.0,1,B3,729000,2019-05-30,queens,111-12 146TH STREET NYC
4,CORONA,03 THREE FAMILY DWELLINGS,1,1953,16,C0,55-12 VAN DOREN STREET,11368.0,3.0,0.0,3.0,2700.0,2980.0,2015.0,1,C0,980000,2019-04-03,queens,55-12 VAN DOREN STREET NYC
5,NEW DORP-HEIGHTS,02 TWO FAMILY DWELLINGS,1,4394,56,B2,38 THOMAS STREET,10306.0,2.0,0.0,2.0,4500.0,2338.0,1960.0,1,B2,350000,2019-08-08,statenisland,38 THOMAS STREET NYC
4,QUEENS VILLAGE,01 ONE FAMILY DWELLINGS,1,11174,35,A1,104-12 227TH STREET,11429.0,1.0,0.0,1.0,2800.0,1552.0,1935.0,1,A1,375000,2019-03-13,queens,104-12 227TH STREET NYC
5,TOTTENVILLE,02 TWO FAMILY DWELLINGS,1,8036,58,B2,256 BETHEL AVENUE,10307.0,2.0,0.0,2.0,4084.0,2081.0,2014.0,1,B2,920000,2019-09-24,statenisland,256 BETHEL AVENUE NYC
4,SOUTH OZONE PARK,02 TWO FAMILY DWELLINGS,1,11702,12,B3,120-23 135TH STREET,11420.0,2.0,0.0,2.0,3133.0,1888.0,1920.0,1,B3,400000,2019-01-17,queens,120-23 135TH STREET NYC
4,WHITESTONE,02 TWO FAMILY DWELLINGS,1,4664,58,B1,149-24 15 DRIVE,11357.0,2.0,0.0,2.0,2000.0,2120.0,1930.0,1,B1,1080000,2019-05-03,queens,149-24 15 DRIVE NYC
2,CASTLE HILL/UNIONPORT,01 ONE FAMILY DWELLINGS,1,3679,71,A5,2017 TURNBULL AVENUE,10473.0,1.0,0.0,1.0,2060.0,2009.0,1940.0,1,A5,530000,2019-08-29,bronx,2017 TURNBULL AVENUE NYC
2,BRONXDALE,02 TWO FAMILY DWELLINGS,1,4634,29,B3,948 MAGENTA STREET,10469.0,2.0,0.0,2.0,1898.0,2052.0,1935.0,1,B3,379000,2019-09-27,bronx,948 MAGENTA STREET NYC
3,EAST NEW YORK,02 TWO FAMILY DWELLINGS,1,3758,29,B2,338 BRADFORD STREET,11207.0,2.0,0.0,2.0,3000.0,2224.0,1901.0,1,B2,500000,2019-12-11,brooklyn,338 BRADFORD STREET NYC
4,GLENDALE,02 TWO FAMILY DWELLINGS,1,3906,21,B2,108-12 METROPOLITAN AVENUE,11375.0,2.0,0.0,2.0,2875.0,2542.0,1925.0,1,B2,565000,2019-11-22,queens,108-12 METROPOLITAN AVENUE NYC
4,LAURELTON,01 ONE FAMILY DWELLINGS,1,13106,29,A1,134-31 225TH STREET,11413.0,1.0,0.0,1.0,2500.0,1344.0,1925.0,1,A1,365040,2019-01-23,queens,134-31 225TH STREET NYC
5,GREAT KILLS,01 ONE FAMILY DWELLINGS,1,4447,10,A5,157C ARTHUR KILL ROAD,10306.0,1.0,0.0,1.0,936.0,1152.0,1986.0,1,A5,343000,2019-07-29,statenisland,157C ARTHUR KILL ROAD NYC
4,MIDDLE VILLAGE,01 ONE FAMILY DWELLINGS,1,3789,83,A5,68-48 78TH STREET,11379.0,1.0,0.0,1.0,1500.0,1155.0,1925.0,1,A5,525000,2019-03-19,queens,68-48 78TH STREET NYC
3,SHEEPSHEAD BAY,02 TWO FAMILY DWELLINGS,1,7383,47,B1,4361 BEDFORD AVENUE,11229.0,2.0,0.0,2.0,2160.0,2061.0,1940.0,1,B1,560000,2019-02-06,brooklyn,4361 BEDFORD AVENUE NYC
4,RICHMOND HILL,02 TWO FAMILY DWELLINGS,1,9509,36,B2,103-48 106TH STREET,11417.0,2.0,0.0,2.0,2214.0,2440.0,1920.0,1,B2,809000,2019-05-03,queens,103-48 106TH STREET NYC
2,MORRISANIA/LONGWOOD,02 TWO FAMILY DWELLINGS,1,2683,115,B2,552 FOX STREET,10455.0,2.0,0.0,2.0,2300.0,2340.0,1990.0,1,B2,695000,2019-02-22,bronx,552 FOX STREET NYC
4,SPRINGFIELD GARDENS,02 TWO FAMILY DWELLINGS,1,12475,89,B3,179-21 ANDERSON ROAD,11434.0,2.0,0.0,2.0,2400.0,1600.0,1935.0,1,B3,620000,2019-07-01,queens,179-21 ANDERSON ROAD NYC
3,BEDFORD STUYVESANT,02 TWO FAMILY DWELLINGS,1,1730,121,B1,120 ELLERY STREET,11206.0,2.0,0.0,2.0,2318.0,1944.0,1992.0,1,B1,1015000,2019-05-09,brooklyn,120 ELLERY STREET NYC
2,SOUNDVIEW,02 TWO FAMILY DWELLINGS,1,3520,25,B1,540 COMMONWEALTH AVENUE,10473.0,2.0,0.0,2.0,2500.0,3080.0,1935.0,1,B1,584275,2019-02-28,bronx,540 COMMONWEALTH AVENUE NYC
3,MIDWOOD,01 ONE FAMILY DWELLINGS,1,7611,15,A9,1073 EAST 29TH STREET,11210.0,1.0,0.0,1.0,2100.0,1092.0,1925.0,1,A9,810000,2019-09-13,brooklyn,1073 EAST 29TH STREET NYC
4,WHITESTONE,01 ONE FAMILY DWELLINGS,1,4192,34,A5,143-26 21ST ROAD,11357.0,1.0,0.0,1.0,1955.0,1831.0,1970.0,1,A5,837000,2019-08-30,queens,143-26 21ST ROAD NYC
4,ARVERNE,02 TWO FAMILY DWELLINGS,1,16025,28,B1,65-02 DECOSTA AVENUE,11692.0,2.0,0.0,2.0,4319.0,2400.0,2002.0,1,B1,679000,2019-09-05,queens,65-02 DECOSTA AVENUE NYC
3,GRAVESEND,07 RENTALS - WALKUP APARTMENTS,2A,6625,21,C3,1638 WEST 6TH STREET,11223.0,4.0,0.0,4.0,2667.0,3564.0,1928.0,2,C3,1800000,2019-01-29,brooklyn,1638 WEST 6TH STREET NYC
4,SOUTH JAMAICA,02 TWO FAMILY DWELLINGS,1,10257,54,B3,108-18 174TH STREET,11433.0,2.0,0.0,2.0,2650.0,2160.0,1920.0,1,B3,355000,2019-11-14,queens,108-18 174TH STREET NYC
5,NEW DORP,01 ONE FAMILY DWELLINGS,1,3636,10,A1,65 JACQUES AVENUE,10306.0,1.0,0.0,1.0,4000.0,1764.0,1925.0,1,A1,690000,2019-12-27,statenisland,65 JACQUES AVENUE NYC
4,CORONA,02 TWO FAMILY DWELLINGS,1,1748,28,B2,34-40 107TH STREET,11368.0,2.0,0.0,2.0,2470.0,1954.0,1925.0,1,B2,840000,2019-03-07,queens,34-40 107TH STREET NYC
4,ELMHURST,01 ONE FAMILY DWELLINGS,1,1885,44,A1,51-07 94TH ST,11373.0,1.0,0.0,1.0,3443.0,1740.0,1930.0,1,A1,1122095,2019-03-11,queens,51-07 94TH ST NYC
3,FLATLANDS,02 TWO FAMILY DWELLINGS,1,7804,50,B1,1014 EAST 57TH STREET,11234.0,2.0,0.0,2.0,3250.0,2396.0,1960.0,1,B1,810000,2019-11-21,brooklyn,1014 EAST 57TH STREET NYC
2,SOUNDVIEW,01 ONE FAMILY DWELLINGS,1,3469,4,A5,1806 PATTERSON AVENUE,10473.0,1.0,0.0,1.0,2500.0,2228.0,1930.0,1,A5,580000,2019-07-17,bronx,1806 PATTERSON AVENUE NYC
4,BRIARWOOD,01 ONE FAMILY DWELLINGS,1,9742,134,A5,147-58 HOOVER AVENUE,11435.0,1.0,0.0,1.0,2976.0,1088.0,1940.0,1,A5,665000,2019-12-10,queens,147-58 HOOVER AVENUE NYC
2,WAKEFIELD,01 ONE FAMILY DWELLINGS,1,5059,64,A2,4331 MURDOCK AVENUE,10466.0,1.0,0.0,1.0,2438.0,1920.0,1915.0,1,A2,397000,2019-09-09,bronx,4331 MURDOCK AVENUE NYC
5,EMERSON HILL,01 ONE FAMILY DWELLINGS,1,836,11,A5,95 HEWITT AVENUE,10301.0,1.0,0.0,1.0,2422.0,2262.0,2018.0,1,A5,564111,2019-08-29,statenisland,95 HEWITT AVENUE NYC
4,ARVERNE,01 ONE FAMILY DWELLINGS,1,16026,52,A2,65 08 ALMEDA AVENUE,11692.0,1.0,0.0,1.0,2125.0,1608.0,1960.0,1,A2,382621,2019-01-31,queens,65 08 ALMEDA AVENUE NYC
4,GLENDALE,01 ONE FAMILY DWELLINGS,1,3828,59,A9,78-18 79TH PLACE,11385.0,1.0,0.0,1.0,1900.0,1344.0,1910.0,1,A9,680000,2019-08-27,queens,78-18 79TH PLACE NYC
4,ROSEDALE,02 TWO FAMILY DWELLINGS,1,13569,58,B3,243-52 144TH AVENUE,11422.0,2.0,0.0,2.0,3000.0,1596.0,1940.0,1,B3,570000,2019-05-24,queens,243-52 144TH AVENUE NYC
4,ASTORIA,02 TWO FAMILY DWELLINGS,1,587,69,B2,32-80 31ST STREET,11106.0,2.0,0.0,2.0,2021.0,1524.0,1910.0,1,B2,1150000,2019-05-20,queens,32-80 31ST STREET NYC
3,EAST NEW YORK,02 TWO FAMILY DWELLINGS,1,4249,7,B1,559 CHESTNUT STREET,11208.0,2.0,0.0,2.0,1745.0,1716.0,1960.0,1,B1,320000,2019-11-27,brooklyn,559 CHESTNUT STREET NYC
4,RICHMOND HILL,01 ONE FAMILY DWELLINGS,1,9604,19,A1,107-26 125TH ST,11419.0,1.0,0.0,1.0,1942.0,1184.0,1925.0,1,A1,590000,2019-12-18,queens,107-26 125TH ST NYC
3,EAST NEW YORK,07 RENTALS - WALKUP APARTMENTS,2A,4333,45,C3,737 JEROME STREET,11207.0,4.0,0.0,4.0,3000.0,2640.0,1987.0,2,C3,667500,2019-07-12,brooklyn,737 JEROME STREET NYC
2,BAYCHESTER,02 TWO FAMILY DWELLINGS,1,4958,53,B1,3951 HILL AVENUE,10466.0,2.0,0.0,2.0,2660.0,2390.0,2016.0,1,B1,763688,2019-08-21,bronx,3951 HILL AVENUE NYC
4,GLENDALE,02 TWO FAMILY DWELLINGS,1,3843,65,B2,78-42 85 STREET,11385.0,2.0,0.0,2.0,2733.0,2220.0,1925.0,1,B2,900000,2019-08-29,queens,78-42 85 STREET NYC
5,GREAT KILLS,02 TWO FAMILY DWELLINGS,1,5434,18,B2,72 MARGARET STREET,10308.0,2.0,0.0,2.0,4000.0,2400.0,2012.0,1,B2,930000,2019-01-25,statenisland,72 MARGARET STREET NYC
4,SPRINGFIELD GARDENS,01 ONE FAMILY DWELLINGS,1,12679,8,A2,120-08 196TH STREET,11412.0,1.0,0.0,1.0,4000.0,1350.0,1945.0,1,A2,670000,2019-10-23,queens,120-08 196TH STREET NYC
3,BAY RIDGE,02 TWO FAMILY DWELLINGS,1,5907,28,B1,250 72ND STREET,11209.0,2.0,0.0,2.0,2375.0,2204.0,1925.0,1,B1,1220000,2019-01-23,brooklyn,250 72ND STREET NYC
3,CYPRESS HILLS,03 THREE FAMILY DWELLINGS,1,3931,50,C0,160 NORWOOD AVENUE,11208.0,3.0,0.0,3.0,3062.0,2684.0,1931.0,1,C0,530000,2019-05-23,brooklyn,160 NORWOOD AVENUE NYC
5,NEW DORP,02 TWO FAMILY DWELLINGS,1,4058,145,B2,86 MANILA AVENUE,10306.0,2.0,0.0,2.0,4644.0,2150.0,1965.0,1,B2,885000,2019-11-26,statenisland,86 MANILA AVENUE NYC
5,ROSEBANK,01 ONE FAMILY DWELLINGS,1,2842,141,A5,42 LANGERE PLACE,10305.0,1.0,0.0,1.0,1830.0,1800.0,2003.0,1,A5,520000,2019-08-07,statenisland,42 LANGERE PLACE NYC
4,LAURELTON,02 TWO FAMILY DWELLINGS,1,13193,57,B3,228-24 MENTONE AVENUE,11413.0,2.0,0.0,2.0,3142.0,1340.0,1920.0,1,B3,585000,2019-08-22,queens,228-24 MENTONE AVENUE NYC
5,LIVINGSTON,02 TWO FAMILY DWELLINGS,1,78,22,B9,52 KISSEL AVENUE,10310.0,2.0,0.0,2.0,3704.0,1500.0,1955.0,1,B9,650000,2019-01-29,statenisland,52 KISSEL AVENUE NYC
3,OCEAN PARKWAY-NORTH,02 TWO FAMILY DWELLINGS,1,5411,15,B3,773 EAST 4TH STREET,11218.0,2.0,0.0,2.0,3000.0,2810.0,1920.0,1,B3,1600000,2019-03-13,brooklyn,773 EAST 4TH STREET NYC
4,SO. JAMAICA-BAISLEY PARK,01 ONE FAMILY DWELLINGS,1,12350,15,A5,116-39 168TH STREET,11434.0,1.0,0.0,1.0,2200.0,902.0,1935.0,1,A5,478500,2019-12-19,queens,116-39 168TH STREET NYC
4,HOLLIS,01 ONE FAMILY DWELLINGS,1,10558,26,A1,90-23 208TH STREET,11428.0,1.0,0.0,1.0,2300.0,1048.0,1935.0,1,A1,540000,2019-11-20,queens,90-23 208TH STREET NYC
4,SUNNYSIDE,01 ONE FAMILY DWELLINGS,1,209,57,A5,50-52 40TH STREET,11104.0,1.0,0.0,1.0,1900.0,1260.0,1945.0,1,A5,700000,2019-10-01,queens,50-52 40TH STREET NYC
4,RICHMOND HILL,02 TWO FAMILY DWELLINGS,1,9465,8,B2,97-04 125TH STREET,11419.0,2.0,0.0,2.0,1887.0,2248.0,1910.0,1,B2,635000,2019-11-15,queens,97-04 125TH STREET NYC
3,GRAVESEND,02 TWO FAMILY DWELLINGS,1,6670,47,B2,1889 WEST 11TH STREET,11223.0,2.0,0.0,2.0,1900.0,1488.0,1920.0,1,B2,1080000,2019-02-11,brooklyn,1889 WEST 11TH STREET NYC
5,PRINCES BAY,01 ONE FAMILY DWELLINGS,1,6725,71,A5,13 ADMIRALTY LOOP,10309.0,1.0,0.0,1.0,1660.0,2112.0,1989.0,1,A5,406185,2019-08-09,statenisland,13 ADMIRALTY LOOP NYC
4,SOUTH OZONE PARK,02 TWO FAMILY DWELLINGS,1,11767,18,B1,130-33 129TH STREET,11420.0,2.0,0.0,2.0,4000.0,3657.0,2018.0,1,B1,999000,2019-05-30,queens,130-33 129TH STREET NYC
4,CAMBRIA HEIGHTS,01 ONE FAMILY DWELLINGS,1,12822,2,A1,237-11 121ST AVENUE,11411.0,1.0,0.0,1.0,4571.0,1469.0,1950.0,1,A1,470525,2019-05-22,queens,237-11 121ST AVENUE NYC
5,ROSEBANK,01 ONE FAMILY DWELLINGS,1,2987,1,A1,22 FLETCHER STREET,10305.0,1.0,0.0,1.0,3400.0,1484.0,2017.0,1,A1,635000,2019-10-07,statenisland,22 FLETCHER STREET NYC
3,BENSONHURST,03 THREE FAMILY DWELLINGS,1,6344,30,C0,1856 85 STREET,11214.0,3.0,0.0,3.0,2500.0,1781.0,1920.0,1,C0,920000,2019-08-28,brooklyn,1856 85 STREET NYC
2,THROGS NECK,01 ONE FAMILY DWELLINGS,1,5429,13,A2,818 LOGAN AVENUE,10465.0,1.0,0.0,1.0,2800.0,1400.0,1935.0,1,A2,445000,2019-02-28,bronx,818 LOGAN AVENUE NYC
4,NEPONSIT,01 ONE FAMILY DWELLINGS,1,16311,40,A2,228 BEACH 147 STREET,11694.0,1.0,0.0,1.0,4500.0,1395.0,1920.0,1,A2,595000,2019-09-27,queens,228 BEACH 147 STREET NYC
3,MARINE PARK,01 ONE FAMILY DWELLINGS,1,8504,60,A5,1938 EAST 38TH STREET,11234.0,1.0,0.0,1.0,2000.0,1376.0,1930.0,1,A5,807000,2019-10-11,brooklyn,1938 EAST 38TH STREET NYC
2,MORRIS PARK/VAN NEST,01 ONE FAMILY DWELLINGS,1,4113,45,A1,1614 HERING AVE,10461.0,1.0,0.0,1.0,2500.0,1394.0,1920.0,1,A1,518000,2019-09-24,bronx,1614 HERING AVE NYC
4,WHITESTONE,01 ONE FAMILY DWELLINGS,1,4633,35,A1,146-37 21ST AVENUE,11357.0,1.0,0.0,1.0,2500.0,1632.0,1930.0,1,A1,888000,2019-08-15,queens,146-37 21ST AVENUE NYC
1,HARLEM-CENTRAL,01 ONE FAMILY DWELLINGS,1,2024,147,A5,230 WEST 139 STREET,10030.0,1.0,0.0,1.0,1699.0,4216.0,1910.0,1,A5,1719000,2019-09-26,manhattan,230 WEST 139 STREET NYC
3,BATH BEACH,01 ONE FAMILY DWELLINGS,1,6427,21,A1,8805 15TH AVENUE,11228.0,1.0,0.0,1.0,4559.0,1440.0,1920.0,1,A1,999000,2019-05-28,brooklyn,8805 15TH AVENUE NYC
4,MIDDLE VILLAGE,01 ONE FAMILY DWELLINGS,1,3040,38,A5,65-25 78TH STREET,11379.0,1.0,0.0,1.0,1800.0,1308.0,1945.0,1,A5,785000,2019-06-26,queens,65-25 78TH STREET NYC
4,EAST ELMHURST,02 TWO FAMILY DWELLINGS,1,1663,18,B2,27-24 CURTIS STREET,11369.0,2.0,0.0,2.0,3000.0,1800.0,2005.0,1,B2,864686,2019-06-18,queens,27-24 CURTIS STREET NYC
4,FOREST HILLS,01 ONE FAMILY DWELLINGS,1,3339,65,A5,111-29 76TH AVENUE,11375.0,1.0,0.0,1.0,1539.0,2035.0,1930.0,1,A5,1385000,2019-04-01,queens,111-29 76TH AVENUE NYC
5,GREAT KILLS,01 ONE FAMILY DWELLINGS,1,5535,30,A5,555 ELTINGVILLE BLVD,10312.0,1.0,0.0,1.0,2691.0,1440.0,2001.0,1,A5,504171,2019-07-25,statenisland,555 ELTINGVILLE BLVD NYC
4,MIDDLE VILLAGE,01 ONE FAMILY DWELLINGS,1,2918,54,A5,57-57 80TH STREET,11379.0,1.0,0.0,1.0,2217.0,1781.0,1939.0,1,A5,630000,2019-11-14,queens,57-57 80TH STREET NYC
5,WILLOWBROOK,01 ONE FAMILY DWELLINGS,1,790,21,A5,771 WOOLLEY AVENUE,10314.0,1.0,0.0,1.0,2808.0,1606.0,1965.0,1,A9,510000,2019-12-16,statenisland,771 WOOLLEY AVENUE NYC
4,SPRINGFIELD GARDENS,02 TWO FAMILY DWELLINGS,1,12993,128,B2,135-33 CHENEY STREET,11434.0,2.0,0.0,2.0,3774.0,1980.0,1950.0,1,B2,590585,2019-04-24,queens,135-33 CHENEY STREET NYC
3,PARK SLOPE SOUTH,02 TWO FAMILY DWELLINGS,1,1056,19,B3,1 JACKSON PLACE,11215.0,2.0,0.0,2.0,1056.0,1776.0,1901.0,1,B3,1995000,2019-04-22,brooklyn,1 JACKSON PLACE NYC
5,ARROCHAR,01 ONE FAMILY DWELLINGS,1,3074,45,A1,78 WADSWORTH AVENUE,10305.0,1.0,0.0,1.0,2500.0,1200.0,1910.0,1,A1,435000,2019-09-19,statenisland,78 WADSWORTH AVENUE NYC
4,ARVERNE,02 TWO FAMILY DWELLINGS,1,16052,53,B2,69-32 GOUVERNEUR AVENUE,11692.0,2.0,0.0,2.0,2500.0,1692.0,1915.0,1,B2,555000,2019-03-01,queens,69-32 GOUVERNEUR AVENUE NYC
3,BEDFORD STUYVESANT,02 TWO FAMILY DWELLINGS,1,1666,8,B3,313 STUYVESANT AVENUE,11233.0,2.0,0.0,2.0,1950.0,2408.0,1901.0,1,B3,1200000,2019-07-10,brooklyn,313 STUYVESANT AVENUE NYC
4,CAMBRIA HEIGHTS,01 ONE FAMILY DWELLINGS,1,11291,33,A5,115-03 227TH STREET,11411.0,1.0,0.0,1.0,2925.0,784.0,1945.0,1,A5,339690,2019-03-21,queens,115-03 227TH STREET NYC
2,WILLIAMSBRIDGE,02 TWO FAMILY DWELLINGS,1,4834,77,B1,670 EAST 232 STREET,10466.0,2.0,0.0,2.0,2943.0,2288.0,1955.0,1,B1,405000,2019-02-06,bronx,670 EAST 232 STREET NYC
4,ST. ALBANS,01 ONE FAMILY DWELLINGS,1,10272,11,A1,110-51 173RD STREET,11433.0,1.0,0.0,1.0,4000.0,1184.0,1930.0,1,A1,360000,2019-08-23,queens,110-51 173RD STREET NYC
4,FLUSHING-SOUTH,01 ONE FAMILY DWELLINGS,1,6986,27,A5,75-03 167TH STREET,11366.0,1.0,0.0,1.0,1710.0,1224.0,1945.0,1,A5,765000,2019-11-12,queens,75-03 167TH STREET NYC
5,WILLOWBROOK,01 ONE FAMILY DWELLINGS,1,782,70,A5,1145 WILLOWBROOK ROAD,10314.0,1.0,0.0,1.0,3008.0,1440.0,1970.0,1,A5,515000,2019-09-16,statenisland,1145 WILLOWBROOK ROAD NYC
4,JACKSON HEIGHTS,03 THREE FAMILY DWELLINGS,1,1127,29,C0,30-54 79TH STREET,11370.0,3.0,0.0,3.0,2100.0,3441.0,1985.0,1,C0,850000,2019-06-25,queens,30-54 79TH STREET NYC
4,SOUTH OZONE PARK,01 ONE FAMILY DWELLINGS,1,11772,50,A1,129-33 133RD STREET,11420.0,1.0,0.0,1.0,3646.0,812.0,1925.0,1,A1,449000,2019-10-17,queens,129-33 133RD STREET NYC
4,QUEENS VILLAGE,01 ONE FAMILY DWELLINGS,1,11144,3,A1,215-05 111TH ROAD,11429.0,1.0,0.0,1.0,3000.0,1672.0,1930.0,1,A1,618000,2019-01-24,queens,215-05 111TH ROAD NYC
3,FLATBUSH-EAST,03 THREE FAMILY DWELLINGS,1,4991,48,C0,1445 TROY AVENUE,11203.0,3.0,0.0,3.0,1767.0,3196.0,1935.0,1,C0,824250,2019-01-31,brooklyn,1445 TROY AVENUE NYC
2,CROTONA PARK,03 THREE FAMILY DWELLINGS,1,2989,65,C0,1559 VYSE AVENUE,10460.0,3.0,0.0,3.0,1858.0,3054.0,1901.0,1,C0,575000,2019-02-13,bronx,1559 VYSE AVENUE NYC
3,EAST NEW YORK,02 TWO FAMILY DWELLINGS,1,4000,27,B1,438 CLEVELAND ST,11208.0,2.0,0.0,2.0,2250.0,2646.0,2018.0,1,B1,977520,2019-09-26,brooklyn,438 CLEVELAND ST NYC
3,BOROUGH PARK,03 THREE FAMILY DWELLINGS,1,5435,76,C0,1723 46TH STREET,11204.0,3.0,0.0,3.0,2538.0,2360.0,1920.0,1,C0,600000,2019-04-03,brooklyn,1723 46TH STREET NYC
4,SPRINGFIELD GARDENS,01 ONE FAMILY DWELLINGS,1,12475,90,A5,179-19 ANDERSON ROAD,11434.0,1.0,0.0,1.0,2000.0,1600.0,1935.0,1,A5,539000,2019-09-13,queens,179-19 ANDERSON ROAD NYC
3,BERGEN BEACH,03 THREE FAMILY DWELLINGS,1,8412,41,C0,7114 AVENUE T,11234.0,3.0,0.0,3.0,3275.0,3525.0,1960.0,1,C0,925000,2019-01-02,brooklyn,7114 AVENUE T NYC
3,FLATBUSH-CENTRAL,03 THREE FAMILY DWELLINGS,1,5224,18,C0,509 EAST 24TH STREET,11210.0,3.0,0.0,3.0,4000.0,2768.0,1910.0,1,C0,950000,2019-08-29,brooklyn,509 EAST 24TH STREET NYC
2,WAKEFIELD,01 ONE FAMILY DWELLINGS,1,5100,33,A1,1036 EAST 241 STREET,10466.0,1.0,0.0,1.0,2500.0,1377.0,1930.0,1,A1,480000,2019-03-18,bronx,1036 EAST 241 STREET NYC
5,PORT RICHMOND,02 TWO FAMILY DWELLINGS,1,1086,146,B2,37 PORT LANE,10302.0,2.0,0.0,2.0,995.0,1680.0,1998.0,1,B2,455000,2019-08-09,statenisland,37 PORT LANE NYC
2,WAKEFIELD,02 TWO FAMILY DWELLINGS,1,5070,30,B3,712 EAST 239 STREET,10466.0,2.0,0.0,2.0,2450.0,1648.0,1925.0,1,B3,360000,2019-07-24,bronx,712 EAST 239 STREET NYC
3,BROWNSVILLE,02 TWO FAMILY DWELLINGS,1,3535,12,B3,135 GRAFTON STREET,11212.0,2.0,0.0,2.0,2000.0,1490.0,1930.0,1,B3,315000,2019-03-25,brooklyn,135 GRAFTON STREET NYC
3,CANARSIE,01 ONE FAMILY DWELLINGS,1,7908,66,A5,254 EAST 86TH STREET,11236.0,1.0,0.0,1.0,1440.0,864.0,1945.0,1,A5,530000,2019-03-26,brooklyn,254 EAST 86TH STREET NYC
3,MARINE PARK,01 ONE FAMILY DWELLINGS,1,7670,62,A5,1464 EAST 35TH STREET,11234.0,1.0,0.0,1.0,2033.0,2340.0,1945.0,1,A5,740000,2019-09-05,brooklyn,1464 EAST 35TH STREET NYC
3,CANARSIE,02 TWO FAMILY DWELLINGS,1,8075,19,B2,1357 EAST 84TH STREET,11236.0,2.0,0.0,2.0,2000.0,1610.0,1955.0,1,B2,780000,2019-01-18,brooklyn,1357 EAST 84TH STREET NYC
2,BRONXDALE,03 THREE FAMILY DWELLINGS,1,4559,14,C0,2924 YATES AVENUE,10469.0,3.0,0.0,3.0,2500.0,3000.0,1920.0,1,C0,810000,2019-08-08,bronx,2924 YATES AVENUE NYC
3,GRAVESEND,02 TWO FAMILY DWELLINGS,1,7117,56,B1,2165 WEST 10TH STREET,11223.0,2.0,0.0,2.0,2500.0,1600.0,1930.0,1,B1,900000,2019-06-26,brooklyn,2165 WEST 10TH STREET NYC
2,PARKCHESTER,02 TWO FAMILY DWELLINGS,1,4022,15,B2,1631 MELVILLE ST,10460.0,2.0,0.0,2.0,1867.0,1704.0,1901.0,1,B2,600000,2019-05-24,bronx,1631 MELVILLE ST NYC
2,SCHUYLERVILLE/PELHAM BAY,02 TWO FAMILY DWELLINGS,1,4198,20,B3,1829 WILLOW LANE,10461.0,2.0,0.0,2.0,3758.0,1462.0,1925.0,1,B3,585000,2019-08-28,bronx,1829 WILLOW LANE NYC
3,FLATBUSH-EAST,01 ONE FAMILY DWELLINGS,1,4979,41,A5,4523 FOSTER AVENUE,11203.0,1.0,0.0,1.0,1675.0,1216.0,1950.0,1,A5,665000,2019-10-08,brooklyn,4523 FOSTER AVENUE NYC
2,COUNTRY CLUB,01 ONE FAMILY DWELLINGS,1,5459,51,A5,1028 THROGGMORTON AVENUE,10465.0,1.0,0.0,1.0,1800.0,1816.0,1960.0,1,A5,620000,2019-07-19,bronx,1028 THROGGMORTON AVENUE NYC
3,EAST NEW YORK,03 THREE FAMILY DWELLINGS,1,4184,35,C0,104 FORBELL STREET,11208.0,3.0,0.0,3.0,2574.0,3036.0,1910.0,1,C0,760000,2019-09-30,brooklyn,104 FORBELL STREET NYC
4,HOWARD BEACH,01 ONE FAMILY DWELLINGS,1,14004,96,A1,83-11 160TH AVENUE,11414.0,1.0,0.0,1.0,4320.0,2100.0,1965.0,1,A1,550000,2019-04-17,queens,83-11 160TH AVENUE NYC
5,WESTERLEIGH,01 ONE FAMILY DWELLINGS,1,418,5,A1,173 LIVERMORE AVENUE,10314.0,1.0,0.0,1.0,3400.0,1216.0,1920.0,1,A1,595000,2019-05-06,statenisland,173 LIVERMORE AVENUE NYC
4,WHITESTONE,01 ONE FAMILY DWELLINGS,1,4704,31,A5,151-65 18TH AVENUE,11357.0,1.0,0.0,1.0,1600.0,848.0,1910.0,1,A5,615000,2019-08-07,queens,151-65 18TH AVENUE NYC
4,SPRINGFIELD GARDENS,01 ONE FAMILY DWELLINGS,1,12702,54,A1,122-12 MILBURN STREET,11413.0,1.0,0.0,1.0,4725.0,1012.0,1925.0,1,A1,345000,2019-02-19,queens,122-12 MILBURN STREET NYC
5,TOTTENVILLE,02 TWO FAMILY DWELLINGS,1,7854,100,B9,"7262 AMBOY ROAD, E1",10307.0,2.0,0.0,2.0,1876.0,1917.0,2005.0,1,B9,304200,2019-08-09,statenisland,"7262 AMBOY ROAD, E1 NYC"
3,CYPRESS HILLS,02 TWO FAMILY DWELLINGS,1,3912,66,B2,173 RIDGEWOOD AVENUE,11208.0,2.0,0.0,2.0,2100.0,1952.0,1910.0,1,B2,650000,2019-02-28,brooklyn,173 RIDGEWOOD AVENUE NYC
4,ST. ALBANS,02 TWO FAMILY DWELLINGS,1,11016,54,B3,114-43 199TH STREET,11412.0,2.0,0.0,2.0,2000.0,1200.0,1935.0,1,B3,700000,2019-06-18,queens,114-43 199TH STREET NYC
4,MIDDLE VILLAGE,01 ONE FAMILY DWELLINGS,1,2987,61,A5,63-37 77TH STREET,11379.0,1.0,0.0,1.0,1842.0,1188.0,1945.0,1,A5,675000,2019-12-02,queens,63-37 77TH STREET NYC
5,GREAT KILLS,01 ONE FAMILY DWELLINGS,1,5117,77,A1,223 GREENCROFT AVENUE,10308.0,1.0,0.0,1.0,4310.0,2084.0,1965.0,1,A1,500000,2019-06-06,statenisland,223 GREENCROFT AVENUE NYC
3,BENSONHURST,07 RENTALS - WALKUP APARTMENTS,2A,6163,38,C3,6902 21ST AVENUE,11204.0,4.0,0.0,4.0,2200.0,3520.0,1930.0,2,C3,1835000,2019-12-23,brooklyn,6902 21ST AVENUE NYC
4,FLORAL PARK,01 ONE FAMILY DWELLINGS,1,8784,47,A1,254-08 84TH DRIVE,11001.0,1.0,0.0,1.0,3900.0,1696.0,1945.0,1,A1,855000,2019-01-14,queens,254-08 84TH DRIVE NYC
3,EAST NEW YORK,02 TWO FAMILY DWELLINGS,1,4008,29,B1,176 MILFORD STREET,11208.0,2.0,0.0,2.0,1967.0,1866.0,2007.0,1,B1,414000,2019-07-25,brooklyn,176 MILFORD STREET NYC
4,SOUTH OZONE PARK,01 ONE FAMILY DWELLINGS,1,11744,61,A2,133-46 123RD STREET,11420.0,1.0,0.0,1.0,3000.0,800.0,1930.0,1,A2,499950,2019-05-08,queens,133-46 123RD STREET NYC
3,OLD MILL BASIN,01 ONE FAMILY DWELLINGS,1,8364,20,A1,1335 EAST 64TH STREET,11234.0,1.0,0.0,1.0,2000.0,1320.0,1925.0,1,A1,531260,2019-03-26,brooklyn,1335 EAST 64TH STREET NYC
3,OCEAN PARKWAY-NORTH,01 ONE FAMILY DWELLINGS,1,6540,6,A9,414 AVENUE L,11230.0,1.0,0.0,1.0,1900.0,1350.0,1925.0,1,A9,999000,2019-07-15,brooklyn,414 AVENUE L NYC
4,FLUSHING-NORTH,01 ONE FAMILY DWELLINGS,1,6406,57,A1,57-10 146 STREET,11355.0,1.0,0.0,1.0,3910.0,1661.0,1940.0,1,A1,1250000,2019-11-14,queens,57-10 146 STREET NYC
2,SCHUYLERVILLE/PELHAM BAY,01 ONE FAMILY DWELLINGS,1,5403,47,A1,1410 HOLLYWOOD AVENUE,10461.0,1.0,0.0,1.0,2500.0,1488.0,1920.0,1,A1,575000,2019-12-10,bronx,1410 HOLLYWOOD AVENUE NYC
3,BEDFORD STUYVESANT,02 TWO FAMILY DWELLINGS,1,1847,16,B3,354 HALSEY STREET,11216.0,2.0,0.0,2.0,2000.0,2280.0,1910.0,1,B3,1640000,2019-09-16,brooklyn,354 HALSEY STREET NYC
2,PARKCHESTER,03 THREE FAMILY DWELLINGS,1,3913,42,C0,1529 ROSEDALE AVENUE,10460.0,3.0,0.0,3.0,2525.0,2856.0,1901.0,1,C0,685000,2019-08-14,bronx,1529 ROSEDALE AVENUE NYC
3,GRAVESEND,01 ONE FAMILY DWELLINGS,1,6879,32,A5,8715 25TH AVENUE,11214.0,1.0,0.0,1.0,1740.0,1856.0,1950.0,1,A5,938000,2019-04-12,brooklyn,8715 25TH AVENUE NYC
5,PORT RICHMOND,01 ONE FAMILY DWELLINGS,1,1117,61,A5,136 NICHOLAS AVENUE,10302.0,1.0,0.0,1.0,2000.0,1650.0,2006.0,1,A5,446160,2019-10-27,statenisland,136 NICHOLAS AVENUE NYC
3,GRAVESEND,03 THREE FAMILY DWELLINGS,1,6867,34,C0,8617 25TH AVENUE,11214.0,3.0,0.0,3.0,1933.0,2520.0,1955.0,1,C0,1320000,2019-12-20,brooklyn,8617 25TH AVENUE NYC
4,ARVERNE,01 ONE FAMILY DWELLINGS,1,15968,104,A1,413 BEACH 45 STREET,11691.0,1.0,0.0,1.0,2363.0,1515.0,1920.0,1,A1,414000,2019-09-19,queens,413 BEACH 45 STREET NYC
3,FLATBUSH-LEFFERTS GARDEN,02 TWO FAMILY DWELLINGS,1,4814,20,B2,392 FENIMORE STREET,11225.0,2.0,0.0,2.0,1740.0,1960.0,1901.0,1,B2,1480000,2019-06-27,brooklyn,392 FENIMORE STREET NYC
4,SO. JAMAICA-BAISLEY PARK,02 TWO FAMILY DWELLINGS,1,12330,61,B2,166-15 115 AVENUE,11434.0,2.0,0.0,2.0,3800.0,1760.0,1925.0,1,B2,799000,2019-12-10,queens,166-15 115 AVENUE NYC
5,WEST NEW BRIGHTON,02 TWO FAMILY DWELLINGS,1,144,71,B2,403 DAVIS AVENUE,10310.0,2.0,0.0,2.0,4396.0,2232.0,2018.0,1,B2,840056,2019-07-31,statenisland,403 DAVIS AVENUE NYC
3,BERGEN BEACH,01 ONE FAMILY DWELLINGS,1,8449,68,A3,2364 EAST 72ND STREET,11234.0,1.0,0.0,1.0,2558.0,1887.0,1965.0,1,A3,670000,2019-08-07,brooklyn,2364 EAST 72ND STREET NYC
4,SO. JAMAICA-BAISLEY PARK,01 ONE FAMILY DWELLINGS,1,12202,13,A1,150-24 116TH RD,11434.0,1.0,0.0,1.0,2000.0,995.0,1925.0,1,A1,440000,2019-08-05,queens,150-24 116TH RD NYC
5,SOUTH BEACH,01 ONE FAMILY DWELLINGS,1,3353,30,A5,182 QUINTARD STREET,10305.0,1.0,0.0,1.0,2850.0,1250.0,1985.0,1,A5,373600,2019-01-24,statenisland,182 QUINTARD STREET NYC
4,FLORAL PARK,01 ONE FAMILY DWELLINGS,1,8806,25,A0,85-51 263RD STREET,11001.0,1.0,0.0,1.0,4000.0,1105.0,1955.0,1,A0,730000,2019-07-12,queens,85-51 263RD STREET NYC
4,HOLLIS,01 ONE FAMILY DWELLINGS,1,10912,20,A5,109-30 FRANCIS LEWIS BLVD,11429.0,1.0,0.0,1.0,1600.0,1440.0,1940.0,1,A5,515000,2019-07-30,queens,109-30 FRANCIS LEWIS BLVD NYC
3,MARINE PARK,01 ONE FAMILY DWELLINGS,1,7697,63,A5,1546 EAST 36TH STREET,11234.0,1.0,0.0,1.0,2100.0,1552.0,1935.0,1,A5,499000,2019-02-14,brooklyn,1546 EAST 36TH STREET NYC
3,EAST NEW YORK,02 TWO FAMILY DWELLINGS,1,4004,9,B9,371 ESSEX STREET,11208.0,2.0,0.0,2.0,2500.0,2310.0,1910.0,1,B9,715000,2019-01-07,brooklyn,371 ESSEX STREET NYC
4,ROSEDALE,02 TWO FAMILY DWELLINGS,1,13733,21,B2,235-09 BENTLEY ROAD,11422.0,2.0,0.0,2.0,3000.0,1850.0,2003.0,1,B2,431345,2019-09-13,queens,235-09 BENTLEY ROAD NYC
4,HOLLIS,01 ONE FAMILY DWELLINGS,1,10480,59,A1,93-22 FRANCIS LEWIS BLVD,11428.0,1.0,0.0,1.0,2500.0,1216.0,1925.0,1,A1,490000,2019-08-15,queens,93-22 FRANCIS LEWIS BLVD NYC
4,BAYSIDE,02 TWO FAMILY DWELLINGS,1,5944,35,B2,15-31 BELL BLVD,11360.0,2.0,0.0,2.0,3200.0,2899.0,1980.0,1,B2,1325000,2019-01-15,queens,15-31 BELL BLVD NYC
4,BAYSIDE,01 ONE FAMILY DWELLINGS,1,7366,47,A5,48-59 207TH STREET,11364.0,1.0,0.0,1.0,2200.0,836.0,1935.0,1,A5,630000,2019-06-24,queens,48-59 207TH STREET NYC
5,MARINERS HARBOR,01 ONE FAMILY DWELLINGS,1,1171,29,A5,208 DIXON AVENUE,10303.0,1.0,0.0,1.0,2600.0,1536.0,2003.0,1,A5,473500,2019-03-08,statenisland,208 DIXON AVENUE NYC
4,QUEENS VILLAGE,01 ONE FAMILY DWELLINGS,1,11168,61,A1,221-17 105TH AVENUE,11429.0,1.0,0.0,1.0,2600.0,1216.0,1930.0,1,A1,543000,2019-05-16,queens,221-17 105TH AVENUE NYC
4,RIDGEWOOD,02 TWO FAMILY DWELLINGS,1,3475,9,B1,58-32 69TH AVENUE,11385.0,2.0,0.0,2.0,2017.0,3420.0,1901.0,1,B1,399080,2019-05-20,queens,58-32 69TH AVENUE NYC
4,ST. ALBANS,01 ONE FAMILY DWELLINGS,1,11038,7,A1,197-09 116TH AVENUE,11412.0,1.0,0.0,1.0,2800.0,1376.0,1925.0,1,A1,570000,2019-11-25,queens,197-09 116TH AVENUE NYC
4,JACKSON HEIGHTS,01 ONE FAMILY DWELLINGS,1,1387,41,A5,89-07 31ST AVENUE,11369.0,1.0,0.0,1.0,1900.0,1280.0,1930.0,1,A5,775000,2019-02-01,queens,89-07 31ST AVENUE NYC
4,OZONE PARK,02 TWO FAMILY DWELLINGS,1,9011,3,B3,94-06 82ND PLACE,11416.0,2.0,0.0,2.0,1900.0,1280.0,1925.0,1,B3,461370,2019-11-20,queens,94-06 82ND PLACE NYC
4,MIDDLE VILLAGE,01 ONE FAMILY DWELLINGS,1,2938,15,A5,61-12 81 ST,11379.0,1.0,0.0,1.0,2000.0,1460.0,1950.0,1,A5,480000,2019-09-12,queens,61-12 81 ST NYC
5,WEST NEW BRIGHTON,02 TWO FAMILY DWELLINGS,1,228,46,B2,35 FLOYD STREET,10310.0,2.0,0.0,2.0,4000.0,1680.0,1920.0,1,B2,570000,2019-12-12,statenisland,35 FLOYD STREET NYC
3,OLD MILL BASIN,01 ONE FAMILY DWELLINGS,1,8385,8,A1,1493 EAST 63RD STREET,11234.0,1.0,0.0,1.0,4500.0,1150.0,1915.0,1,A1,396666,2019-05-23,brooklyn,1493 EAST 63RD STREET NYC
3,FLATBUSH-NORTH,07 RENTALS - WALKUP APARTMENTS,2A,4604,24,C3,104 EAST 51ST STREET,11203.0,4.0,0.0,4.0,3000.0,3643.0,1930.0,2,C3,1400000,2019-03-14,brooklyn,104 EAST 51ST STREET NYC
4,SPRINGFIELD GARDENS,02 TWO FAMILY DWELLINGS,1,12584,24,B2,166-10 140 AVENUE,11434.0,2.0,0.0,2.0,2908.0,1984.0,2007.0,1,B2,735000,2019-06-20,queens,166-10 140 AVENUE NYC
3,FLATBUSH-EAST,22 STORE BUILDINGS,4,5015,1,K1,4021 GLENWOOD ROAD,11210.0,0.0,4.0,4.0,3800.0,3800.0,1930.0,4,K1,774000,2019-01-23,brooklyn,4021 GLENWOOD ROAD NYC
4,SOUTH JAMAICA,02 TWO FAMILY DWELLINGS,1,10334,32,B1,177-62 106TH AVENUE,11433.0,2.0,0.0,2.0,2500.0,1600.0,1930.0,1,B1,411000,2019-04-01,queens,177-62 106TH AVENUE NYC
3,BUSHWICK,03 THREE FAMILY DWELLINGS,1,3410,62,C0,125 ELDERT STREET,11207.0,3.0,0.0,3.0,2000.0,4260.0,2004.0,1,C0,870000,2019-02-11,brooklyn,125 ELDERT STREET NYC
2,THROGS NECK,02 TWO FAMILY DWELLINGS,1,5521,95,B1,152 PRENTISS AVENUE,10465.0,2.0,0.0,2.0,3065.0,3900.0,2002.0,1,B1,850000,2019-09-30,bronx,152 PRENTISS AVENUE NYC
3,WILLIAMSBURG-SOUTH,21 OFFICE BUILDINGS,4,2131,17,O2,132 BROADWAY,11249.0,0.0,1.0,1.0,1065.0,1500.0,1920.0,4,O2,1200000,2019-11-26,brooklyn,132 BROADWAY NYC
2,BRONXDALE,03 THREE FAMILY DWELLINGS,1,4598,25,C0,3207 WALLACE AVENUE,10467.0,3.0,0.0,3.0,3500.0,3909.0,1901.0,1,C0,610980,2019-02-28,bronx,3207 WALLACE AVENUE NYC
4,OZONE PARK,02 TWO FAMILY DWELLINGS,1,9052,22,B3,97-32 82ND STREET,11416.0,2.0,0.0,2.0,1942.0,1608.0,1920.0,1,B3,800000,2019-11-25,queens,97-32 82ND STREET NYC
4,HOLLIS,01 ONE FAMILY DWELLINGS,1,10353,143,A5,183-31 HENDERSON AVENUE,11423.0,1.0,0.0,1.0,1800.0,1683.0,1950.0,1,A5,517000,2019-12-13,queens,183-31 HENDERSON AVENUE NYC
5,MARINERS HARBOR,01 ONE FAMILY DWELLINGS,1,1222,57,A5,300 VAN PELT AVENUE,10303.0,1.0,0.0,1.0,2825.0,840.0,2002.0,1,A5,399000,2019-02-15,statenisland,300 VAN PELT AVENUE NYC
4,MASPETH,01 ONE FAMILY DWELLINGS,1,2702,137,A5,60-25 56TH AVENUE,11378.0,1.0,0.0,1.0,2000.0,1800.0,1960.0,1,A5,630000,2019-02-14,queens,60-25 56TH AVENUE NYC
2,WESTCHESTER,07 RENTALS - WALKUP APARTMENTS,2A,3972,45,C3,1560 PARKER STREET,10462.0,4.0,0.0,4.0,2375.0,4000.0,1926.0,2,C3,450000,2019-05-21,bronx,1560 PARKER STREET NYC
3,CROWN HEIGHTS,02 TWO FAMILY DWELLINGS,1,1290,59,B9,321 CROWN STREET,11225.0,2.0,0.0,2.0,2747.0,2304.0,1910.0,1,B9,975000,2019-04-02,brooklyn,321 CROWN STREET NYC
4,FLUSHING-NORTH,02 TWO FAMILY DWELLINGS,1,5141,46,B3,43-09 BYRD STREET,11355.0,2.0,0.0,2.0,1800.0,2046.0,1950.0,1,B3,1300000,2019-03-15,queens,43-09 BYRD STREET NYC
3,BENSONHURST,14 RENTALS - 4-10 UNIT,2A,5559,52,S3,6612 17TH AVENUE,11204.0,3.0,1.0,4.0,1600.0,2800.0,1931.0,2,S3,1050000,2019-08-01,brooklyn,6612 17TH AVENUE NYC
4,ELMHURST,01 ONE FAMILY DWELLINGS,1,2487,33,A5,73-56 52ND ROAD,11378.0,1.0,0.0,1.0,1750.0,2100.0,1945.0,1,A5,800000,2019-07-23,queens,73-56 52ND ROAD NYC
4,FLUSHING-NORTH,01 ONE FAMILY DWELLINGS,1,5411,7,A1,155-17 DELAWARE AVENUE,11355.0,1.0,0.0,1.0,2900.0,1638.0,1910.0,1,A1,960000,2019-11-27,queens,155-17 DELAWARE AVENUE NYC
4,RICHMOND HILL,03 THREE FAMILY DWELLINGS,1,9339,33,C0,87-34 132ND STREET,11418.0,3.0,0.0,3.0,2100.0,2000.0,1935.0,1,C0,415000,2019-05-31,queens,87-34 132ND STREET NYC
4,RIDGEWOOD,02 TWO FAMILY DWELLINGS,1,3385,66,B1,20-21 LINDEN STREET,11385.0,2.0,0.0,2.0,1858.0,1980.0,1901.0,1,B1,845000,2019-04-16,queens,20-21 LINDEN STREET NYC
4,ROSEDALE,01 ONE FAMILY DWELLINGS,1,13224,7,A1,243-07 136TH AVENUE,11422.0,1.0,0.0,1.0,4000.0,1212.0,1925.0,1,A1,570000,2019-08-08,queens,243-07 136TH AVENUE NYC
5,ELTINGVILLE,01 ONE FAMILY DWELLINGS,1,5695,22,A1,86 DETROIT AVENUE,10312.0,1.0,0.0,1.0,4000.0,1372.0,1930.0,1,A1,575000,2019-02-14,statenisland,86 DETROIT AVENUE NYC
3,BEDFORD STUYVESANT,02 TWO FAMILY DWELLINGS,1,1987,44,B2,410 FRANKLIN AVENUE,11238.0,2.0,0.0,2.0,1444.0,2370.0,2004.0,1,B2,1350000,2019-03-08,brooklyn,410 FRANKLIN AVENUE NYC
4,SO. JAMAICA-BAISLEY PARK,02 TWO FAMILY DWELLINGS,1,12066,54,B2,14223 130TH AVENUE,11436.0,2.0,0.0,2.0,2240.0,2016.0,1960.0,1,B2,630000,2019-12-09,queens,14223 130TH AVENUE NYC
4,FRESH MEADOWS,01 ONE FAMILY DWELLINGS,1,7087,13,A1,65-19 180TH STREET,11365.0,1.0,0.0,1.0,4000.0,1987.0,1955.0,1,A1,1496828,2019-11-27,queens,65-19 180TH STREET NYC
4,MIDDLE VILLAGE,01 ONE FAMILY DWELLINGS,1,2988,27,A5,6336 78TH STREET,11379.0,1.0,0.0,1.0,1800.0,1224.0,1940.0,1,A5,765000,2019-10-17,queens,6336 78TH STREET NYC
4,MASPETH,03 THREE FAMILY DWELLINGS,1,2728,90,C0,60-13 59 ROAD,11378.0,3.0,0.0,3.0,3183.0,1648.0,1920.0,1,C0,897000,2019-04-04,queens,60-13 59 ROAD NYC
4,ELMHURST,01 ONE FAMILY DWELLINGS,1,1497,55,A5,41-49 77TH STREET,11373.0,1.0,0.0,1.0,2000.0,1793.0,1910.0,1,A5,543400,2019-04-04,queens,41-49 77TH STREET NYC
2,WESTCHESTER,03 THREE FAMILY DWELLINGS,1,3976,44,C0,2475 TRATMAN AVENUE,10461.0,3.0,0.0,3.0,1734.0,3540.0,2004.0,1,C0,780000,2019-09-19,bronx,2475 TRATMAN AVENUE NYC
3,FLATBUSH-EAST,02 TWO FAMILY DWELLINGS,1,4705,32,B1,5719 KINGS HIGHWAY,11203.0,2.0,0.0,2.0,2400.0,1728.0,1935.0,1,B1,680000,2019-08-01,brooklyn,5719 KINGS HIGHWAY NYC
2,KINGSBRIDGE HTS/UNIV HTS,02 TWO FAMILY DWELLINGS,1,3221,49,S2,1955 ANDREWS AVENUE SOUTH,10453.0,2.0,1.0,3.0,3400.0,2205.0,1920.0,1,S2,557487,2019-03-08,bronx,1955 ANDREWS AVENUE SOUTH NYC
4,ARVERNE,02 TWO FAMILY DWELLINGS,1,16024,25,B2,6-44 BEACH 65 STREET,11692.0,2.0,0.0,2.0,4200.0,2068.0,1994.0,1,B2,406177,2019-06-27,queens,6-44 BEACH 65 STREET NYC
5,ARDEN HEIGHTS,01 ONE FAMILY DWELLINGS,1,5742,89,A5,142 JAMIE LANE,10312.0,1.0,0.0,1.0,500.0,1354.0,1999.0,1,A5,368000,2019-07-01,statenisland,142 JAMIE LANE NYC
5,MIDLAND BEACH,01 ONE FAMILY DWELLINGS,1,3658,43,A9,330 SEAVER AVENUE,10305.0,1.0,0.0,1.0,615.0,1224.0,1978.0,1,A9,510000,2019-06-27,statenisland,330 SEAVER AVENUE NYC
3,MILL BASIN,01 ONE FAMILY DWELLINGS,1,8649,13,A2,2653 EAST 65TH STREET,11234.0,1.0,0.0,1.0,4100.0,2181.0,1960.0,1,A2,840000,2019-10-17,brooklyn,2653 EAST 65TH STREET NYC
3,CYPRESS HILLS,02 TWO FAMILY DWELLINGS,1,4107,32,B3,17 HEMLOCK STREET,11208.0,2.0,0.0,2.0,3000.0,1232.0,1925.0,1,B3,845000,2019-01-28,brooklyn,17 HEMLOCK STREET NYC
2,MORRISANIA/LONGWOOD,03 THREE FAMILY DWELLINGS,1,2752,53,C0,1133 VYSE AVE,10459.0,3.0,0.0,3.0,2000.0,3306.0,1901.0,1,C0,812500,2019-10-28,bronx,1133 VYSE AVE NYC
2,WILLIAMSBRIDGE,03 THREE FAMILY DWELLINGS,1,4697,25,C0,3640 PAULDING AVENUE,10469.0,3.0,0.0,3.0,2065.0,3786.0,1925.0,1,C0,700000,2019-09-27,bronx,3640 PAULDING AVENUE NYC
4,WOODSIDE,02 TWO FAMILY DWELLINGS,1,1225,15,B2,39-37 54TH STREET,11377.0,2.0,0.0,2.0,2500.0,1589.0,1920.0,1,B2,850000,2019-06-18,queens,39-37 54TH STREET NYC
5,RICHMONDTOWN,01 ONE FAMILY DWELLINGS,1,4374,55,A2,104 PINEWOOD AVENUE,10306.0,1.0,0.0,1.0,4000.0,2138.0,1960.0,1,A2,745000,2019-05-28,statenisland,104 PINEWOOD AVENUE NYC
4,LAURELTON,01 ONE FAMILY DWELLINGS,1,13201,4,A1,234-27 137TH AVENUE,11422.0,1.0,0.0,1.0,4281.0,1384.0,1930.0,1,A1,570000,2019-09-30,queens,234-27 137TH AVENUE NYC
4,ST. ALBANS,01 ONE FAMILY DWELLINGS,1,10998,41,A2,113-38 204TH STREET,11412.0,1.0,0.0,1.0,3500.0,1125.0,1945.0,1,A2,370000,2019-07-09,queens,113-38 204TH STREET NYC
4,SOUTH OZONE PARK,02 TWO FAMILY DWELLINGS,1,11702,13,B3,120-19 135TH STREET,11420.0,2.0,0.0,2.0,4177.0,1344.0,1920.0,1,B3,730000,2019-11-27,queens,120-19 135TH STREET NYC
4,FLUSHING-NORTH,02 TWO FAMILY DWELLINGS,1,6352,62,B3,130-11 58TH AVE,11355.0,2.0,0.0,2.0,4000.0,1770.0,1950.0,1,B3,1170000,2019-10-25,queens,130-11 58TH AVE NYC
3,BROWNSVILLE,01 ONE FAMILY DWELLINGS,1,3517,43,A5,84 AMBOY,11212.0,1.0,0.0,1.0,2000.0,1620.0,1987.0,1,A5,525000,2019-03-13,brooklyn,84 AMBOY NYC
3,GRAVESEND,02 TWO FAMILY DWELLINGS,1,6668,60,B2,1865 WEST 13TH STREET,11223.0,2.0,0.0,2.0,3850.0,1904.0,1920.0,1,B2,1130000,2019-09-04,brooklyn,1865 WEST 13TH STREET NYC
4,FOREST HILLS,01 ONE FAMILY DWELLINGS,1,2173,19,A5,108-20 65TH ROAD,11375.0,1.0,0.0,1.0,2000.0,1974.0,1940.0,1,A5,950000,2019-10-29,queens,108-20 65TH ROAD NYC
3,CANARSIE,02 TWO FAMILY DWELLINGS,1,8275,24,B1,1541 EAST 91ST STREET,11236.0,2.0,0.0,2.0,2912.0,2904.0,1960.0,1,B1,641493,2019-11-26,brooklyn,1541 EAST 91ST STREET NYC
3,BERGEN BEACH,01 ONE FAMILY DWELLINGS,1,8448,53,A5,2330 EAST 71ST STREET,11234.0,1.0,0.0,1.0,2717.0,1665.0,1970.0,1,A5,806000,2019-08-19,brooklyn,2330 EAST 71ST STREET NYC
4,ST. ALBANS,01 ONE FAMILY DWELLINGS,1,11063,39,A1,11628 193 STREET,11412.0,1.0,0.0,1.0,2442.0,1428.0,1930.0,1,A1,600000,2019-03-07,queens,11628 193 STREET NYC
3,WILLIAMSBURG-EAST,01 ONE FAMILY DWELLINGS,1,2771,16,A9,190 DEVOE STREET,11211.0,1.0,0.0,1.0,1667.0,1160.0,1920.0,1,A9,1300000,2019-06-28,brooklyn,190 DEVOE STREET NYC
3,CANARSIE,03 THREE FAMILY DWELLINGS,1,8127,2,C0,9421 FOSTER AVENUE,11236.0,3.0,0.0,3.0,2383.0,2080.0,1930.0,1,C0,750000,2019-04-09,brooklyn,9421 FOSTER AVENUE NYC
4,FOREST HILLS,01 ONE FAMILY DWELLINGS,1,3288,18,A3,14 ASCAN AVENUE,11375.0,1.0,0.0,1.0,3692.0,3177.0,1935.0,1,A3,1876000,2019-03-29,queens,14 ASCAN AVENUE NYC
5,ELTINGVILLE,02 TWO FAMILY DWELLINGS,1,5611,52,B2,630 BARLOW AVENUE,10312.0,2.0,0.0,2.0,4000.0,2016.0,1965.0,1,B2,329000,2019-03-25,statenisland,630 BARLOW AVENUE NYC
4,WHITESTONE,01 ONE FAMILY DWELLINGS,1,4192,16,A5,143-01 22ND AVENUE,11357.0,1.0,0.0,1.0,2380.0,1831.0,1970.0,1,A5,880000,2019-02-08,queens,143-01 22ND AVENUE NYC
2,BEDFORD PARK/NORWOOD,02 TWO FAMILY DWELLINGS,1,3309,96,B1,253 EAST 203 STREET,10458.0,2.0,0.0,2.0,3156.0,3024.0,1920.0,1,B1,1000000,2019-04-11,bronx,253 EAST 203 STREET NYC
3,CROWN HEIGHTS,02 TWO FAMILY DWELLINGS,1,1348,30,B1,1706 DEAN STREET,11213.0,2.0,0.0,2.0,1822.0,1989.0,1920.0,1,B1,375000,2019-05-20,brooklyn,1706 DEAN STREET NYC
5,TOMPKINSVILLE,02 TWO FAMILY DWELLINGS,1,575,25,B2,198 VICTORY BOULEVARD,10301.0,2.0,0.0,2.0,4116.0,1936.0,1920.0,1,B2,617000,2019-11-08,statenisland,198 VICTORY BOULEVARD NYC
3,BOROUGH PARK,01 ONE FAMILY DWELLINGS,1,5432,56,A1,1669 45 STREET,11204.0,1.0,0.0,1.0,2663.0,1828.0,1930.0,1,A1,1265000,2019-04-11,brooklyn,1669 45 STREET NYC
4,RICHMOND HILL,01 ONE FAMILY DWELLINGS,1,9392,15,A1,94-26 109TH STREET,11419.0,1.0,0.0,1.0,2142.0,1516.0,1930.0,1,A1,570000,2019-05-01,queens,94-26 109TH STREET NYC
4,GLENDALE,01 ONE FAMILY DWELLINGS,1,3718,69,A5,77-15 64 PLACE,11385.0,1.0,0.0,1.0,2100.0,1440.0,1931.0,1,A5,765000,2019-09-30,queens,77-15 64 PLACE NYC
2,PELHAM GARDENS,01 ONE FAMILY DWELLINGS,1,4488,64,A5,2569 TIEMANN AVENUE,10469.0,1.0,0.0,1.0,2300.0,1946.0,1950.0,1,A5,564000,2019-07-09,bronx,2569 TIEMANN AVENUE NYC
4,FOREST HILLS,01 ONE FAMILY DWELLINGS,1,3282,43,A3,60 INGRAM STREET,11375.0,1.0,0.0,1.0,2867.0,2043.0,1920.0,1,A3,1735000,2019-08-09,queens,60 INGRAM STREET NYC
3,BATH BEACH,02 TWO FAMILY DWELLINGS,1,6393,56,B1,8724 15TH AVENUE,11228.0,2.0,0.0,2.0,2296.0,2160.0,1940.0,1,B1,1320000,2019-06-13,brooklyn,8724 15TH AVENUE NYC
4,FOREST HILLS,01 ONE FAMILY DWELLINGS,1,2183,21,A5,110-30 63RD DRIVE,11375.0,1.0,0.0,1.0,2200.0,1482.0,1945.0,1,A5,905000,2019-10-11,queens,110-30 63RD DRIVE NYC
5,ARDEN HEIGHTS,01 ONE FAMILY DWELLINGS,1,5743,79,A5,253 EMILY LANE,10312.0,1.0,0.0,1.0,500.0,1354.0,1996.0,1,A5,375950,2019-07-25,statenisland,253 EMILY LANE NYC
4,SO. JAMAICA-BAISLEY PARK,01 ONE FAMILY DWELLINGS,1,12336,7,A2,164-14 115 AVENUE,11434.0,1.0,0.0,1.0,3800.0,1004.0,1930.0,1,A2,870000,2019-07-24,queens,164-14 115 AVENUE NYC
3,BUSHWICK,03 THREE FAMILY DWELLINGS,1,3380,36,C0,1186 BUSHWICK AVENUE,11221.0,3.0,0.0,3.0,1800.0,3300.0,1910.0,1,C0,865000,2019-07-19,brooklyn,1186 BUSHWICK AVENUE NYC
3,DYKER HEIGHTS,02 TWO FAMILY DWELLINGS,1,5760,51,B1,1265 67TH STREET,11219.0,2.0,0.0,2.0,1967.0,3107.0,1960.0,1,B1,723827,2019-03-19,brooklyn,1265 67TH STREET NYC
5,GREAT KILLS,02 TWO FAMILY DWELLINGS,1,5447,89,B2,23 ARKANSAS AVENUE,10308.0,2.0,0.0,2.0,2645.0,1240.0,1999.0,1,B2,650000,2019-09-25,statenisland,23 ARKANSAS AVENUE NYC
4,FLUSHING-NORTH,01 ONE FAMILY DWELLINGS,1,5343,12,A1,40-09 168TH STREET,11358.0,1.0,0.0,1.0,4000.0,2010.0,1930.0,1,A1,700000,2019-11-14,queens,40-09 168TH STREET NYC
2,WILLIAMSBRIDGE,01 ONE FAMILY DWELLINGS,1,4700,46,A5,1026 EAST 218 STREET,10469.0,1.0,0.0,1.0,1748.0,992.0,1960.0,1,A5,515000,2019-11-14,bronx,1026 EAST 218 STREET NYC
3,OCEAN PARKWAY-NORTH,01 ONE FAMILY DWELLINGS,1,6639,71,A9,1723 EAST 7TH STREET,11223.0,1.0,0.0,1.0,2129.0,1414.0,1930.0,1,A9,1450000,2019-09-25,brooklyn,1723 EAST 7TH STREET NYC
5,WOODROW,01 ONE FAMILY DWELLINGS,1,6958,8,A5,385 MAGUIRE AVENUE,10309.0,1.0,0.0,1.0,770.0,960.0,1987.0,1,A5,377000,2019-12-09,statenisland,385 MAGUIRE AVENUE NYC
4,BAYSIDE,01 ONE FAMILY DWELLINGS,1,5994,53,A2,209-29 32ND AVENUE,11361.0,1.0,0.0,1.0,4100.0,1100.0,1950.0,1,A2,1050000,2019-11-04,queens,209-29 32ND AVENUE NYC
5,MARINERS HARBOR,01 ONE FAMILY DWELLINGS,1,1234,57,A2,308 NETHERLAND AVENUE,10303.0,1.0,0.0,1.0,2575.0,750.0,1925.0,1,A2,349900,2019-05-01,statenisland,308 NETHERLAND AVENUE NYC
3,CANARSIE,03 THREE FAMILY DWELLINGS,1,7988,2,C0,8321 GLENWOOD ROAD,11236.0,3.0,0.0,3.0,2047.0,2800.0,1960.0,1,C0,800000,2019-09-17,brooklyn,8321 GLENWOOD ROAD NYC
5,WESTERLEIGH,01 ONE FAMILY DWELLINGS,1,465,30,A2,325 DEMOREST AVENUE,10314.0,1.0,0.0,1.0,2720.0,784.0,1930.0,1,A2,590000,2019-04-25,statenisland,325 DEMOREST AVENUE NYC
3,CANARSIE,01 ONE FAMILY DWELLINGS,1,8067,23,A1,1239 EAST 88TH STREET,11236.0,1.0,0.0,1.0,2000.0,1050.0,1915.0,1,A1,325000,2019-07-29,brooklyn,1239 EAST 88TH STREET NYC
3,FLATBUSH-NORTH,14 RENTALS - 4-10 UNIT,2A,4628,4,S3,1026 WINTHROP STREET,11212.0,3.0,1.0,4.0,2000.0,3280.0,1930.0,2,S3,800000,2019-03-11,brooklyn,1026 WINTHROP STREET NYC
4,CAMBRIA HEIGHTS,01 ONE FAMILY DWELLINGS,1,12761,30,A2,118-50 225TH STREET,11411.0,1.0,0.0,1.0,4000.0,880.0,1945.0,1,A2,480000,2019-10-17,queens,118-50 225TH STREET NYC
2,CASTLE HILL/UNIONPORT,02 TWO FAMILY DWELLINGS,1,3608,2,B2,744 PUGSLEY AVENUE,10473.0,2.0,0.0,2.0,1830.0,2167.0,1965.0,1,B2,500000,2019-09-05,bronx,744 PUGSLEY AVENUE NYC
4,GLENDALE,02 TWO FAMILY DWELLINGS,1,3679,44,B1,71-41 66TH PLACE,11385.0,2.0,0.0,2.0,1900.0,2200.0,1901.0,1,B1,850000,2019-10-24,queens,71-41 66TH PLACE NYC
5,ARROCHAR-SHORE ACRES,02 TWO FAMILY DWELLINGS,1,2831,116,B2,6 ANDREASE STREET,10305.0,2.0,0.0,2.0,3338.0,2246.0,2004.0,1,B2,850000,2019-07-19,statenisland,6 ANDREASE STREET NYC
3,DYKER HEIGHTS,01 ONE FAMILY DWELLINGS,1,5954,4,A5,7615 FT HAMILTON PARKWAY,11228.0,1.0,0.0,1.0,2065.0,1480.0,1925.0,1,A5,980000,2019-06-06,brooklyn,7615 FT HAMILTON PARKWAY NYC
4,ELMHURST,01 ONE FAMILY DWELLINGS,1,1870,12,A1,92-30 54TH AVENUE,11373.0,1.0,0.0,1.0,2502.0,2162.0,1930.0,1,A1,1030000,2019-08-27,queens,92-30 54TH AVENUE NYC
5,MIDLAND BEACH,01 ONE FAMILY DWELLINGS,1,3735,3,A5,485 MIDLAND AVENUE,10306.0,1.0,0.0,1.0,2000.0,1800.0,2003.0,1,A5,495000,2019-11-04,statenisland,485 MIDLAND AVENUE NYC
3,CROWN HEIGHTS,02 TWO FAMILY DWELLINGS,1,1407,12,B1,1558 PRESIDENT STREET,11213.0,2.0,0.0,2.0,2492.0,1568.0,1910.0,1,B1,1200000,2019-11-26,brooklyn,1558 PRESIDENT STREET NYC
3,OLD MILL BASIN,01 ONE FAMILY DWELLINGS,1,7899,19,A1,1633 EAST 54TH STREET,11234.0,1.0,0.0,1.0,2175.0,1316.0,1920.0,1,A1,447500,2019-06-20,brooklyn,1633 EAST 54TH STREET NYC
4,RICHMOND HILL,02 TWO FAMILY DWELLINGS,1,9498,22,B3,101-42 131ST STREET,11419.0,2.0,0.0,2.0,2523.0,1446.0,1920.0,1,B3,645000,2019-08-19,queens,101-42 131ST STREET NYC
5,ELTINGVILLE,01 ONE FAMILY DWELLINGS,1,5686,74,A9,55 DIERAUF STREET,10312.0,1.0,0.0,1.0,2400.0,1200.0,1979.0,1,A9,473000,2019-04-18,statenisland,55 DIERAUF STREET NYC
2,CASTLE HILL/UNIONPORT,03 THREE FAMILY DWELLINGS,1,3793,28,C0,1962 ELLIS AVENUE,10472.0,3.0,0.0,3.0,2506.0,2836.0,1930.0,1,C0,700000,2019-10-24,bronx,1962 ELLIS AVENUE NYC
3,BUSHWICK,02 TWO FAMILY DWELLINGS,1,3133,30,B2,39 BEAVER STREET,11206.0,2.0,0.0,2.0,1830.0,1800.0,1920.0,1,B2,790000,2019-06-18,brooklyn,39 BEAVER STREET NYC
3,BEDFORD STUYVESANT,03 THREE FAMILY DWELLINGS,1,1772,56,C0,193 PULASKI STREET,11206.0,3.0,0.0,3.0,2000.0,2820.0,1910.0,1,C0,1300000,2019-05-28,brooklyn,193 PULASKI STREET NYC
3,FLATLANDS,02 TWO FAMILY DWELLINGS,1,7794,54,B1,1842 SCHENECTADY AVENUE,11234.0,2.0,0.0,2.0,3750.0,4009.0,1960.0,1,B1,457563,2019-01-05,brooklyn,1842 SCHENECTADY AVENUE NYC
5,WOODROW,01 ONE FAMILY DWELLINGS,1,7105,148,A5,12 APRICOT COURT,10309.0,1.0,0.0,1.0,3110.0,1424.0,2017.0,1,A5,651680,2019-09-19,statenisland,12 APRICOT COURT NYC
4,CORONA,02 TWO FAMILY DWELLINGS,1,1630,28,B2,101-11 46TH AVENUE,11368.0,2.0,0.0,2.0,2500.0,1748.0,1920.0,1,B2,400000,2019-09-03,queens,101-11 46TH AVENUE NYC
3,BAY RIDGE,01 ONE FAMILY DWELLINGS,1,5953,83,A5,625 77TH STREET,11209.0,1.0,0.0,1.0,2100.0,1666.0,1920.0,1,A5,998000,2019-08-21,brooklyn,625 77TH STREET NYC
3,FLATLANDS,02 TWO FAMILY DWELLINGS,1,7773,42,B1,4710 AVENUE I,11234.0,2.0,0.0,2.0,2050.0,1664.0,1930.0,1,B1,500000,2019-04-29,brooklyn,4710 AVENUE I NYC
4,HOLLIS,01 ONE FAMILY DWELLINGS,1,10556,13,A1,90-43 FRANCIS LEWIS BLVD,11428.0,1.0,0.0,1.0,2500.0,1216.0,1925.0,1,A1,540000,2019-11-01,queens,90-43 FRANCIS LEWIS BLVD NYC
2,WILLIAMSBRIDGE,02 TWO FAMILY DWELLINGS,1,4848,58,B2,832 EAST 224TH STREET,10466.0,2.0,0.0,2.0,2856.0,1736.0,1925.0,1,B2,588000,2019-07-10,bronx,832 EAST 224TH STREET NYC
2,MORRIS PARK/VAN NEST,02 TWO FAMILY DWELLINGS,1,4037,19,B2,1653 HUNT AVENUE,10462.0,2.0,0.0,2.0,2250.0,1480.0,1931.0,1,B2,576000,2019-10-07,bronx,1653 HUNT AVENUE NYC
4,COLLEGE POINT,02 TWO FAMILY DWELLINGS,1,4019,33,B1,114-17 TAIPEI COURT,11356.0,2.0,0.0,2.0,1400.0,2400.0,2017.0,1,B1,610950,2019-12-10,queens,114-17 TAIPEI COURT NYC
4,QUEENS VILLAGE,01 ONE FAMILY DWELLINGS,1,11119,61,A1,21615 110 AVENUE,11429.0,1.0,0.0,1.0,4000.0,1200.0,1930.0,1,A1,400000,2019-08-16,queens,21615 110 AVENUE NYC
4,FLUSHING-NORTH,01 ONE FAMILY DWELLINGS,1,5526,65,A5,45-42 UTOPIA PARKWAY,11358.0,1.0,0.0,1.0,2142.0,819.0,1945.0,1,A5,686000,2019-09-10,queens,45-42 UTOPIA PARKWAY NYC
5,SOUTH BEACH,02 TWO FAMILY DWELLINGS,1,3368,9,B2,363 ATLANTIC AVENUE,10305.0,2.0,0.0,2.0,3750.0,2848.0,2006.0,1,B2,899900,2019-06-11,statenisland,363 ATLANTIC AVENUE NYC
4,ROSEDALE,02 TWO FAMILY DWELLINGS,1,13510,19,B2,230-14 EDGEWOOD AVENUE,11413.0,2.0,0.0,2.0,4237.0,2300.0,2006.0,1,B2,757000,2019-11-27,queens,230-14 EDGEWOOD AVENUE NYC
5,GREAT KILLS-BAY TERRACE,01 ONE FAMILY DWELLINGS,1,5099,40,A5,23 CRANFORD STREET,10308.0,1.0,0.0,1.0,2467.0,1200.0,1964.0,1,A5,475000,2019-01-11,statenisland,23 CRANFORD STREET NYC
3,GRAVESEND,02 TWO FAMILY DWELLINGS,1,6888,43,B3,188 BAY 34TH STREET,11214.0,2.0,0.0,2.0,1933.0,1556.0,1915.0,1,B3,460000,2019-12-24,brooklyn,188 BAY 34TH STREET NYC
3,BENSONHURST,02 TWO FAMILY DWELLINGS,1,6162,23,B1,1942 69TH STREET,11204.0,2.0,0.0,2.0,2800.0,2520.0,1930.0,1,B1,1490000,2019-05-03,brooklyn,1942 69TH STREET NYC
4,BAYSIDE,01 ONE FAMILY DWELLINGS,1,7396,38,A1,48-01 216TH STREET,11364.0,1.0,0.0,1.0,4800.0,1880.0,1935.0,1,A1,550000,2019-08-22,queens,48-01 216TH STREET NYC
3,OCEAN PARKWAY-SOUTH,02 TWO FAMILY DWELLINGS,1,7177,53,B1,2359 EAST 1ST STREET,11223.0,2.0,0.0,2.0,2000.0,1920.0,1920.0,1,B1,1055000,2019-06-11,brooklyn,2359 EAST 1ST STREET NYC
4,QUEENS VILLAGE,01 ONE FAMILY DWELLINGS,1,11126,58,A1,110-48 213 STREET,11429.0,1.0,0.0,1.0,3000.0,1142.0,1920.0,1,A1,500000,2019-11-22,queens,110-48 213 STREET NYC
4,FLUSHING-NORTH,01 ONE FAMILY DWELLINGS,1,5627,8,A0,48-33 192 STREET,11365.0,1.0,0.0,1.0,4800.0,1585.0,1945.0,1,A0,990000,2019-11-08,queens,48-33 192 STREET NYC
4,EAST ELMHURST,02 TWO FAMILY DWELLINGS,1,1109,107,B3,99-18 24 AVENUE,11369.0,2.0,0.0,2.0,4000.0,1897.0,1940.0,1,B3,980000,2019-07-15,queens,99-18 24 AVENUE NYC
4,GLENDALE,01 ONE FAMILY DWELLINGS,1,3817,16,A5,79-44 77 AVENUE,11385.0,1.0,0.0,1.0,2000.0,1312.0,1925.0,1,A5,630000,2019-06-26,queens,79-44 77 AVENUE NYC
5,GRASMERE,01 ONE FAMILY DWELLINGS,1,3169,113,A5,524 ODER AVENUE,10304.0,1.0,0.0,1.0,1526.0,1232.0,2019.0,1,A5,661863,2019-11-20,statenisland,524 ODER AVENUE NYC
5,SOUTH BEACH,01 ONE FAMILY DWELLINGS,1,3411,73,A5,71 MC LAUGHLIN STREET,10305.0,1.0,0.0,1.0,1725.0,1380.0,2004.0,1,A5,554000,2019-08-26,statenisland,71 MC LAUGHLIN STREET NYC
4,FLUSHING-SOUTH,03 THREE FAMILY DWELLINGS,1,6899,23,C0,61-19 171ST STREET,11365.0,3.0,0.0,3.0,2067.0,2960.0,1965.0,1,C0,1500000,2019-04-12,queens,61-19 171ST STREET NYC
3,KENSINGTON,01 ONE FAMILY DWELLINGS,1,5327,69,A1,235 EAST 4TH STREET,11218.0,1.0,0.0,1.0,1800.0,1740.0,1910.0,1,A1,1600000,2019-04-17,brooklyn,235 EAST 4TH STREET NYC
3,MARINE PARK,01 ONE FAMILY DWELLINGS,1,7699,71,A5,1566 EAST 38TH STREET,11234.0,1.0,0.0,1.0,2025.0,1444.0,1925.0,1,A5,570000,2019-05-22,brooklyn,1566 EAST 38TH STREET NYC
3,MADISON,01 ONE FAMILY DWELLINGS,1,7331,36,A5,2058 EAST 27TH STREET,11229.0,1.0,0.0,1.0,1800.0,1224.0,1930.0,1,A5,765000,2019-06-20,brooklyn,2058 EAST 27TH STREET NYC
4,FRESH MEADOWS,01 ONE FAMILY DWELLINGS,1,7212,58,A1,75-43 196TH STREET,11366.0,1.0,0.0,1.0,4000.0,2000.0,1950.0,1,A1,995000,2019-07-29,queens,75-43 196TH STREET NYC
5,GREAT KILLS,01 ONE FAMILY DWELLINGS,1,4579,25,A5,20 JUMEL STREET,10308.0,1.0,0.0,1.0,2500.0,1536.0,1999.0,1,A5,602500,2019-07-18,statenisland,20 JUMEL STREET NYC
4,WOODSIDE,01 ONE FAMILY DWELLINGS,1,1156,1,A5,54-02 32ND AVENUE,11377.0,1.0,0.0,1.0,1890.0,1793.0,1945.0,1,A5,760000,2019-03-29,queens,54-02 32ND AVENUE NYC
4,WHITESTONE,01 ONE FAMILY DWELLINGS,1,4454,17,A1,145-40 5 AVENUE,11357.0,1.0,0.0,1.0,4142.0,1846.0,1955.0,1,A1,965000,2019-08-26,queens,145-40 5 AVENUE NYC
2,WILLIAMSBRIDGE,02 TWO FAMILY DWELLINGS,1,4861,77,B1,952 EAST 226TH STREET,10466.0,2.0,0.0,2.0,2725.0,1388.0,1920.0,1,B1,740000,2019-06-11,bronx,952 EAST 226TH STREET NYC
4,ST. ALBANS,01 ONE FAMILY DWELLINGS,1,10972,10,A5,112-30 197TH STREET,11412.0,1.0,0.0,1.0,2200.0,1224.0,1930.0,1,A5,352000,2019-04-05,queens,112-30 197TH STREET NYC
2,SOUNDVIEW,01 ONE FAMILY DWELLINGS,1,3499,21,A5,428 UNDERHILL AVENUE,10473.0,1.0,0.0,1.0,1800.0,2075.0,1970.0,1,A5,543000,2019-05-15,bronx,428 UNDERHILL AVENUE NYC
3,MARINE PARK,02 TWO FAMILY DWELLINGS,1,7695,24,B1,1539 EAST 33RD STREET,11234.0,2.0,0.0,2.0,2500.0,1680.0,1925.0,1,B1,810000,2019-04-11,brooklyn,1539 EAST 33RD STREET NYC
4,ST. ALBANS,02 TWO FAMILY DWELLINGS,1,12450,35,B3,11856 FARMERS BLVD,11412.0,2.0,0.0,2.0,3045.0,1606.0,1920.0,1,B3,815000,2019-10-01,queens,11856 FARMERS BLVD NYC
4,FLUSHING-NORTH,01 ONE FAMILY DWELLINGS,1,5526,74,A5,45-58 UTOPIA PARKWAY,11358.0,1.0,0.0,1.0,2142.0,819.0,1937.0,1,A5,670000,2019-04-04,queens,45-58 UTOPIA PARKWAY NYC
4,OZONE PARK,02 TWO FAMILY DWELLINGS,1,11480,33,B2,111-26 106 ST,11417.0,2.0,0.0,2.0,1842.0,2008.0,1925.0,1,B2,829000,2019-06-11,queens,111-26 106 ST NYC
4,FLUSHING-NORTH,03 THREE FAMILY DWELLINGS,1,5460,28,C0,46-11 161ST STREET,11358.0,3.0,0.0,3.0,2000.0,2920.0,1989.0,1,C0,1388000,2019-12-27,queens,46-11 161ST STREET NYC
4,OAKLAND GARDENS,01 ONE FAMILY DWELLINGS,1,7623,56,A5,67-19 211TH STREET,11364.0,1.0,0.0,1.0,2500.0,1648.0,1950.0,1,A5,740000,2019-05-10,queens,67-19 211TH STREET NYC
2,BRONXDALE,02 TWO FAMILY DWELLINGS,1,4530,32,B3,2764 FISH,10469.0,2.0,0.0,2.0,2877.0,1216.0,1920.0,1,B3,380250,2019-08-02,bronx,2764 FISH NYC
4,GLENDALE,02 TWO FAMILY DWELLINGS,1,3869,53,B3,82-50 88TH LANE,11385.0,2.0,0.0,2.0,1500.0,1466.0,1930.0,1,B3,550000,2019-08-14,queens,82-50 88TH LANE NYC
4,GLENDALE,02 TWO FAMILY DWELLINGS,1,3655,15,B3,69-04 69TH STREET,11385.0,2.0,0.0,2.0,1973.0,1170.0,1930.0,1,B3,546800,2019-03-05,queens,69-04 69TH STREET NYC
4,FLUSHING-NORTH,02 TWO FAMILY DWELLINGS,1,5667,58,B3,196-23 56TH AVENUE,11365.0,2.0,0.0,2.0,3800.0,2250.0,1950.0,1,B3,600000,2019-03-14,queens,196-23 56TH AVENUE NYC
3,BATH BEACH,02 TWO FAMILY DWELLINGS,1,6364,31,B1,25 BAY 13TH STREET,11214.0,2.0,0.0,2.0,3250.0,3206.0,1960.0,1,B1,1738000,2019-06-28,brooklyn,25 BAY 13TH STREET NYC
4,EAST ELMHURST,02 TWO FAMILY DWELLINGS,1,1408,35,B1,31-58 97TH STREET,11369.0,2.0,0.0,2.0,1950.0,1684.0,1930.0,1,B1,1200000,2019-09-20,queens,31-58 97TH STREET NYC
2,BAYCHESTER,02 TWO FAMILY DWELLINGS,1,4784,10,B9,2943 KINGSLAND AVENUE,10469.0,2.0,0.0,2.0,1692.0,1674.0,1960.0,1,B9,475000,2019-11-14,bronx,2943 KINGSLAND AVENUE NYC
3,CONEY ISLAND,01 ONE FAMILY DWELLINGS,1,6961,81,A1,2673 W. 37TH STREET,11224.0,1.0,0.0,1.0,2275.0,1520.0,1984.0,1,A1,500000,2019-08-14,brooklyn,2673 W. 37TH STREET NYC
3,GRAVESEND,01 ONE FAMILY DWELLINGS,1,6910,27,A9,2604 HARWAY AVENUE,11214.0,1.0,0.0,1.0,1786.0,864.0,1940.0,1,A9,640000,2019-10-21,brooklyn,2604 HARWAY AVENUE NYC
3,KENSINGTON,02 TWO FAMILY DWELLINGS,1,5331,97,B1,139 EAST 8TH STREET,11218.0,2.0,0.0,2.0,3750.0,2284.0,1901.0,1,B1,1320000,2019-11-07,brooklyn,139 EAST 8TH STREET NYC
4,EAST ELMHURST,02 TWO FAMILY DWELLINGS,1,1393,51,B2,30-07 95TH STREET,11369.0,2.0,0.0,2.0,2995.0,1784.0,2002.0,1,B2,1100000,2019-08-28,queens,30-07 95TH STREET NYC
2,THROGS NECK,01 ONE FAMILY DWELLINGS,1,5578,114,A2,2827 MILES AVENUE,10465.0,1.0,0.0,1.0,2866.0,918.0,1930.0,1,A2,324480,2019-07-25,bronx,2827 MILES AVENUE NYC
4,FLUSHING-NORTH,01 ONE FAMILY DWELLINGS,1,4845,72,A2,154-11 24TH ROAD,11357.0,1.0,0.0,1.0,4025.0,1050.0,1950.0,1,A2,835000,2019-03-12,queens,154-11 24TH ROAD NYC
4,SO. JAMAICA-BAISLEY PARK,01 ONE FAMILY DWELLINGS,1,12108,65,A1,149-09 130TH AVENUE,11436.0,1.0,0.0,1.0,2000.0,868.0,1920.0,1,A1,530000,2019-12-04,queens,149-09 130TH AVENUE NYC
4,FRESH MEADOWS,01 ONE FAMILY DWELLINGS,1,7169,17,A1,73-15 181ST STREET,11366.0,1.0,0.0,1.0,4000.0,1991.0,1950.0,1,A1,1600000,2019-07-24,queens,73-15 181ST STREET NYC
4,GLENDALE,03 THREE FAMILY DWELLINGS,1,3665,19,C0,7018 73RD STREET,11385.0,3.0,0.0,3.0,2500.0,2700.0,2006.0,1,C0,974903,2019-08-20,queens,7018 73RD STREET NYC
4,FLUSHING-NORTH,01 ONE FAMILY DWELLINGS,1,5358,6,A1,193-11 42ND AVENUE,11358.0,1.0,0.0,1.0,3325.0,1636.0,1925.0,1,A1,868000,2019-05-31,queens,193-11 42ND AVENUE NYC
5,SOUTH BEACH,01 ONE FAMILY DWELLINGS,1,3394,40,A5,253 QUINTARD STREET,10305.0,1.0,0.0,1.0,2217.0,1240.0,1965.0,1,A5,530000,2019-05-09,statenisland,253 QUINTARD STREET NYC
5,SILVER LAKE,01 ONE FAMILY DWELLINGS,1,277,128,A2,734 BARD AVENUE,10310.0,1.0,0.0,1.0,4400.0,904.0,1950.0,1,A2,593400,2019-10-28,statenisland,734 BARD AVENUE NYC
2,MORRIS PARK/VAN NEST,01 ONE FAMILY DWELLINGS,1,4127,49,A1,1828 COLDEN AVENUE,10462.0,1.0,0.0,1.0,3742.0,2300.0,1915.0,1,A1,625000,2019-03-25,bronx,1828 COLDEN AVENUE NYC
3,BUSHWICK,03 THREE FAMILY DWELLINGS,1,3373,53,C0,19 CORNELIA STREET,11221.0,3.0,0.0,3.0,2000.0,3000.0,1910.0,1,C0,1100000,2019-05-02,brooklyn,19 CORNELIA STREET NYC
4,CORONA,03 THREE FAMILY DWELLINGS,1,2010,125,C0,108-58 54TH STREET,11368.0,3.0,0.0,3.0,1875.0,2752.0,1950.0,1,C0,922500,2019-06-27,queens,108-58 54TH STREET NYC
4,RICHMOND HILL,02 TWO FAMILY DWELLINGS,1,9495,57,B3,127-05 102 ROAD,11419.0,2.0,0.0,2.0,2375.0,1316.0,1915.0,1,B3,680000,2019-10-28,queens,127-05 102 ROAD NYC
4,BELLE HARBOR,03 THREE FAMILY DWELLINGS,1,16236,76,C0,148 BEACH 127TH STREET,11694.0,3.0,0.0,3.0,3200.0,3036.0,1960.0,1,C0,999000,2019-09-18,queens,148 BEACH 127TH STREET NYC
4,FRESH MEADOWS,01 ONE FAMILY DWELLINGS,1,7110,54,A1,6727 181 STREET,11365.0,1.0,0.0,1.0,4000.0,2152.0,1939.0,1,A1,1150000,2019-09-13,queens,6727 181 STREET NYC
4,ASTORIA,02 TWO FAMILY DWELLINGS,1,808,58,B1,21-64 38TH STREET,11105.0,2.0,0.0,2.0,2000.0,1470.0,1930.0,1,B1,900000,2019-10-09,queens,21-64 38TH STREET NYC
5,HUGUENOT,01 ONE FAMILY DWELLINGS,1,6335,1,A2,679 HUGUENOT AVENUE,10312.0,1.0,0.0,1.0,4160.0,2000.0,1970.0,1,A2,560000,2019-03-04,statenisland,679 HUGUENOT AVENUE NYC
2,WILLIAMSBRIDGE,01 ONE FAMILY DWELLINGS,1,4875,49,A5,1010 EAST 229 STREET,10466.0,1.0,0.0,1.0,2790.0,1044.0,1956.0,1,A5,305000,2019-01-11,bronx,1010 EAST 229 STREET NYC
4,BROAD CHANNEL,01 ONE FAMILY DWELLINGS,1,15320,23,A1,20 WEST 15TH ROAD,11693.0,1.0,0.0,1.0,2500.0,1700.0,1935.0,1,A1,565000,2019-07-22,queens,20 WEST 15TH ROAD NYC
4,ST. ALBANS,01 ONE FAMILY DWELLINGS,1,11010,43,A1,194-47 114TH ROAD,11412.0,1.0,0.0,1.0,3000.0,1516.0,1920.0,1,A1,547000,2019-02-21,queens,194-47 114TH ROAD NYC
4,BROAD CHANNEL,01 ONE FAMILY DWELLINGS,1,15323,12,A1,64 WEST 18TH ROAD,11693.0,1.0,0.0,1.0,2500.0,1385.0,1935.0,1,A1,637500,2019-09-23,queens,64 WEST 18TH ROAD NYC
4,RICHMOND HILL,02 TWO FAMILY DWELLINGS,1,9560,44,B2,103-27 123RD STREET,11419.0,2.0,0.0,2.0,2722.0,2088.0,1920.0,1,B2,875000,2019-04-18,queens,103-27 123RD STREET NYC
4,FLUSHING-NORTH,02 TWO FAMILY DWELLINGS,1,5419,128,B1,43-15 161ST STREET,11358.0,2.0,0.0,2.0,3000.0,3368.0,1960.0,1,B1,1300000,2019-12-12,queens,43-15 161ST STREET NYC
4,RIDGEWOOD,02 TWO FAMILY DWELLINGS,1,3493,52,B1,62-76 60TH PLACE,11385.0,2.0,0.0,2.0,2175.0,2160.0,1901.0,1,B1,1145000,2019-10-25,queens,62-76 60TH PLACE NYC
4,SOUTH OZONE PARK,01 ONE FAMILY DWELLINGS,1,11670,5,A0,126-10 115TH AVENUE,11420.0,1.0,0.0,1.0,3300.0,1208.0,1945.0,1,A0,362900,2019-01-18,queens,126-10 115TH AVENUE NYC
4,GLENDALE,02 TWO FAMILY DWELLINGS,1,3731,15,B3,80-26 59 STREET,11385.0,2.0,0.0,2.0,2500.0,1834.0,1920.0,1,B3,385000,2019-08-24,queens,80-26 59 STREET NYC
4,ARVERNE,01 ONE FAMILY DWELLINGS,1,16031,5,A9,512 BEACH 65TH STREET,11692.0,1.0,0.0,1.0,2500.0,1890.0,1960.0,1,A9,395000,2019-04-08,queens,512 BEACH 65TH STREET NYC
3,EAST NEW YORK,02 TWO FAMILY DWELLINGS,1,4360,53,B1,911 CLEVELAND STREET,11208.0,2.0,0.0,2.0,2000.0,2640.0,1970.0,1,B1,457314,2019-05-29,brooklyn,911 CLEVELAND STREET NYC
3,OCEAN PARKWAY-SOUTH,01 ONE FAMILY DWELLINGS,1,7132,47,A9,2239 E 5TH ST,11223.0,1.0,0.0,1.0,2200.0,1264.0,1925.0,1,A9,833000,2019-02-05,brooklyn,2239 E 5TH ST NYC
3,FLATBUSH-EAST,02 TWO FAMILY DWELLINGS,1,7749,56,B3,1192 EAST 46TH STREET,11234.0,2.0,0.0,2.0,2000.0,1196.0,1925.0,1,B3,530000,2019-07-24,brooklyn,1192 EAST 46TH STREET NYC
3,BEDFORD STUYVESANT,02 TWO FAMILY DWELLINGS,1,1927,36,B3,186 SKILLMAN STREET,11205.0,2.0,0.0,2.0,1188.0,1296.0,1901.0,1,B3,1075000,2019-07-30,brooklyn,186 SKILLMAN STREET NYC
4,HOLLIS,01 ONE FAMILY DWELLINGS,1,10486,19,A5,90-34 FRANCIS LEWIS BOULEVARD,11428.0,1.0,0.0,1.0,2000.0,1456.0,1935.0,1,A5,400000,2019-09-25,queens,90-34 FRANCIS LEWIS BOULEVARD NYC
4,WHITESTONE,01 ONE FAMILY DWELLINGS,1,4707,16,A5,151-31 20TH ROAD,11357.0,1.0,0.0,1.0,1800.0,1080.0,1940.0,1,A5,650000,2019-11-19,queens,151-31 20TH ROAD NYC
4,JAMAICA,01 ONE FAMILY DWELLINGS,1,9688,1,A5,88-01 146TH STREET,11435.0,1.0,0.0,1.0,2000.0,1360.0,1920.0,1,A5,680000,2019-08-30,queens,88-01 146TH STREET NYC
4,SPRINGFIELD GARDENS,01 ONE FAMILY DWELLINGS,1,12686,79,A1,198-07 122ND AVENUE,11413.0,1.0,0.0,1.0,2619.0,996.0,1925.0,1,A1,575000,2019-09-26,queens,198-07 122ND AVENUE NYC
4,RIDGEWOOD,02 TWO FAMILY DWELLINGS,1,3566,30,B1,1060 SENECA AVENUE,11385.0,2.0,0.0,2.0,1840.0,2328.0,1920.0,1,B1,950000,2019-09-27,queens,1060 SENECA AVENUE NYC
4,ST. ALBANS,02 TWO FAMILY DWELLINGS,1,11065,58,B3,194-17 116TH ROAD,11412.0,2.0,0.0,2.0,4000.0,1950.0,1920.0,1,B3,545000,2019-11-05,queens,194-17 116TH ROAD NYC
4,SOUTH JAMAICA,02 TWO FAMILY DWELLINGS,1,11932,39,B2,108-24 INWOOD STREET,11435.0,2.0,0.0,2.0,3000.0,2600.0,1930.0,1,B2,620000,2019-05-09,queens,108-24 INWOOD STREET NYC
3,OCEAN HILL,03 THREE FAMILY DWELLINGS,1,1443,47,C0,2421 DEAN STREET,11233.0,3.0,0.0,3.0,2143.0,3000.0,1901.0,1,C0,514000,2019-10-25,brooklyn,2421 DEAN STREET NYC
4,WOODHAVEN,02 TWO FAMILY DWELLINGS,1,8871,16,B1,86-32 WOODHAVEN BOULEVARD,11421.0,2.0,0.0,2.0,1863.0,2096.0,1915.0,1,B1,808000,2019-09-06,queens,86-32 WOODHAVEN BOULEVARD NYC
2,WILLIAMSBRIDGE,02 TWO FAMILY DWELLINGS,1,4833,23,B3,669 EAST 230TH STREET,10466.0,2.0,0.0,2.0,3258.0,1620.0,1915.0,1,B3,510000,2019-12-16,bronx,669 EAST 230TH STREET NYC
4,SPRINGFIELD GARDENS,01 ONE FAMILY DWELLINGS,1,12597,82,A1,170-20 144TH AVENUE,11434.0,1.0,0.0,1.0,3325.0,1152.0,1920.0,1,A1,626000,2019-10-23,queens,170-20 144TH AVENUE NYC
4,ASTORIA,02 TWO FAMILY DWELLINGS,1,692,140,B1,31-09 42ND STREET,11103.0,2.0,0.0,2.0,2030.0,2232.0,2000.0,1,B1,1550000,2019-07-19,queens,31-09 42ND STREET NYC
2,PELHAM PARKWAY NORTH,03 THREE FAMILY DWELLINGS,1,4445,50,C0,2555 RADCLIFF AVENUE,10469.0,3.0,0.0,3.0,2500.0,2979.0,1935.0,1,C0,400000,2019-12-20,bronx,2555 RADCLIFF AVENUE NYC
4,BELLEROSE,01 ONE FAMILY DWELLINGS,1,8619,41,A1,85-28 252ND STREET,11426.0,1.0,0.0,1.0,4000.0,1434.0,1950.0,1,A1,799000,2019-01-28,queens,85-28 252ND STREET NYC
3,CANARSIE,02 TWO FAMILY DWELLINGS,1,8062,27,B2,1231 EAST 83RD STREET,11236.0,2.0,0.0,2.0,2150.0,1840.0,1940.0,1,B2,566422,2019-11-16,brooklyn,1231 EAST 83RD STREET NYC
4,COLLEGE POINT,02 TWO FAMILY DWELLINGS,1,3938,41,B2,7-14 COLLEGE PLACE,11356.0,2.0,0.0,2.0,3736.0,1920.0,1930.0,1,B2,870000,2019-07-25,queens,7-14 COLLEGE PLACE NYC
5,WILLOWBROOK,01 ONE FAMILY DWELLINGS,1,2086,72,A1,73 DREYER AVENUE,10314.0,1.0,0.0,1.0,4000.0,2234.0,1965.0,1,A1,645000,2019-01-15,statenisland,73 DREYER AVENUE NYC
5,GREAT KILLS,01 ONE FAMILY DWELLINGS,1,5482,129,A5,25 GIL COURT,10312.0,1.0,0.0,1.0,1027.0,1195.0,1991.0,1,A5,478000,2019-04-09,statenisland,25 GIL COURT NYC
3,CANARSIE,01 ONE FAMILY DWELLINGS,1,8280,10,A1,9603 AVENUE N,11236.0,1.0,0.0,1.0,3500.0,1248.0,1910.0,1,A1,567000,2019-11-27,brooklyn,9603 AVENUE N NYC
3,EAST NEW YORK,02 TWO FAMILY DWELLINGS,1,3983,28,B1,304 ASHFORD ST,11207.0,2.0,0.0,2.0,945.0,1612.0,1901.0,1,B1,667085,2019-07-12,brooklyn,304 ASHFORD ST NYC
4,MIDDLE VILLAGE,01 ONE FAMILY DWELLINGS,1,3064,32,A1,77-15 66TH DRIVE,11379.0,1.0,0.0,1.0,2342.0,1248.0,1930.0,1,A1,702000,2019-09-06,queens,77-15 66TH DRIVE NYC
4,ASTORIA,02 TWO FAMILY DWELLINGS,1,642,15,B2,34-35 34 STREET,11106.0,2.0,0.0,2.0,2017.0,1584.0,1910.0,1,B2,1399800,2019-05-31,queens,34-35 34 STREET NYC
4,FAR ROCKAWAY,02 TWO FAMILY DWELLINGS,1,15658,25,B2,22-19 NAMEOKE AVENUE,11691.0,2.0,0.0,2.0,1750.0,2240.0,2005.0,1,B2,550000,2019-04-05,queens,22-19 NAMEOKE AVENUE NYC
4,KEW GARDENS,02 TWO FAMILY DWELLINGS,1,9270,51,B3,85-13 124 ST,11415.0,2.0,0.0,2.0,3680.0,1520.0,1920.0,1,B3,745000,2019-09-05,queens,85-13 124 ST NYC
2,SCHUYLERVILLE/PELHAM BAY,03 THREE FAMILY DWELLINGS,1,4249,8,C0,2020 COLONIAL AVENUE,10461.0,3.0,0.0,3.0,4500.0,2684.0,1925.0,1,C0,850000,2019-01-04,bronx,2020 COLONIAL AVENUE NYC
2,CASTLE HILL/UNIONPORT,01 ONE FAMILY DWELLINGS,1,3509,38,A5,449 HOWE AVENUE,10473.0,1.0,0.0,1.0,3076.0,1630.0,1965.0,1,A5,385000,2019-12-18,bronx,449 HOWE AVENUE NYC
3,FLATBUSH-EAST,38 ASYLUMS AND HOMES,4,7580,12,N9,1079 EAST 34TH STREET,11210.0,0.0,1.0,1.0,3067.0,1400.0,1930.0,4,N9,1089228,2019-04-05,brooklyn,1079 EAST 34TH STREET NYC
4,HOLLIS,01 ONE FAMILY DWELLINGS,1,10478,23,A1,93-46 205 STREET,11423.0,1.0,0.0,1.0,3300.0,1152.0,1930.0,1,A1,588000,2019-09-27,queens,93-46 205 STREET NYC
3,GRAVESEND,02 TWO FAMILY DWELLINGS,1,6873,49,B1,94 BAY 34TH STREET,11214.0,2.0,0.0,2.0,3383.0,2266.0,1925.0,1,B1,1275000,2019-01-31,brooklyn,94 BAY 34TH STREET NYC
3,FLATBUSH-NORTH,02 TWO FAMILY DWELLINGS,1,4867,55,B1,283 EAST 46 STREET,11203.0,2.0,0.0,2.0,2525.0,2496.0,1920.0,1,B1,662500,2019-12-27,brooklyn,283 EAST 46 STREET NYC
3,MADISON,03 THREE FAMILY DWELLINGS,1,7336,65,C0,2053 HARING STREET,11229.0,3.0,0.0,3.0,2134.0,3760.0,1965.0,1,C0,1180000,2019-03-20,brooklyn,2053 HARING STREET NYC
4,FLUSHING-NORTH,01 ONE FAMILY DWELLINGS,1,4864,72,A2,157-17 25TH AVENUE,11357.0,1.0,0.0,1.0,3700.0,1196.0,1950.0,1,A2,939898,2019-09-25,queens,157-17 25TH AVENUE NYC
3,BATH BEACH,02 TWO FAMILY DWELLINGS,1,6465,6,B9,240 BAY 22ND STREET,11214.0,2.0,0.0,2.0,2127.0,1710.0,1940.0,1,B9,998000,2019-04-24,brooklyn,240 BAY 22ND STREET NYC
4,RIDGEWOOD,02 TWO FAMILY DWELLINGS,1,3528,63,B1,60-70 PALMETTO STREET,11385.0,2.0,0.0,2.0,2000.0,3492.0,1920.0,1,B1,374500,2019-11-05,queens,60-70 PALMETTO STREET NYC
3,DYKER HEIGHTS,21 OFFICE BUILDINGS,4,5945,8,O8,7505 FORT HAMILTON PARKWAY,11228.0,1.0,1.0,2.0,1918.0,2750.0,1920.0,4,O8,850000,2019-06-20,brooklyn,7505 FORT HAMILTON PARKWAY NYC
4,WOODHAVEN,14 RENTALS - 4-10 UNIT,2A,8843,124,S9,79-01 JAMAICA AVENUE,11421.0,2.0,2.0,4.0,2076.0,3600.0,1929.0,2,S9,1365000,2019-02-28,queens,79-01 JAMAICA AVENUE NYC
4,HOWARD BEACH,01 ONE FAMILY DWELLINGS,1,14023,10,A1,160-08 86TH STREET,11414.0,1.0,0.0,1.0,3500.0,2000.0,1965.0,1,A1,400000,2019-11-07,queens,160-08 86TH STREET NYC
4,BAYSIDE,02 TWO FAMILY DWELLINGS,1,6175,17,B3,35-24 215TH STREET,11361.0,2.0,0.0,2.0,3842.0,1976.0,1925.0,1,B3,840000,2019-12-02,queens,35-24 215TH STREET NYC
4,WOODHAVEN,01 ONE FAMILY DWELLINGS,1,8947,52,A9,92-31 76TH STREET,11421.0,1.0,0.0,1.0,1609.0,1140.0,1920.0,1,A9,520500,2019-05-21,queens,92-31 76TH STREET NYC
4,ST. ALBANS,02 TWO FAMILY DWELLINGS,1,10988,6,S2,113-35 FARMERS BOULEVARD,11412.0,2.0,1.0,3.0,1415.0,2412.0,1920.0,1,S2,768500,2019-01-11,queens,113-35 FARMERS BOULEVARD NYC
4,FAR ROCKAWAY,01 ONE FAMILY DWELLINGS,1,15525,13,S1,1428 BEACH CHANNEL DRIVE,11691.0,1.0,1.0,2.0,4629.0,2808.0,1920.0,1,S1,360000,2019-11-20,queens,1428 BEACH CHANNEL DRIVE NYC
2,COUNTRY CLUB,01 ONE FAMILY DWELLINGS,1,5484,40,A2,643 WILCOX AVENUE,10465.0,1.0,0.0,1.0,2500.0,970.0,1920.0,1,A2,325000,2019-01-31,bronx,643 WILCOX AVENUE NYC
4,RICHMOND HILL,01 ONE FAMILY DWELLINGS,1,9536,83,A1,104-17 113TH STREET,11419.0,1.0,0.0,1.0,1888.0,1476.0,1925.0,1,A1,480000,2019-12-20,queens,104-17 113TH STREET NYC
2,SOUNDVIEW,02 TWO FAMILY DWELLINGS,1,3717,46,B3,1049 STRATFORD AVE,10472.0,2.0,0.0,2.0,2825.0,1640.0,1940.0,1,B3,545000,2019-04-19,bronx,1049 STRATFORD AVE NYC
4,FLUSHING-NORTH,01 ONE FAMILY DWELLINGS,1,5597,1,A2,174-03 174TH STREET,11365.0,1.0,0.0,1.0,4700.0,1300.0,1950.0,1,A2,990000,2019-01-09,queens,174-03 174TH STREET NYC
2,PARKCHESTER,22 STORE BUILDINGS,4,3946,54,K2,2111 STARLING AVENUE,10462.0,0.0,2.0,2.0,2940.0,3976.0,1996.0,4,K2,1950000,2019-03-20,bronx,2111 STARLING AVENUE NYC
4,SPRINGFIELD GARDENS,02 TWO FAMILY DWELLINGS,1,12299,50,B1,134-55 160TH STREET,11434.0,2.0,0.0,2.0,3200.0,1942.0,1987.0,1,B1,625000,2019-07-02,queens,134-55 160TH STREET NYC
3,BEDFORD STUYVESANT,01 ONE FAMILY DWELLINGS,1,1839,56,A9,207 HALSEY STREET,11216.0,1.0,0.0,1.0,1875.0,2025.0,1901.0,1,A9,1720000,2019-06-20,brooklyn,207 HALSEY STREET NYC
4,FLORAL PARK,01 ONE FAMILY DWELLINGS,1,8760,54,A0,82-30 267TH STREET,11004.0,1.0,0.0,1.0,4000.0,1100.0,1945.0,1,A0,680000,2019-02-08,queens,82-30 267TH STREET NYC
3,MARINE PARK,02 TWO FAMILY DWELLINGS,1,7714,55,B3,1730 EAST 32ND STREET,11234.0,2.0,0.0,2.0,2000.0,1552.0,1925.0,1,B3,815000,2019-02-14,brooklyn,1730 EAST 32ND STREET NYC
3,GRAVESEND,01 ONE FAMILY DWELLINGS,1,7080,40,A9,1984 WEST 8TH STREET,11223.0,1.0,0.0,1.0,2300.0,1056.0,1925.0,1,A9,825000,2019-02-22,brooklyn,1984 WEST 8TH STREET NYC
2,BRONXDALE,01 ONE FAMILY DWELLINGS,1,4564,140,A5,2907 DEWITT PLACE,10469.0,1.0,0.0,1.0,1520.0,1536.0,1950.0,1,A5,430000,2019-07-10,bronx,2907 DEWITT PLACE NYC
2,SOUNDVIEW,01 ONE FAMILY DWELLINGS,1,3472,28,A1,354 LELAND AVENUE,10473.0,1.0,0.0,1.0,2500.0,1088.0,1920.0,1,A1,630000,2019-09-23,bronx,354 LELAND AVENUE NYC
2,PARKCHESTER,03 THREE FAMILY DWELLINGS,1,3913,54,C0,1733 MANSION STREET,10460.0,3.0,0.0,3.0,1000.0,2160.0,2007.0,1,C0,730000,2019-03-27,bronx,1733 MANSION STREET NYC
4,HOLLIS,01 ONE FAMILY DWELLINGS,1,10480,41,A1,93-19 205TH STREET,11423.0,1.0,0.0,1.0,3300.0,1152.0,1930.0,1,A1,455000,2019-09-12,queens,93-19 205TH STREET NYC
3,CANARSIE,01 ONE FAMILY DWELLINGS,1,8198,124,A1,1243 REMSEN AVENUE,11236.0,1.0,0.0,1.0,1658.0,1782.0,1955.0,1,A1,555000,2019-03-26,brooklyn,1243 REMSEN AVENUE NYC
4,RICHMOND HILL,02 TWO FAMILY DWELLINGS,1,9417,42,B1,97-30 116TH STREET,11419.0,2.0,0.0,2.0,2785.0,2854.0,2010.0,1,B1,1034353,2019-03-04,queens,97-30 116TH STREET NYC
3,OCEAN HILL,02 TWO FAMILY DWELLINGS,1,1573,30,B9,8 JARDINE PLACE,11233.0,2.0,0.0,2.0,1564.0,2040.0,1920.0,1,B9,313500,2019-07-12,brooklyn,8 JARDINE PLACE NYC
4,SPRINGFIELD GARDENS,22 STORE BUILDINGS,4,13413,50,K4,150-19 GUY R. BREWER BLVD,11434.0,0.0,1.0,1.0,2978.0,4000.0,1967.0,4,K4,1000000,2019-04-12,queens,150-19 GUY R. BREWER BLVD NYC
4,FAR ROCKAWAY,01 ONE FAMILY DWELLINGS,1,15573,115,A0,12-30A CAFFREY AVENUE,11691.0,1.0,0.0,1.0,4500.0,1017.0,1945.0,1,A0,812000,2019-02-13,queens,12-30A CAFFREY AVENUE NYC
5,ELTINGVILLE,01 ONE FAMILY DWELLINGS,1,5717,47,A5,37 CROWN COURT,10312.0,1.0,0.0,1.0,1308.0,1383.0,1992.0,1,A5,420000,2019-04-29,statenisland,37 CROWN COURT NYC
3,OLD MILL BASIN,02 TWO FAMILY DWELLINGS,1,7904,31,B1,1431 EAST 59TH STREET,11234.0,2.0,0.0,2.0,2100.0,2315.0,1935.0,1,B1,725000,2019-10-23,brooklyn,1431 EAST 59TH STREET NYC
2,BRONXDALE,22 STORE BUILDINGS,4,4600,9,K1,3322 WHITE PLAINS ROAD,10467.0,0.0,1.0,1.0,1350.0,1400.0,1930.0,4,K1,375000,2019-09-17,bronx,3322 WHITE PLAINS ROAD NYC
4,LAURELTON,01 ONE FAMILY DWELLINGS,1,13155,42,A5,134-16 229TH STREET,11413.0,1.0,0.0,1.0,2542.0,1368.0,1930.0,1,A5,420000,2019-03-26,queens,134-16 229TH STREET NYC
4,SPRINGFIELD GARDENS,02 TWO FAMILY DWELLINGS,1,13273,29,B2,144-11 167TH STREET,11434.0,2.0,0.0,2.0,4000.0,1656.0,1940.0,1,B2,475000,2019-05-06,queens,144-11 167TH STREET NYC
5,BULLS HEAD,02 TWO FAMILY DWELLINGS,1,2233,17,B2,35 PLANK ROAD,10314.0,2.0,0.0,2.0,4400.0,2600.0,1970.0,1,B2,460000,2019-06-27,statenisland,35 PLANK ROAD NYC
4,QUEENS VILLAGE,01 ONE FAMILY DWELLINGS,1,10797,7,A1,100-47 222 STREET,11429.0,1.0,0.0,1.0,4000.0,1522.0,1930.0,1,A1,555000,2019-08-02,queens,100-47 222 STREET NYC
4,RICHMOND HILL,01 ONE FAMILY DWELLINGS,1,9581,60,A1,104-81 127TH STREET,11419.0,1.0,0.0,1.0,2000.0,1072.0,1920.0,1,A1,556500,2019-05-30,queens,104-81 127TH STREET NYC
2,THROGS NECK,02 TWO FAMILY DWELLINGS,1,5453,15,B1,239 HOLLYWOOD AVENUE,10465.0,2.0,0.0,2.0,3100.0,2214.0,1960.0,1,B1,679000,2019-07-08,bronx,239 HOLLYWOOD AVENUE NYC
4,SO. JAMAICA-BAISLEY PARK,01 ONE FAMILY DWELLINGS,1,12113,44,A1,133-14 147TH STREET,11436.0,1.0,0.0,1.0,2450.0,1024.0,1920.0,1,A1,412000,2019-08-20,queens,133-14 147TH STREET NYC
2,BAYCHESTER,03 THREE FAMILY DWELLINGS,1,4943,21,C0,3614 HARPER AVENUE,10466.0,3.0,0.0,3.0,4000.0,3232.0,1977.0,1,C0,780000,2019-07-30,bronx,3614 HARPER AVENUE NYC
5,WOODROW,02 TWO FAMILY DWELLINGS,1,7091,16,B9,1578 WOODROW ROAD,10309.0,2.0,0.0,2.0,2745.0,1530.0,1998.0,1,B9,650000,2019-03-25,statenisland,1578 WOODROW ROAD NYC
4,FLUSHING-NORTH,01 ONE FAMILY DWELLINGS,1,4986,103,A1,33-20 147TH PLACE,11354.0,1.0,0.0,1.0,3500.0,1734.0,1920.0,1,A1,890000,2019-12-12,queens,33-20 147TH PLACE NYC
3,CANARSIE,01 ONE FAMILY DWELLINGS,1,8267,27,A5,1235 EAST 102ND STREET,11236.0,1.0,0.0,1.0,2600.0,1080.0,1955.0,1,A5,535000,2019-05-30,brooklyn,1235 EAST 102ND STREET NYC
3,BAY RIDGE,01 ONE FAMILY DWELLINGS,1,5928,49,A1,269 BAY RIDGE PARKWAY,11209.0,1.0,0.0,1.0,3760.0,2464.0,1930.0,1,A1,670000,2019-01-29,brooklyn,269 BAY RIDGE PARKWAY NYC
4,MASPETH,01 ONE FAMILY DWELLINGS,1,2355,16,A5,51-01 61 STREET,11377.0,1.0,0.0,1.0,2000.0,1845.0,1945.0,1,A5,947000,2019-12-20,queens,51-01 61 STREET NYC
3,SUNSET PARK,02 TWO FAMILY DWELLINGS,1,790,41,S2,5014 4TH AVENUE,11220.0,2.0,1.0,3.0,1600.0,3420.0,1931.0,1,S2,1625000,2019-07-11,brooklyn,5014 4TH AVENUE NYC
4,FLUSHING-NORTH,02 TWO FAMILY DWELLINGS,1,4891,43,B3,29-16 161ST STREET,11358.0,2.0,0.0,2.0,3897.0,1524.0,1935.0,1,B3,895000,2019-06-14,queens,29-16 161ST STREET NYC
2,MORRIS PARK/VAN NEST,01 ONE FAMILY DWELLINGS,1,4275,51,A2,1920 YATES AVENUE,10461.0,1.0,0.0,1.0,2500.0,1238.0,1925.0,1,A2,460000,2019-02-22,bronx,1920 YATES AVENUE NYC
3,EAST NEW YORK,02 TWO FAMILY DWELLINGS,1,4267,45,B1,644 CRESCENT STREET,11208.0,2.0,0.0,2.0,2000.0,2024.0,1910.0,1,B1,400000,2019-12-19,brooklyn,644 CRESCENT STREET NYC
4,EAST ELMHURST,03 THREE FAMILY DWELLINGS,1,1687,3,C0,101-08 31ST AVENUE,11369.0,3.0,0.0,3.0,2375.0,1600.0,1925.0,1,C0,990000,2019-03-18,queens,101-08 31ST AVENUE NYC
2,FORDHAM,02 TWO FAMILY DWELLINGS,1,3186,68,B1,2269 WALTON AVENUE,10453.0,2.0,0.0,2.0,1900.0,2020.0,1901.0,1,B1,460000,2019-08-12,bronx,2269 WALTON AVENUE NYC
4,BAYSIDE,02 TWO FAMILY DWELLINGS,1,7352,32,B3,47-31 FRANCIS LEWIS BLVD,11361.0,2.0,0.0,2.0,3880.0,1768.0,1950.0,1,B3,850000,2019-05-02,queens,47-31 FRANCIS LEWIS BLVD NYC
3,CANARSIE,01 ONE FAMILY DWELLINGS,1,8071,26,A5,29 PAERDEGAT 13 STREET,11236.0,1.0,0.0,1.0,1800.0,2052.0,1965.0,1,A5,565000,2019-11-26,brooklyn,29 PAERDEGAT 13 STREET NYC
4,FLUSHING-NORTH,01 ONE FAMILY DWELLINGS,1,4930,27,A1,169-09 33RD AVENUE,11358.0,1.0,0.0,1.0,4280.0,1332.0,1930.0,1,A1,600000,2019-08-05,queens,169-09 33RD AVENUE NYC
4,JAMAICA,02 TWO FAMILY DWELLINGS,1,9992,50,B1,143-27 95TH AVENUE,11435.0,2.0,0.0,2.0,2400.0,2192.0,1915.0,1,B1,998200,2019-11-13,queens,143-27 95TH AVENUE NYC
4,SOUTH JAMAICA,01 ONE FAMILY DWELLINGS,1,11966,24,A1,148-19 LINDEN BOULEVARD,11436.0,1.0,0.0,1.0,1600.0,938.0,1910.0,1,A1,478000,2019-12-27,queens,148-19 LINDEN BOULEVARD NYC
4,KEW GARDENS,02 TWO FAMILY DWELLINGS,1,9240,1,S2,124-02 METROPOLITAN AVENUE,11415.0,2.0,1.0,3.0,925.0,3050.0,1931.0,1,S2,1050000,2019-09-17,queens,124-02 METROPOLITAN AVENUE NYC
4,ELMHURST,01 ONE FAMILY DWELLINGS,1,2487,28,A5,73-46 52ND ROAD,11378.0,1.0,0.0,1.0,1800.0,1836.0,1945.0,1,A5,843000,2019-08-13,queens,73-46 52ND ROAD NYC
3,OCEAN PARKWAY-NORTH,01 ONE FAMILY DWELLINGS,1,6518,52,A9,1045 EAST 5TH STREET,11230.0,1.0,0.0,1.0,2400.0,1370.0,1925.0,1,A9,1250000,2019-08-15,brooklyn,1045 EAST 5TH STREET NYC
3,GRAVESEND,01 ONE FAMILY DWELLINGS,1,6862,48,A1,12 BAY 35TH STREET,11214.0,1.0,0.0,1.0,2707.0,1704.0,1925.0,1,A1,1080000,2019-06-25,brooklyn,12 BAY 35TH STREET NYC
4,RIDGEWOOD,01 ONE FAMILY DWELLINGS,1,3397,16,A5,1870 WILLOUGHBY AVENUE,11385.0,1.0,0.0,1.0,1959.0,1276.0,1935.0,1,A5,999000,2019-08-26,queens,1870 WILLOUGHBY AVENUE NYC
4,HOWARD BEACH,01 ONE FAMILY DWELLINGS,1,14171,55,A5,158-15 101 STREET,11414.0,1.0,0.0,1.0,2600.0,1444.0,1950.0,1,A5,638000,2019-01-18,queens,158-15 101 STREET NYC
5,BULLS HEAD,02 TWO FAMILY DWELLINGS,1,1674,88,B9,33 ALBERT COURT,10303.0,2.0,0.0,2.0,2755.0,2256.0,1975.0,1,B9,480000,2019-12-17,statenisland,33 ALBERT COURT NYC
4,SOUTH OZONE PARK,02 TWO FAMILY DWELLINGS,1,11657,17,B3,114-34 132ND STREET,11420.0,2.0,0.0,2.0,2100.0,1312.0,1935.0,1,B3,505000,2019-08-26,queens,114-34 132ND STREET NYC
4,ELMHURST,01 ONE FAMILY DWELLINGS,1,2907,22,A1,54-40 82ND STREET,11373.0,1.0,0.0,1.0,2500.0,2240.0,1920.0,1,A1,650000,2019-05-28,queens,54-40 82ND STREET NYC
4,SOUTH JAMAICA,02 TWO FAMILY DWELLINGS,1,12145,25,B2,153-29 110TH STREET,11433.0,2.0,0.0,2.0,1885.0,1800.0,2005.0,1,B2,734000,2019-04-12,queens,153-29 110TH STREET NYC
4,FLUSHING-SOUTH,01 ONE FAMILY DWELLINGS,1,6669,50,A5,144-15 78TH AVENUE,11367.0,1.0,0.0,1.0,2200.0,1432.0,1945.0,1,A5,882500,2019-10-25,queens,144-15 78TH AVENUE NYC
2,WAKEFIELD,02 TWO FAMILY DWELLINGS,1,5027,36,B1,2111 EDENWALD AVENUE,10466.0,2.0,0.0,2.0,3400.0,1894.0,1945.0,1,B1,560000,2019-03-22,bronx,2111 EDENWALD AVENUE NYC
4,RICHMOND HILL,02 TWO FAMILY DWELLINGS,1,9467,10,B2,126-20 95 AVENUE,11419.0,2.0,0.0,2.0,1800.0,1960.0,1901.0,1,B2,755000,2019-02-26,queens,126-20 95 AVENUE NYC
2,CITY ISLAND,01 ONE FAMILY DWELLINGS,1,5645,21,S1,440 CITY ISLAND AVENUE,10464.0,1.0,1.0,2.0,2024.0,950.0,1931.0,1,S1,335000,2019-03-27,bronx,440 CITY ISLAND AVENUE NYC
3,CANARSIE,02 TWO FAMILY DWELLINGS,1,8323,20,B2,1803 EAST 92 STREET,11236.0,2.0,0.0,2.0,4000.0,903.0,1925.0,1,B2,317500,2019-05-21,brooklyn,1803 EAST 92 STREET NYC
3,FLATLANDS,03 THREE FAMILY DWELLINGS,1,7839,25,C0,1147 EAST 59 STREET,11234.0,3.0,0.0,3.0,2358.0,2926.0,1955.0,1,C0,437500,2019-04-01,brooklyn,1147 EAST 59 STREET NYC
2,SOUNDVIEW,07 RENTALS - WALKUP APARTMENTS,2A,3741,17,C3,1128 BOYNTON AVENUE,10472.0,4.0,0.0,4.0,2500.0,3485.0,1927.0,2,C3,800000,2019-08-28,bronx,1128 BOYNTON AVENUE NYC
4,COLLEGE POINT,02 TWO FAMILY DWELLINGS,1,3916,20,B1,3-55 SOUNDVIEW LANE,11356.0,2.0,0.0,2.0,2124.0,3036.0,2011.0,1,B1,1400000,2019-05-10,queens,3-55 SOUNDVIEW LANE NYC
2,WAKEFIELD,02 TWO FAMILY DWELLINGS,1,5003,55,B1,4142 DIGNEY AVENUE,10466.0,2.0,0.0,2.0,2500.0,2062.0,1942.0,1,B1,685000,2019-08-21,bronx,4142 DIGNEY AVENUE NYC
4,ST. ALBANS,01 ONE FAMILY DWELLINGS,1,10294,48,A1,111-19 177TH STREET,11433.0,1.0,0.0,1.0,3800.0,1364.0,1925.0,1,A1,416000,2019-06-14,queens,111-19 177TH STREET NYC
5,SOUTH BEACH,01 ONE FAMILY DWELLINGS,1,3419,21,A5,70 VULCAN STREET,10305.0,1.0,0.0,1.0,2300.0,1290.0,2005.0,1,A5,560000,2019-09-16,statenisland,70 VULCAN STREET NYC
3,OCEAN PARKWAY-NORTH,02 TWO FAMILY DWELLINGS,1,6566,29,B2,1442 EAST 4TH STREET,11230.0,2.0,0.0,2.0,2517.0,2112.0,1930.0,1,B2,999000,2019-11-14,brooklyn,1442 EAST 4TH STREET NYC
3,DYKER HEIGHTS,02 TWO FAMILY DWELLINGS,1,6268,63,B1,1333 80TH STREET,11228.0,2.0,0.0,2.0,2333.0,1748.0,1930.0,1,B1,1220000,2019-02-13,brooklyn,1333 80TH STREET NYC
2,BAYCHESTER,03 THREE FAMILY DWELLINGS,1,4748,12,C0,3233 KINGSLAND AVENUE,10469.0,3.0,0.0,3.0,3372.0,3700.0,1997.0,1,C0,680000,2019-01-25,bronx,3233 KINGSLAND AVENUE NYC
2,BRONXDALE,01 ONE FAMILY DWELLINGS,1,4527,46,A5,2751 WILSON AVE,10469.0,1.0,0.0,1.0,2125.0,1620.0,1950.0,1,A5,486500,2019-09-04,bronx,2751 WILSON AVE NYC
2,WAKEFIELD,03 THREE FAMILY DWELLINGS,1,5021,5,C0,4116 DE REIMER AVENUE,10466.0,3.0,0.0,3.0,1995.0,3000.0,1986.0,1,C0,565000,2019-10-11,bronx,4116 DE REIMER AVENUE NYC
3,CONEY ISLAND,01 ONE FAMILY DWELLINGS,1,7005,6,S1,3514 NEPTUNE AVENUE,11224.0,1.0,1.0,2.0,2350.0,1690.0,1901.0,1,S1,400000,2019-05-29,brooklyn,3514 NEPTUNE AVENUE NYC
2,SOUNDVIEW,01 ONE FAMILY DWELLINGS,1,3472,54,A2,321 UNDERHILL AVENUE,10473.0,1.0,0.0,1.0,3742.0,1000.0,1945.0,1,A2,350000,2019-11-08,bronx,321 UNDERHILL AVENUE NYC
3,GRAVESEND,02 TWO FAMILY DWELLINGS,1,7094,62,B2,2055 WEST 12TH STREET,11223.0,2.0,0.0,2.0,1992.0,1344.0,1925.0,1,B2,823000,2019-11-13,brooklyn,2055 WEST 12TH STREET NYC
2,PELHAM PARKWAY NORTH,01 ONE FAMILY DWELLINGS,1,4368,20,A5,2338 LACONIA AVENUE,10469.0,1.0,0.0,1.0,2500.0,1726.0,1920.0,1,A5,590900,2019-11-21,bronx,2338 LACONIA AVENUE NYC
5,GREAT KILLS,01 ONE FAMILY DWELLINGS,1,5281,59,A5,7 WILLIAM AVENUE,10308.0,1.0,0.0,1.0,2375.0,1344.0,1980.0,1,A5,507000,2019-10-31,statenisland,7 WILLIAM AVENUE NYC
5,DONGAN HILLS,01 ONE FAMILY DWELLINGS,1,3312,41,A5,405 NORTH RAILROAD AVE,10304.0,1.0,0.0,1.0,2500.0,1340.0,1965.0,1,A5,465000,2019-08-15,statenisland,405 NORTH RAILROAD AVE NYC
4,OZONE PARK,02 TWO FAMILY DWELLINGS,1,11384,38,B2,137-35 SAPPHIRE STREET,11414.0,2.0,0.0,2.0,4142.0,952.0,1920.0,1,B2,550000,2019-11-04,queens,137-35 SAPPHIRE STREET NYC
2,MORRIS PARK/VAN NEST,02 TWO FAMILY DWELLINGS,1,4093,10,B1,1661 RADCLIFF AVENUE,10462.0,2.0,0.0,2.0,2500.0,1960.0,1925.0,1,B1,780000,2019-07-15,bronx,1661 RADCLIFF AVENUE NYC
4,SO. JAMAICA-BAISLEY PARK,02 TWO FAMILY DWELLINGS,1,12245,104,B2,119-11 LONG STREET,11434.0,2.0,0.0,2.0,2600.0,1764.0,2017.0,1,B2,799500,2019-06-14,queens,119-11 LONG STREET NYC
4,FOREST HILLS,01 ONE FAMILY DWELLINGS,1,3191,44,A5,67-107 CLYDE STREET,11375.0,1.0,0.0,1.0,2200.0,1224.0,1940.0,1,A5,955000,2019-07-22,queens,67-107 CLYDE STREET NYC
3,BUSH TERMINAL,02 TWO FAMILY DWELLINGS,1,745,34,B9,260 45TH STREET,11220.0,2.0,0.0,2.0,1736.0,1672.0,1910.0,1,B9,1349000,2019-02-25,brooklyn,260 45TH STREET NYC
3,BEDFORD STUYVESANT,03 THREE FAMILY DWELLINGS,1,1644,12,C0,506 MADISON STREET,11221.0,3.0,0.0,3.0,2000.0,3360.0,1901.0,1,C0,1950000,2019-01-28,brooklyn,506 MADISON STREET NYC
4,MASPETH,01 ONE FAMILY DWELLINGS,1,2416,15,A1,50-29 66TH STREET,11377.0,1.0,0.0,1.0,4000.0,1647.0,1940.0,1,A1,1040000,2019-11-21,queens,50-29 66TH STREET NYC
4,LAURELTON,02 TWO FAMILY DWELLINGS,1,13018,125,B2,136-39 SPRINGFIELD BLVD,11413.0,2.0,0.0,2.0,3430.0,1560.0,1925.0,1,B2,600000,2019-06-11,queens,136-39 SPRINGFIELD BLVD NYC
5,WESTERLEIGH,01 ONE FAMILY DWELLINGS,1,1442,7,A2,65 COLLFIELD AVENUE,10302.0,1.0,0.0,1.0,3720.0,700.0,1945.0,1,A2,322000,2019-12-13,statenisland,65 COLLFIELD AVENUE NYC
4,RICHMOND HILL,02 TWO FAMILY DWELLINGS,1,9594,36,B2,134-11 107 AVENUE,11419.0,2.0,0.0,2.0,4000.0,3600.0,1992.0,1,B2,900000,2019-05-03,queens,134-11 107 AVENUE NYC
3,FLATBUSH-NORTH,01 ONE FAMILY DWELLINGS,1,4797,47,A5,12 MIAMI COURT,11225.0,1.0,0.0,1.0,1250.0,960.0,1930.0,1,A5,500000,2019-04-15,brooklyn,12 MIAMI COURT NYC
4,RICHMOND HILL,03 THREE FAMILY DWELLINGS,1,9348,47,C0,91-37 116TH STREET,11418.0,3.0,0.0,3.0,3680.0,3904.0,1910.0,1,C0,905000,2019-11-06,queens,91-37 116TH STREET NYC
3,OCEAN PARKWAY-SOUTH,02 TWO FAMILY DWELLINGS,1,7200,14,B2,450 AVENUE X,11223.0,2.0,0.0,2.0,4000.0,1948.0,1901.0,1,B2,990000,2019-12-02,brooklyn,450 AVENUE X NYC
3,BENSONHURST,02 TWO FAMILY DWELLINGS,1,6230,31,B2,2162 BAY RIDGE PARKWAY,11204.0,2.0,0.0,2.0,2492.0,2480.0,1920.0,1,B2,1500000,2019-01-08,brooklyn,2162 BAY RIDGE PARKWAY NYC
3,DYKER HEIGHTS,01 ONE FAMILY DWELLINGS,1,6254,26,A5,1148 78TH STREET,11228.0,1.0,0.0,1.0,1775.0,1196.0,1920.0,1,A5,940000,2019-11-20,brooklyn,1148 78TH STREET NYC
4,SPRINGFIELD GARDENS,01 ONE FAMILY DWELLINGS,1,12271,26,A2,130-14 158TH STREET,11434.0,1.0,0.0,1.0,4000.0,1464.0,1956.0,1,A2,940000,2019-08-01,queens,130-14 158TH STREET NYC
4,WOODHAVEN,01 ONE FAMILY DWELLINGS,1,8947,21,A9,9224 77TH STREET,11421.0,1.0,0.0,1.0,1600.0,1140.0,1920.0,1,A9,475000,2019-08-21,queens,9224 77TH STREET NYC
4,ARVERNE,02 TWO FAMILY DWELLINGS,1,16030,1,B9,504 BEACH 64TH STREET,11692.0,2.0,0.0,2.0,3900.0,1974.0,1960.0,1,B9,550000,2019-08-27,queens,504 BEACH 64TH STREET NYC
2,BEDFORD PARK/NORWOOD,02 TWO FAMILY DWELLINGS,1,3300,76,B2,2661 1/2 BRIGGS AVENUE,10458.0,2.0,0.0,2.0,1780.0,1642.0,1910.0,1,B2,705000,2019-12-19,bronx,2661 1/2 BRIGGS AVENUE NYC
4,FLUSHING-NORTH,01 ONE FAMILY DWELLINGS,1,6739,41,A1,161-12 59TH AVENUE,11365.0,1.0,0.0,1.0,3000.0,1440.0,1930.0,1,A1,959000,2019-09-10,queens,161-12 59TH AVENUE NYC
5,GRANT CITY,01 ONE FAMILY DWELLINGS,1,3563,26,A2,31 HUNTER AVENUE,10306.0,1.0,0.0,1.0,4000.0,1008.0,1955.0,1,A2,620000,2019-08-29,statenisland,31 HUNTER AVENUE NYC
3,CANARSIE,02 TWO FAMILY DWELLINGS,1,8239,19,B2,1385 EAST 93RD STREET,11236.0,2.0,0.0,2.0,2500.0,1512.0,1925.0,1,B2,570000,2019-10-10,brooklyn,1385 EAST 93RD STREET NYC
4,ROCKAWAY PARK,02 TWO FAMILY DWELLINGS,1,16233,40,B2,131 BEACH 123 STREET,11694.0,2.0,0.0,2.0,3300.0,3780.0,1975.0,1,B2,930000,2019-10-03,queens,131 BEACH 123 STREET NYC
4,CAMBRIA HEIGHTS,01 ONE FAMILY DWELLINGS,1,11302,22,A2,115-83 220TH STREET,11411.0,1.0,0.0,1.0,4000.0,1417.0,1945.0,1,A2,710000,2019-06-25,queens,115-83 220TH STREET NYC
4,OAKLAND GARDENS,01 ONE FAMILY DWELLINGS,1,7832,79,A2,224-15 76TH ROAD,11364.0,1.0,0.0,1.0,4100.0,1248.0,1960.0,1,A2,905000,2019-04-29,queens,224-15 76TH ROAD NYC
2,WESTCHESTER,03 THREE FAMILY DWELLINGS,1,3988,1,C0,1510 BENSON STREET,10461.0,3.0,0.0,3.0,3402.0,4032.0,1901.0,1,C0,810000,2019-07-11,bronx,1510 BENSON STREET NYC
3,CROWN HEIGHTS,02 TWO FAMILY DWELLINGS,1,1283,33,B9,1250 PRESIDENT STREET,11225.0,2.0,0.0,2.0,2555.0,2260.0,1901.0,1,B9,1200000,2019-05-07,brooklyn,1250 PRESIDENT STREET NYC
4,JACKSON HEIGHTS,01 ONE FAMILY DWELLINGS,1,1248,55,A5,33-17 75TH STREET,11372.0,1.0,0.0,1.0,1942.0,1928.0,1945.0,1,A5,1025000,2019-08-12,queens,33-17 75TH STREET NYC
4,RICHMOND HILL,03 THREE FAMILY DWELLINGS,1,9392,36,C0,94-05 108TH STREET,11419.0,3.0,0.0,3.0,1650.0,2554.0,2003.0,1,C0,710000,2019-11-21,queens,94-05 108TH STREET NYC
4,HOLLIS,01 ONE FAMILY DWELLINGS,1,10904,1,A1,204-02 104TH AVENUE,11412.0,1.0,0.0,1.0,4000.0,1680.0,1920.0,1,A1,325000,2019-11-22,queens,204-02 104TH AVENUE NYC
4,SOUTH OZONE PARK,02 TWO FAMILY DWELLINGS,1,11612,15,B3,109-18 133RD STREET,11420.0,2.0,0.0,2.0,2500.0,1568.0,1930.0,1,B3,330000,2019-09-17,queens,109-18 133RD STREET NYC
4,HOWARD BEACH,01 ONE FAMILY DWELLINGS,1,13977,29,A2,158-48 79 STREET,11414.0,1.0,0.0,1.0,4000.0,2274.0,1960.0,1,A2,765000,2019-08-12,queens,158-48 79 STREET NYC
2,SOUNDVIEW,02 TWO FAMILY DWELLINGS,1,3455,138,B1,294 BOLTON AVENUE,10473.0,2.0,0.0,2.0,1470.0,1760.0,2002.0,1,B1,500000,2019-10-01,bronx,294 BOLTON AVENUE NYC
3,BUSHWICK,03 THREE FAMILY DWELLINGS,1,3411,18,C0,1166 HALSEY STREET,11207.0,3.0,0.0,3.0,1800.0,2430.0,1925.0,1,C0,1125000,2019-04-24,brooklyn,1166 HALSEY STREET NYC
5,WOODROW,01 ONE FAMILY DWELLINGS,1,6925,51,A5,986 RENSSELAER AVENUE,10309.0,1.0,0.0,1.0,2000.0,1496.0,1984.0,1,A5,450000,2019-06-03,statenisland,986 RENSSELAER AVENUE NYC
4,FLORAL PARK,01 ONE FAMILY DWELLINGS,1,8725,57,A0,80-21 269TH STREET,11040.0,1.0,0.0,1.0,4500.0,949.0,1955.0,1,A0,645000,2019-02-14,queens,80-21 269TH STREET NYC
4,CORONA,07 RENTALS - WALKUP APARTMENTS,2A,1951,26,C3,101-02 MARTENSE AVENUE,11368.0,4.0,0.0,4.0,2178.0,3622.0,1960.0,2,C3,1420000,2019-09-19,queens,101-02 MARTENSE AVENUE NYC
3,SHEEPSHEAD BAY,01 ONE FAMILY DWELLINGS,1,7375,49,A9,2255 EAST 14TH STREET,11229.0,1.0,0.0,1.0,2500.0,792.0,1925.0,1,A9,500000,2019-08-19,brooklyn,2255 EAST 14TH STREET NYC
3,WINDSOR TERRACE,02 TWO FAMILY DWELLINGS,1,872,51,B9,605 17TH STREET,11218.0,2.0,0.0,2.0,1803.0,1920.0,1960.0,1,B9,1950000,2019-12-19,brooklyn,605 17TH STREET NYC
4,SPRINGFIELD GARDENS,02 TWO FAMILY DWELLINGS,1,12278,34,B3,153-21 134TH AVENUE,11434.0,2.0,0.0,2.0,4400.0,1498.0,1920.0,1,B3,380000,2019-07-16,queens,153-21 134TH AVENUE NYC
4,QUEENS VILLAGE,01 ONE FAMILY DWELLINGS,1,7940,25,A2,86-19 231 STREET,11427.0,1.0,0.0,1.0,4800.0,1231.0,1950.0,1,A2,650000,2019-08-12,queens,86-19 231 STREET NYC
3,CROWN HEIGHTS,02 TWO FAMILY DWELLINGS,1,1406,62,B9,1479 CARROLL STREET,11213.0,2.0,0.0,2.0,2405.0,3948.0,1925.0,1,B9,465000,2019-05-14,brooklyn,1479 CARROLL STREET NYC
2,BAYCHESTER,02 TWO FAMILY DWELLINGS,1,4989,17,B2,4040 AMUNDSON AVENUE,10466.0,2.0,0.0,2.0,3117.0,2376.0,1931.0,1,B2,350000,2019-01-15,bronx,4040 AMUNDSON AVENUE NYC
5,MIDLAND BEACH,01 ONE FAMILY DWELLINGS,1,3882,12,A5,268 GRIMSBY STREET,10306.0,1.0,0.0,1.0,2000.0,1196.0,2018.0,1,A5,529389,2019-12-12,statenisland,268 GRIMSBY STREET NYC
2,SOUNDVIEW,07 RENTALS - WALKUP APARTMENTS,2A,3453,44,C3,259 UNDERHILL AVENUE,10473.0,4.0,0.0,4.0,2500.0,3300.0,1945.0,2,C3,725000,2019-12-17,bronx,259 UNDERHILL AVENUE NYC
4,ASTORIA,02 TWO FAMILY DWELLINGS,1,693,11,B2,31-75 43RD STREET,11103.0,2.0,0.0,2.0,2500.0,1580.0,1925.0,1,B2,1120000,2019-10-16,queens,31-75 43RD STREET NYC
4,QUEENS VILLAGE,22 STORE BUILDINGS,4,10719,42,K2,90-49 SPRINGFIELD BOULEVARD,11428.0,0.0,3.0,3.0,2820.0,3960.0,1996.0,4,K2,1225000,2019-08-19,queens,90-49 SPRINGFIELD BOULEVARD NYC
3,GRAVESEND,01 ONE FAMILY DWELLINGS,1,6652,37,A9,1772 WEST 4TH STREET,11223.0,1.0,0.0,1.0,2100.0,1288.0,1920.0,1,A9,990000,2019-02-28,brooklyn,1772 WEST 4TH STREET NYC
4,LITTLE NECK,01 ONE FAMILY DWELLINGS,1,8112,50,A5,43-36 247TH STREET,11363.0,1.0,0.0,1.0,2300.0,1080.0,1920.0,1,A5,707500,2019-09-13,queens,43-36 247TH STREET NYC
4,ST. ALBANS,01 ONE FAMILY DWELLINGS,1,11068,106,A1,116-26 197TH STREET,11412.0,1.0,0.0,1.0,2600.0,1416.0,1920.0,1,A1,520000,2019-02-14,queens,116-26 197TH STREET NYC
4,SOUTH JAMAICA,01 ONE FAMILY DWELLINGS,1,12161,41,A1,110-50 158TH STREET,11433.0,1.0,0.0,1.0,1906.0,1217.0,1920.0,1,A1,500000,2019-11-25,queens,110-50 158TH STREET NYC
3,FLATBUSH-EAST,02 TWO FAMILY DWELLINGS,1,7970,25,B9,952 EAST 53RD STREET,11234.0,2.0,0.0,2.0,1800.0,1782.0,1955.0,1,B9,590000,2019-02-27,brooklyn,952 EAST 53RD STREET NYC
2,WILLIAMSBRIDGE,01 ONE FAMILY DWELLINGS,1,4869,25,A2,1015 EAST 222ND STREET,10469.0,1.0,0.0,1.0,2500.0,1152.0,1950.0,1,A2,406000,2019-09-26,bronx,1015 EAST 222ND STREET NYC
3,CROWN HEIGHTS,03 THREE FAMILY DWELLINGS,1,1340,49,C0,1551 DEAN STREET,11213.0,3.0,0.0,3.0,2272.0,3654.0,2005.0,1,C0,375000,2019-03-26,brooklyn,1551 DEAN STREET NYC
4,BAYSIDE,01 ONE FAMILY DWELLINGS,1,5807,54,A0,23-55 207TH STREET,11360.0,1.0,0.0,1.0,3888.0,1215.0,1945.0,1,A0,870000,2019-07-10,queens,23-55 207TH STREET NYC
4,FLUSHING-NORTH,01 ONE FAMILY DWELLINGS,1,5417,1,A1,43-67 159 STREET,11358.0,1.0,0.0,1.0,4000.0,1314.0,1930.0,1,A1,999999,2019-08-27,queens,43-67 159 STREET NYC
3,MARINE PARK,01 ONE FAMILY DWELLINGS,1,6816,6,A1,2952 QUENTIN ROAD,11229.0,1.0,0.0,1.0,2225.0,2538.0,1940.0,1,A1,840000,2019-09-12,brooklyn,2952 QUENTIN ROAD NYC
5,HUGUENOT,01 ONE FAMILY DWELLINGS,1,6847,14,A2,41 ELLSWORTH AVENUE,10312.0,1.0,0.0,1.0,4200.0,1680.0,1965.0,1,A2,650000,2019-06-10,statenisland,41 ELLSWORTH AVENUE NYC
5,ARDEN HEIGHTS,02 TWO FAMILY DWELLINGS,1,5803,4,B9,69 ARDEN AVENUE,10312.0,2.0,0.0,2.0,2624.0,1940.0,2000.0,1,B9,455000,2019-04-04,statenisland,69 ARDEN AVENUE NYC
4,HOWARD BEACH,01 ONE FAMILY DWELLINGS,1,13989,13,A1,158-16 91ST STREET,11414.0,1.0,0.0,1.0,2500.0,1592.0,1930.0,1,A1,700000,2019-05-28,queens,158-16 91ST STREET NYC
3,CONEY ISLAND,01 ONE FAMILY DWELLINGS,1,7012,1,A5,2730 NEPTUNE AVENUE,11224.0,1.0,0.0,1.0,2675.0,1344.0,1989.0,1,A5,545000,2019-05-14,brooklyn,2730 NEPTUNE AVENUE NYC
4,SOUTH JAMAICA,01 ONE FAMILY DWELLINGS,1,10125,132,A1,107-07 157TH STREET,11433.0,1.0,0.0,1.0,1900.0,824.0,1910.0,1,A1,307125,2019-05-22,queens,107-07 157TH STREET NYC
5,WESTERLEIGH,01 ONE FAMILY DWELLINGS,1,1466,5,A2,345 WATERS AVENUE,10302.0,1.0,0.0,1.0,4300.0,1020.0,1940.0,1,A2,575000,2019-02-12,statenisland,345 WATERS AVENUE NYC
5,SOUTH BEACH,01 ONE FAMILY DWELLINGS,1,3420,64,A5,387 QUINTARD STREET,10305.0,1.0,0.0,1.0,2138.0,1408.0,1997.0,1,A5,550000,2019-01-07,statenisland,387 QUINTARD STREET NYC
3,OLD MILL BASIN,22 STORE BUILDINGS,4,7897,31,K4,5202 AVENUE N,11234.0,2.0,2.0,4.0,2000.0,3260.0,1931.0,4,K4,1775000,2019-03-11,brooklyn,5202 AVENUE N NYC
4,ROSEDALE,01 ONE FAMILY DWELLINGS,1,13223,18,A2,135-21 242ND STREET,11422.0,1.0,0.0,1.0,4000.0,1130.0,1925.0,1,A2,562000,2019-04-12,queens,135-21 242ND STREET NYC
4,RIDGEWOOD,02 TWO FAMILY DWELLINGS,1,3566,49,B1,1709 SUMMERFIELD ST,11385.0,2.0,0.0,2.0,2296.0,2223.0,1920.0,1,B1,600000,2019-10-10,queens,1709 SUMMERFIELD ST NYC
5,GREAT KILLS,02 TWO FAMILY DWELLINGS,1,5275,92,A5,25 OSBORN AVENUE,10308.0,1.0,0.0,1.0,2000.0,1024.0,1920.0,1,B2,415000,2019-04-30,statenisland,25 OSBORN AVENUE NYC
3,CROWN HEIGHTS,02 TWO FAMILY DWELLINGS,1,1389,27,B1,1248 LINCOLN PLACE,11213.0,2.0,0.0,2.0,2664.0,2440.0,1920.0,1,B1,880000,2019-06-25,brooklyn,1248 LINCOLN PLACE NYC
4,BEECHHURST,01 ONE FAMILY DWELLINGS,1,4554,14,A5,157-49 9TH AVENUE,11357.0,1.0,0.0,1.0,1792.0,1024.0,1930.0,1,A5,630000,2019-10-07,queens,157-49 9TH AVENUE NYC
4,FLORAL PARK,01 ONE FAMILY DWELLINGS,1,8708,74,A1,79-11 LANGDALE STREET,11040.0,1.0,0.0,1.0,4000.0,1811.0,1950.0,1,A1,950000,2019-12-19,queens,79-11 LANGDALE STREET NYC
4,FLUSHING-SOUTH,01 ONE FAMILY DWELLINGS,1,6618,28,A5,141-32 70TH ROAD,11367.0,1.0,0.0,1.0,1800.0,1316.0,1940.0,1,A5,765000,2019-04-09,queens,141-32 70TH ROAD NYC
3,BENSONHURST,02 TWO FAMILY DWELLINGS,1,6174,12,B3,2016 70TH STREET,11204.0,2.0,0.0,2.0,2000.0,1312.0,1920.0,1,B3,950000,2019-06-06,brooklyn,2016 70TH STREET NYC
3,EAST NEW YORK,02 TWO FAMILY DWELLINGS,1,4192,143,B1,971 GLENMORE AVENUE,11208.0,2.0,0.0,2.0,2400.0,1979.0,2005.0,1,B1,830000,2019-03-07,brooklyn,971 GLENMORE AVENUE NYC
3,FLATBUSH-EAST,01 ONE FAMILY DWELLINGS,1,4738,41,A5,5303 BEVERLEY ROAD,11203.0,1.0,0.0,1.0,1896.0,1632.0,1920.0,1,A5,629000,2019-08-06,brooklyn,5303 BEVERLEY ROAD NYC
2,WESTCHESTER,01 ONE FAMILY DWELLINGS,1,3975,37,A1,1457 ROWLAND STREET,10461.0,1.0,0.0,1.0,2375.0,1182.0,1935.0,1,A1,460000,2019-05-31,bronx,1457 ROWLAND STREET NYC
3,CANARSIE,02 TWO FAMILY DWELLINGS,1,8274,53,B1,1530 EAST 91ST STREET,11236.0,2.0,0.0,2.0,1900.0,2166.0,1950.0,1,B1,650000,2019-11-12,brooklyn,1530 EAST 91ST STREET NYC
4,BELLE HARBOR,01 ONE FAMILY DWELLINGS,1,16197,34,A1,521 BEACH 129TH STREET,11694.0,1.0,0.0,1.0,1900.0,1260.0,1925.0,1,A1,585375,2019-12-06,queens,521 BEACH 129TH STREET NYC
4,FOREST HILLS,02 TWO FAMILY DWELLINGS,1,3263,29,B9,100-15 ASCAN AVENUE,11375.0,2.0,0.0,2.0,1800.0,1836.0,1935.0,1,B9,1185000,2019-11-13,queens,100-15 ASCAN AVENUE NYC
2,BEDFORD PARK/NORWOOD,03 THREE FAMILY DWELLINGS,1,3308,17,C0,234 EAST 203RD STREET,10458.0,3.0,0.0,3.0,2500.0,3696.0,1930.0,1,C0,730000,2019-05-03,bronx,234 EAST 203RD STREET NYC
4,JACKSON HEIGHTS,02 TWO FAMILY DWELLINGS,1,1270,56,B3,35-48 71ST STREET,11372.0,2.0,0.0,2.0,2800.0,1664.0,1930.0,1,B3,750000,2019-10-31,queens,35-48 71ST STREET NYC
4,BELLEROSE,02 TWO FAMILY DWELLINGS,1,8622,96,B1,253-27 85TH ROAD,11426.0,2.0,0.0,2.0,1870.0,1729.0,1950.0,1,B1,649000,2019-01-30,queens,253-27 85TH ROAD NYC
3,OCEAN HILL,03 THREE FAMILY DWELLINGS,1,1539,28,C0,160 HULL STREET,11233.0,3.0,0.0,3.0,1875.0,2430.0,1910.0,1,C0,495000,2019-03-20,brooklyn,160 HULL STREET NYC
4,WOODHAVEN,02 TWO FAMILY DWELLINGS,1,8921,27,B3,88-40 87TH STREET,11421.0,2.0,0.0,2.0,1917.0,1598.0,1915.0,1,B3,800000,2019-09-06,queens,88-40 87TH STREET NYC
3,CROWN HEIGHTS,02 TWO FAMILY DWELLINGS,1,1343,86,B9,1745 DEAN STREET,11233.0,2.0,0.0,2.0,1795.0,1120.0,1920.0,1,B9,650000,2019-12-10,brooklyn,1745 DEAN STREET NYC
2,WILLIAMSBRIDGE,03 THREE FAMILY DWELLINGS,1,4848,78,C0,870 EAST 224 STREET,10466.0,3.0,0.0,3.0,3713.0,1643.0,1920.0,1,C0,750000,2019-03-26,bronx,870 EAST 224 STREET NYC
3,FLATBUSH-EAST,02 TWO FAMILY DWELLINGS,1,7928,65,B1,748 EAST 53RD STREET,11203.0,2.0,0.0,2.0,2508.0,3520.0,1940.0,1,B1,524399,2019-03-22,brooklyn,748 EAST 53RD STREET NYC
3,EAST NEW YORK,02 TWO FAMILY DWELLINGS,1,4079,49,B1,620 ASHFORD STREET,11207.0,2.0,0.0,2.0,1800.0,1800.0,1910.0,1,B1,530000,2019-08-12,brooklyn,620 ASHFORD STREET NYC
4,FLUSHING-NORTH,01 ONE FAMILY DWELLINGS,1,4914,29,A5,25-17 166TH STREET,11358.0,1.0,0.0,1.0,1040.0,1120.0,1955.0,1,A5,617500,2019-12-19,queens,25-17 166TH STREET NYC
4,ASTORIA,03 THREE FAMILY DWELLINGS,1,759,10,C0,22-45 47TH STREET,11105.0,3.0,0.0,3.0,3000.0,2740.0,1965.0,1,C0,1425000,2019-04-04,queens,22-45 47TH STREET NYC
2,PELHAM PARKWAY NORTH,01 ONE FAMILY DWELLINGS,1,4476,30,A1,2552 MORGAN AVE,10469.0,1.0,0.0,1.0,2500.0,2412.0,1940.0,1,A1,470000,2019-02-27,bronx,2552 MORGAN AVE NYC
2,MELROSE/CONCOURSE,03 THREE FAMILY DWELLINGS,1,2435,109,C0,1210 COLLEGE AVENUE,10456.0,3.0,0.0,3.0,2000.0,3120.0,2003.0,1,C0,550000,2019-12-05,bronx,1210 COLLEGE AVENUE NYC
3,FLATBUSH-EAST,01 ONE FAMILY DWELLINGS,1,4779,14,A9,814 EAST 49 STREET,11203.0,1.0,0.0,1.0,2400.0,1280.0,1925.0,1,A9,350000,2019-11-18,brooklyn,814 EAST 49 STREET NYC
2,WILLIAMSBRIDGE,07 RENTALS - WALKUP APARTMENTS,2A,4661,93,C3,739 EAST 213 STREET,10467.0,4.0,0.0,4.0,2500.0,3480.0,1928.0,2,C3,540000,2019-03-27,bronx,739 EAST 213 STREET NYC
3,MARINE PARK,01 ONE FAMILY DWELLINGS,1,7859,52,A1,1528 COLEMAN STREET,11234.0,1.0,0.0,1.0,4628.0,1512.0,1920.0,1,A1,615000,2019-04-04,brooklyn,1528 COLEMAN STREET NYC
3,SHEEPSHEAD BAY,02 TWO FAMILY DWELLINGS,1,7410,110,B9,2384 BRIGHAM STREET,11229.0,2.0,0.0,2.0,2533.0,1540.0,1955.0,1,B9,690000,2019-03-22,brooklyn,2384 BRIGHAM STREET NYC
4,RICHMOND HILL,07 RENTALS - WALKUP APARTMENTS,2A,9280,32,C3,12615 JAMAICA AVENUE,11418.0,4.0,0.0,4.0,1985.0,2880.0,1931.0,2,C3,722000,2019-05-03,queens,12615 JAMAICA AVENUE NYC
3,SUNSET PARK,02 TWO FAMILY DWELLINGS,1,757,53,B9,557 47TH STREET,11220.0,2.0,0.0,2.0,1840.0,2948.0,1910.0,1,B9,1200000,2019-12-11,brooklyn,557 47TH STREET NYC
2,BRONXDALE,01 ONE FAMILY DWELLINGS,1,4511,16,A1,2732 HOLLAND AVENUE,10467.0,1.0,0.0,1.0,2500.0,1500.0,1925.0,1,A1,320000,2019-12-19,bronx,2732 HOLLAND AVENUE NYC
5,ELTINGVILLE,01 ONE FAMILY DWELLINGS,1,5375,11,A2,38 KINGHORN STREET,10312.0,1.0,0.0,1.0,4500.0,1356.0,1955.0,1,A2,365000,2019-02-21,statenisland,38 KINGHORN STREET NYC
4,ROSEDALE,03 THREE FAMILY DWELLINGS,1,13568,51,C0,243-38 145TH AVENUE,11422.0,3.0,0.0,3.0,3000.0,1624.0,1925.0,1,C0,600000,2019-12-27,queens,243-38 145TH AVENUE NYC
4,BROAD CHANNEL,01 ONE FAMILY DWELLINGS,1,15452,5,A2,718 CROSS BAY BLVD,11693.0,1.0,0.0,1.0,2375.0,1401.0,1925.0,1,A2,450000,2019-04-04,queens,718 CROSS BAY BLVD NYC
2,COUNTRY CLUB,01 ONE FAMILY DWELLINGS,1,5319,58,A5,1147 ELLSWORTH AVENUE,10465.0,1.0,0.0,1.0,1590.0,1496.0,1950.0,1,A5,529000,2019-02-07,bronx,1147 ELLSWORTH AVENUE NYC
3,EAST NEW YORK,02 TWO FAMILY DWELLINGS,1,4304,25,B1,688 VAN SICLEN AVENUE,11207.0,2.0,0.0,2.0,1740.0,2175.0,1975.0,1,B1,735000,2019-09-19,brooklyn,688 VAN SICLEN AVENUE NYC
5,HUGUENOT,02 TWO FAMILY DWELLINGS,1,6314,51,B2,497 RATHBUN AVENUE,10312.0,2.0,0.0,2.0,4000.0,2990.0,1984.0,1,B2,848000,2019-08-27,statenisland,497 RATHBUN AVENUE NYC
4,FLORAL PARK,01 ONE FAMILY DWELLINGS,1,8774,35,A0,262-12 83RD AVENUE,11004.0,1.0,0.0,1.0,4000.0,1368.0,1950.0,1,A0,720000,2019-02-01,queens,262-12 83RD AVENUE NYC
4,WOODSIDE,02 TWO FAMILY DWELLINGS,1,1344,9,B3,42-19 66TH STREET,11377.0,2.0,0.0,2.0,2973.0,2333.0,1925.0,1,B3,999500,2019-08-02,queens,42-19 66TH STREET NYC
3,MADISON,02 TWO FAMILY DWELLINGS,1,7325,13,B2,2100 EAST 21ST STREET,11229.0,2.0,0.0,2.0,4000.0,2336.0,1930.0,1,B2,1235000,2019-10-07,brooklyn,2100 EAST 21ST STREET NYC
4,ST. ALBANS,01 ONE FAMILY DWELLINGS,1,12614,36,A1,193-01 119TH AVE,11412.0,1.0,0.0,1.0,4000.0,1416.0,1920.0,1,A1,660000,2019-09-20,queens,193-01 119TH AVE NYC
3,BAY RIDGE,01 ONE FAMILY DWELLINGS,1,5865,14,A5,518 68TH STREET,11220.0,1.0,0.0,1.0,1700.0,1476.0,1905.0,1,A5,955000,2019-06-03,brooklyn,518 68TH STREET NYC
4,MIDDLE VILLAGE,03 THREE FAMILY DWELLINGS,1,2844,70,C0,6035 74TH STREET,11379.0,3.0,0.0,3.0,2725.0,2656.0,1960.0,1,C0,1170000,2019-11-18,queens,6035 74TH STREET NYC
4,BEECHHURST,01 ONE FAMILY DWELLINGS,1,4611,46,A2,166-11 CRYDERS LANE,11357.0,1.0,0.0,1.0,4000.0,1971.0,1970.0,1,A2,1050000,2019-10-31,queens,166-11 CRYDERS LANE NYC
3,WYCKOFF HEIGHTS,02 TWO FAMILY DWELLINGS,1,3379,55,B2,1540 PUTNAM AVENUE,11237.0,2.0,0.0,2.0,1775.0,1278.0,1910.0,1,B2,870000,2019-07-24,brooklyn,1540 PUTNAM AVENUE NYC
4,FLUSHING-NORTH,01 ONE FAMILY DWELLINGS,1,5573,50,A1,49-16 170TH STREET,11365.0,1.0,0.0,1.0,4000.0,1512.0,1955.0,1,A1,890000,2019-07-31,queens,49-16 170TH STREET NYC
4,JAMAICA,01 ONE FAMILY DWELLINGS,1,9810,31,A1,90-21 172ND STREET,11432.0,1.0,0.0,1.0,2340.0,1330.0,1920.0,1,A1,500000,2019-02-08,queens,90-21 172ND STREET NYC
3,CANARSIE,02 TWO FAMILY DWELLINGS,1,8204,20,B2,1193 EAST 96,11236.0,2.0,0.0,2.0,2906.0,1792.0,1925.0,1,B2,690100,2019-11-13,brooklyn,1193 EAST 96 NYC
5,ELTINGVILLE,02 TWO FAMILY DWELLINGS,1,5655,57,B9,994 ARTHUR KILL ROAD,10312.0,2.0,0.0,2.0,4256.0,2024.0,1970.0,1,B3,700000,2019-07-02,statenisland,994 ARTHUR KILL ROAD NYC
3,GRAVESEND,01 ONE FAMILY DWELLINGS,1,6626,26,A9,1648 WEST 5TH STREET,11223.0,1.0,0.0,1.0,2000.0,1206.0,1930.0,1,A9,835000,2019-01-29,brooklyn,1648 WEST 5TH STREET NYC
4,QUEENS VILLAGE,01 ONE FAMILY DWELLINGS,1,10647,93,A1,90-39 214TH ST,11428.0,1.0,0.0,1.0,2125.0,1008.0,1920.0,1,A1,560000,2019-09-04,queens,90-39 214TH ST NYC
4,MIDDLE VILLAGE,02 TWO FAMILY DWELLINGS,1,3059,52,B2,66-38 75TH STREET,11379.0,2.0,0.0,2.0,2200.0,1782.0,1930.0,1,B2,835000,2019-02-19,queens,66-38 75TH STREET NYC
5,BULLS HEAD,01 ONE FAMILY DWELLINGS,1,1690,146,A5,14 SUMMERFIELD PLACE,10303.0,1.0,0.0,1.0,2307.0,1360.0,2017.0,1,A5,544764,2019-10-28,statenisland,14 SUMMERFIELD PLACE NYC
3,FLATBUSH-EAST,01 ONE FAMILY DWELLINGS,1,7744,39,A9,957 EAST 40TH STREET,11210.0,1.0,0.0,1.0,1800.0,1372.0,1910.0,1,A9,500000,2019-05-17,brooklyn,957 EAST 40TH STREET NYC
4,FLUSHING-SOUTH,02 TWO FAMILY DWELLINGS,1,6966,59,B2,164-39 75TH ROAD,11366.0,2.0,0.0,2.0,2834.0,1980.0,2017.0,1,B2,1323725,2019-07-10,queens,164-39 75TH ROAD NYC
3,CYPRESS HILLS,02 TWO FAMILY DWELLINGS,1,4120,30,B3,166 AUTUMN AVENUE,11208.0,2.0,0.0,2.0,2000.0,1686.0,1910.0,1,B3,350000,2019-07-03,brooklyn,166 AUTUMN AVENUE NYC
4,CAMBRIA HEIGHTS,01 ONE FAMILY DWELLINGS,1,12796,5,A2,236-10 119TH AVENUE,11411.0,1.0,0.0,1.0,4000.0,915.0,1950.0,1,A2,450000,2019-07-02,queens,236-10 119TH AVENUE NYC
4,ELMHURST,03 THREE FAMILY DWELLINGS,1,2447,2,C0,47-17 72ND STREET,11377.0,3.0,0.0,3.0,2520.0,3286.0,2017.0,1,C0,1323725,2019-11-06,queens,47-17 72ND STREET NYC
2,COUNTRY CLUB,02 TWO FAMILY DWELLINGS,1,5480,15,B3,751 CLARENCE,10465.0,2.0,0.0,2.0,2625.0,2142.0,1950.0,1,B3,637000,2019-09-06,bronx,751 CLARENCE NYC
4,SOUTH OZONE PARK,01 ONE FAMILY DWELLINGS,1,11760,76,A5,135-31 SUTTER AVENUE,11420.0,1.0,0.0,1.0,1950.0,1020.0,1960.0,1,A5,510000,2019-05-31,queens,135-31 SUTTER AVENUE NYC
4,SO. JAMAICA-BAISLEY PARK,01 ONE FAMILY DWELLINGS,1,12017,20,A1,117-30 144 STREET,11436.0,1.0,0.0,1.0,2500.0,1208.0,1930.0,1,A1,555000,2019-04-19,queens,117-30 144 STREET NYC
4,MIDDLE VILLAGE,01 ONE FAMILY DWELLINGS,1,2820,124,A1,72-05 CALDWELL AVENUE,11378.0,1.0,0.0,1.0,2400.0,1170.0,1930.0,1,A1,575000,2019-01-10,queens,72-05 CALDWELL AVENUE NYC
4,FLUSHING-NORTH,02 TWO FAMILY DWELLINGS,1,5411,6,B3,155-19 DELAWARE AVENUE,11355.0,2.0,0.0,2.0,4400.0,1812.0,1910.0,1,B3,990000,2019-10-28,queens,155-19 DELAWARE AVENUE NYC
3,BENSONHURST,02 TWO FAMILY DWELLINGS,1,6171,20,B2,1730 70TH STREET,11204.0,2.0,0.0,2.0,2000.0,2000.0,1910.0,1,B2,990000,2019-06-24,brooklyn,1730 70TH STREET NYC
3,EAST NEW YORK,02 TWO FAMILY DWELLINGS,1,4007,3,B3,175 ATKINS AVENUE,11208.0,2.0,0.0,2.0,1900.0,1292.0,1930.0,1,B3,740250,2019-04-29,brooklyn,175 ATKINS AVENUE NYC
4,SO. JAMAICA-BAISLEY PARK,02 TWO FAMILY DWELLINGS,1,12023,87,B3,119-15 143RD STREET,11436.0,2.0,0.0,2.0,4017.0,1020.0,1950.0,1,B3,550000,2019-10-21,queens,119-15 143RD STREET NYC
4,RICHMOND HILL,01 ONE FAMILY DWELLINGS,1,9591,16,A1,104-32 132 STREET,11419.0,1.0,0.0,1.0,2500.0,1592.0,1920.0,1,A1,650000,2019-04-24,queens,104-32 132 STREET NYC
1,WASHINGTON HEIGHTS UPPER,01 ONE FAMILY DWELLINGS,1,2154,60,A5,559 WEST 182 STREET,10033.0,1.0,0.0,1.0,1329.0,2472.0,1901.0,1,A5,1221900,2019-07-26,manhattan,559 WEST 182 STREET NYC
5,GREAT KILLS,01 ONE FAMILY DWELLINGS,1,5263,95,A2,331 ROBINSON AVENUE,10312.0,1.0,0.0,1.0,3800.0,1020.0,1945.0,1,A2,505000,2019-07-31,statenisland,331 ROBINSON AVENUE NYC
4,RICHMOND HILL,02 TWO FAMILY DWELLINGS,1,9476,42,B3,97-11 130TH STREET,11419.0,2.0,0.0,2.0,3125.0,1601.0,1925.0,1,B3,765000,2019-10-30,queens,97-11 130TH STREET NYC
3,GRAVESEND,01 ONE FAMILY DWELLINGS,1,6579,47,A9,137 AVENUE O,11204.0,1.0,0.0,1.0,1850.0,1288.0,1935.0,1,A9,750000,2019-07-10,brooklyn,137 AVENUE O NYC
3,MIDWOOD,01 ONE FAMILY DWELLINGS,1,6702,78,A1,914 E 19TH STREET,11230.0,1.0,0.0,1.0,4000.0,2184.0,1910.0,1,A1,1380000,2019-04-09,brooklyn,914 E 19TH STREET NYC
3,EAST NEW YORK,01 ONE FAMILY DWELLINGS,1,4064,116,A5,541 ASHFORD STREET,11207.0,1.0,0.0,1.0,3060.0,1134.0,1992.0,1,A5,350000,2019-01-07,brooklyn,541 ASHFORD STREET NYC
4,JACKSON HEIGHTS,02 TWO FAMILY DWELLINGS,1,1404,9,B3,31-10 93RD STREET,11369.0,2.0,0.0,2.0,2000.0,1326.0,1930.0,1,B3,680000,2019-10-28,queens,31-10 93RD STREET NYC
3,FLATBUSH-EAST,03 THREE FAMILY DWELLINGS,1,4902,4,C0,3110 SNYDER AVENUE,11226.0,3.0,0.0,3.0,1670.0,2000.0,1910.0,1,C0,565000,2019-09-19,brooklyn,3110 SNYDER AVENUE NYC
4,SOUTH JAMAICA,01 ONE FAMILY DWELLINGS,1,10172,60,A1,164-09 109TH AVENUE,11433.0,1.0,0.0,1.0,1840.0,1144.0,1925.0,1,A1,356000,2019-09-06,queens,164-09 109TH AVENUE NYC
3,CONEY ISLAND,29 COMMERCIAL GARAGES,4,6996,105,G2,1521 NEPTUNE AVENUE,11224.0,0.0,1.0,1.0,1185.0,1064.0,1996.0,4,G2,650000,2019-07-03,brooklyn,1521 NEPTUNE AVENUE NYC
4,GLENDALE,02 TWO FAMILY DWELLINGS,1,3828,73,B1,78-46 79TH PLACE,11385.0,2.0,0.0,2.0,3800.0,3600.0,2007.0,1,B1,1272813,2019-04-08,queens,78-46 79TH PLACE NYC
4,BELLEROSE,01 ONE FAMILY DWELLINGS,1,8562,54,A5,80-35 249 STREET,11426.0,1.0,0.0,1.0,1620.0,1224.0,1940.0,1,A5,585000,2019-12-12,queens,80-35 249 STREET NYC
4,MASPETH,02 TWO FAMILY DWELLINGS,1,2396,68,B2,55-12 68TH STREET,11378.0,2.0,0.0,2.0,2291.0,1995.0,1920.0,1,B2,985000,2019-07-25,queens,55-12 68TH STREET NYC
3,BEDFORD STUYVESANT,03 THREE FAMILY DWELLINGS,1,1772,29,C0,184 HART STREET,11206.0,3.0,0.0,3.0,1900.0,3192.0,1910.0,1,C0,1280000,2019-05-29,brooklyn,184 HART STREET NYC
3,CONEY ISLAND,03 THREE FAMILY DWELLINGS,1,7019,28,C0,2848 WEST 19 STREET,11224.0,3.0,0.0,3.0,2375.0,2204.0,1920.0,1,C0,460000,2019-01-03,brooklyn,2848 WEST 19 STREET NYC
4,ST. ALBANS,02 TWO FAMILY DWELLINGS,1,10422,46,B3,185-15 GALWAY AVENUE,11412.0,2.0,0.0,2.0,4280.0,1429.0,1930.0,1,B3,450000,2019-08-12,queens,185-15 GALWAY AVENUE NYC
2,BEDFORD PARK/NORWOOD,01 ONE FAMILY DWELLINGS,1,3294,16,A1,2666 BRIGGS AVENUE,10458.0,1.0,0.0,1.0,1703.0,1285.0,1915.0,1,A1,725461,2019-11-12,bronx,2666 BRIGGS AVENUE NYC
4,ST. ALBANS,01 ONE FAMILY DWELLINGS,1,10270,110,A1,110-46 172ND STREET,11433.0,1.0,0.0,1.0,2650.0,1120.0,1920.0,1,A1,475000,2019-11-08,queens,110-46 172ND STREET NYC
4,SOUTH JAMAICA,02 TWO FAMILY DWELLINGS,1,12320,60,B2,163-56 SAYRES AVENUE,11433.0,2.0,0.0,2.0,3641.0,2150.0,1995.0,1,B2,637000,2019-11-12,queens,163-56 SAYRES AVENUE NYC
4,FAR ROCKAWAY,01 ONE FAMILY DWELLINGS,1,15687,60,A2,32-24 PLUNKETT AVENUE,11691.0,1.0,0.0,1.0,4000.0,2366.0,1970.0,1,A2,565500,2019-10-07,queens,32-24 PLUNKETT AVENUE NYC
4,ASTORIA,03 THREE FAMILY DWELLINGS,1,740,11,C0,30-87 49TH STREET,11103.0,3.0,0.0,3.0,2200.0,3034.0,1957.0,1,C0,1399000,2019-02-13,queens,30-87 49TH STREET NYC
3,FLATBUSH-EAST,02 TWO FAMILY DWELLINGS,1,7594,65,B2,950 EAST 31,11210.0,2.0,0.0,2.0,2581.0,2400.0,1925.0,1,B2,940000,2019-08-20,brooklyn,950 EAST 31 NYC
4,GLENDALE,02 TWO FAMILY DWELLINGS,1,3596,32,B1,62-10 75TH AVE,11385.0,2.0,0.0,2.0,1800.0,2285.0,1930.0,1,B1,960000,2019-10-09,queens,62-10 75TH AVE NYC
5,OAKWOOD-BEACH,01 ONE FAMILY DWELLINGS,1,4007,141,A2,372 PETER AVENUE,10306.0,1.0,0.0,1.0,4000.0,960.0,1960.0,1,A2,560000,2019-08-02,statenisland,372 PETER AVENUE NYC
5,SOUTH BEACH,01 ONE FAMILY DWELLINGS,1,3246,31,A9,115 LAMPORT BOULEVARD,10305.0,1.0,0.0,1.0,2058.0,1230.0,1960.0,1,A9,473000,2019-06-06,statenisland,115 LAMPORT BOULEVARD NYC
3,CYPRESS HILLS,01 ONE FAMILY DWELLINGS,1,4101,43,A9,111 ETNA STREET,11208.0,1.0,0.0,1.0,1650.0,1936.0,1920.0,1,A9,570000,2019-06-20,brooklyn,111 ETNA STREET NYC
5,GREAT KILLS,01 ONE FAMILY DWELLINGS,1,5027,21,A5,214 SPRATT AVENUE,10306.0,1.0,0.0,1.0,2400.0,1120.0,1992.0,1,A5,480000,2019-05-17,statenisland,214 SPRATT AVENUE NYC
3,FLATBUSH-CENTRAL,02 TWO FAMILY DWELLINGS,1,5193,21,B3,336 EAST 28TH STREET,11226.0,2.0,0.0,2.0,2153.0,1294.0,2019.0,1,B3,925000,2019-01-15,brooklyn,336 EAST 28TH STREET NYC
3,KENSINGTON,02 TWO FAMILY DWELLINGS,1,5320,72,B3,50 EAST 8TH STREET,11218.0,2.0,0.0,2.0,2500.0,1344.0,1910.0,1,B3,950000,2019-04-08,brooklyn,50 EAST 8TH STREET NYC
3,CANARSIE,02 TWO FAMILY DWELLINGS,1,8224,3,B1,9723 AVENUE K,11236.0,2.0,0.0,2.0,2000.0,1100.0,1955.0,1,B1,425000,2019-06-28,brooklyn,9723 AVENUE K NYC
4,ROCKAWAY PARK,02 TWO FAMILY DWELLINGS,1,16227,76,B1,182 BEACH 118TH STREET,11694.0,2.0,0.0,2.0,3000.0,2905.0,1965.0,1,B1,707000,2019-04-17,queens,182 BEACH 118TH STREET NYC
4,HOLLIS,01 ONE FAMILY DWELLINGS,1,10493,71,A1,88-24 199 STREET,11423.0,1.0,0.0,1.0,2000.0,1296.0,1920.0,1,A1,590000,2019-06-12,queens,88-24 199 STREET NYC
4,FAR ROCKAWAY,01 ONE FAMILY DWELLINGS,1,15656,8,A1,14-32 EGGERT PLACE,11691.0,1.0,0.0,1.0,2500.0,1296.0,1910.0,1,A1,415000,2019-12-13,queens,14-32 EGGERT PLACE NYC
4,QUEENS VILLAGE,01 ONE FAMILY DWELLINGS,1,10644,23,A1,90-18 212TH PLACE,11428.0,1.0,0.0,1.0,2944.0,1689.0,1930.0,1,A1,469098,2019-11-04,queens,90-18 212TH PLACE NYC
3,EAST NEW YORK,02 TWO FAMILY DWELLINGS,1,4453,38,B3,488 BERRIMAN,11208.0,2.0,0.0,2.0,3000.0,2400.0,1925.0,1,B3,452500,2019-12-16,brooklyn,488 BERRIMAN NYC
4,SO. JAMAICA-BAISLEY PARK,01 ONE FAMILY DWELLINGS,1,12042,20,A5,120-27 145TH STREET,11436.0,1.0,0.0,1.0,2600.0,1056.0,1960.0,1,A5,525000,2019-04-05,queens,120-27 145TH STREET NYC
5,MARINERS HARBOR,01 ONE FAMILY DWELLINGS,1,1160,34,A5,41 SIMONSON AVENUE,10303.0,1.0,0.0,1.0,2760.0,1500.0,2000.0,1,A5,488800,2019-08-30,statenisland,41 SIMONSON AVENUE NYC
4,SOUTH OZONE PARK,01 ONE FAMILY DWELLINGS,1,11780,132,A1,131-18 135TH PLACE,11420.0,1.0,0.0,1.0,2100.0,812.0,1920.0,1,A1,305549,2019-07-30,queens,131-18 135TH PLACE NYC
3,GRAVESEND,01 ONE FAMILY DWELLINGS,1,6651,40,A1,1784 WEST 5TH STREET,11223.0,1.0,0.0,1.0,3000.0,1878.0,1920.0,1,A1,998000,2019-12-18,brooklyn,1784 WEST 5TH STREET NYC
4,HOWARD BEACH,02 TWO FAMILY DWELLINGS,1,14212,49,B3,164-29 98TH STREET,11414.0,2.0,0.0,2.0,4000.0,2288.0,1955.0,1,B3,524660,2019-03-07,queens,164-29 98TH STREET NYC
4,SOUTH OZONE PARK,02 TWO FAMILY DWELLINGS,1,11770,68,B3,131-21 131ST AVENUE,11420.0,2.0,0.0,2.0,3000.0,1408.0,1925.0,1,B3,590000,2019-08-30,queens,131-21 131ST AVENUE NYC
4,SO. JAMAICA-BAISLEY PARK,01 ONE FAMILY DWELLINGS,1,12225,28,A5,155-46 116TH ROAD,11434.0,1.0,0.0,1.0,2500.0,1368.0,1960.0,1,A5,544000,2019-08-20,queens,155-46 116TH ROAD NYC
3,SHEEPSHEAD BAY,02 TWO FAMILY DWELLINGS,1,7382,67,B1,2251 EAST 23RD STREET,11229.0,2.0,0.0,2.0,2500.0,2425.0,1930.0,1,B1,961000,2019-10-28,brooklyn,2251 EAST 23RD STREET NYC
3,EAST NEW YORK,02 TWO FAMILY DWELLINGS,1,4070,35,B1,364 ATKINS,11208.0,2.0,0.0,2.0,2650.0,2000.0,1910.0,1,B1,650000,2019-06-19,brooklyn,364 ATKINS NYC
4,DOUGLASTON,01 ONE FAMILY DWELLINGS,1,8080,22,A1,233-38 38TH DRIVE,11363.0,1.0,0.0,1.0,3696.0,2092.0,1975.0,1,A1,1100000,2019-12-18,queens,233-38 38TH DRIVE NYC
4,QUEENS VILLAGE,01 ONE FAMILY DWELLINGS,1,10741,11,A1,222-22 93RD ROAD,11428.0,1.0,0.0,1.0,4000.0,1512.0,1925.0,1,A1,560000,2019-06-28,queens,222-22 93RD ROAD NYC
5,HUGUENOT,01 ONE FAMILY DWELLINGS,1,6577,31,A1,80 KINGDOM AVENUE,10312.0,1.0,0.0,1.0,4000.0,1182.0,1920.0,1,A1,740000,2019-09-12,statenisland,80 KINGDOM AVENUE NYC
2,PELHAM PARKWAY NORTH,01 ONE FAMILY DWELLINGS,1,4476,73,A1,2527 FENTON AVENUE,10469.0,1.0,0.0,1.0,2650.0,1320.0,1940.0,1,A1,480000,2019-04-10,bronx,2527 FENTON AVENUE NYC
3,BATH BEACH,03 THREE FAMILY DWELLINGS,1,6374,43,C0,19 BAY 23RD,11214.0,3.0,0.0,3.0,3867.0,3785.0,1910.0,1,C0,1500000,2019-09-12,brooklyn,19 BAY 23RD NYC
4,FAR ROCKAWAY,02 TWO FAMILY DWELLINGS,1,15625,30,B2,316 BEACH 15 ST,11691.0,2.0,0.0,2.0,3880.0,4500.0,1930.0,1,B2,500000,2019-12-27,queens,316 BEACH 15 ST NYC
4,FLUSHING-SOUTH,02 TWO FAMILY DWELLINGS,1,6616,25,B1,141-06 JEWEL AVENUE,11367.0,2.0,0.0,2.0,2254.0,1848.0,1940.0,1,B1,918000,2019-08-02,queens,141-06 JEWEL AVENUE NYC
2,SCHUYLERVILLE/PELHAM BAY,02 TWO FAMILY DWELLINGS,1,4247,28,B1,2926 EAST 196 STREET,10461.0,2.0,0.0,2.0,2813.0,1770.0,1960.0,1,B1,733000,2019-02-14,bronx,2926 EAST 196 STREET NYC
4,QUEENS VILLAGE,01 ONE FAMILY DWELLINGS,1,11219,66,A0,221-44 112TH ROAD,11429.0,1.0,0.0,1.0,4000.0,1038.0,1945.0,1,A0,610000,2019-09-03,queens,221-44 112TH ROAD NYC
4,FLUSHING-NORTH,01 ONE FAMILY DWELLINGS,1,5367,9,A5,42-38 192ND STREET,11358.0,1.0,0.0,1.0,1900.0,2160.0,1950.0,1,A5,312187,2019-07-23,queens,42-38 192ND STREET NYC
3,MADISON,01 ONE FAMILY DWELLINGS,1,6837,77,A5,1815 HARING STREET,11229.0,1.0,0.0,1.0,2233.0,1950.0,1930.0,1,A5,850000,2019-03-28,brooklyn,1815 HARING STREET NYC
2,BEDFORD PARK/NORWOOD,02 TWO FAMILY DWELLINGS,1,3298,12,B2,2958 BRIGGS AVENUE,10458.0,2.0,0.0,2.0,2495.0,2080.0,1901.0,1,B2,570000,2019-06-13,bronx,2958 BRIGGS AVENUE NYC
4,ELMHURST,02 TWO FAMILY DWELLINGS,1,2876,47,B2,85-11 53RD AVE,11373.0,2.0,0.0,2.0,2375.0,2580.0,1915.0,1,B2,995000,2019-07-31,queens,85-11 53RD AVE NYC
5,NEW SPRINGVILLE,01 ONE FAMILY DWELLINGS,1,2384,21,A5,189 MERRYMOUNT STREET,10314.0,1.0,0.0,1.0,3040.0,1360.0,1970.0,1,A5,597000,2019-12-16,statenisland,189 MERRYMOUNT STREET NYC
4,WOODHAVEN,02 TWO FAMILY DWELLINGS,1,8911,15,B3,88-14 80TH STREET,11421.0,2.0,0.0,2.0,2523.0,1404.0,1910.0,1,B3,760000,2019-06-17,queens,88-14 80TH STREET NYC
4,RIDGEWOOD,01 ONE FAMILY DWELLINGS,1,3584,44,A5,75-13 60TH PLACE,11385.0,1.0,0.0,1.0,2000.0,1312.0,1920.0,1,A5,660000,2019-01-09,queens,75-13 60TH PLACE NYC
2,WILLIAMSBRIDGE,01 ONE FAMILY DWELLINGS,1,4873,62,A5,1044 EAST 227 STREET,10466.0,1.0,0.0,1.0,1970.0,1683.0,1950.0,1,A5,508000,2019-05-09,bronx,1044 EAST 227 STREET NYC
4,SOUTH OZONE PARK,03 THREE FAMILY DWELLINGS,1,11600,16,C0,109-30 120TH STREET,11420.0,3.0,0.0,3.0,2517.0,2412.0,1920.0,1,C0,987000,2019-10-30,queens,109-30 120TH STREET NYC
5,BULLS HEAD,22 STORE BUILDINGS,4,1685,113,K2,2162 FOREST AVENUE,10303.0,0.0,1.0,1.0,3500.0,2900.0,1989.0,4,K2,1050000,2019-11-26,statenisland,2162 FOREST AVENUE NYC
2,WILLIAMSBRIDGE,03 THREE FAMILY DWELLINGS,1,4701,37,C0,1010 EAST 219 STREET,10469.0,3.0,0.0,3.0,2708.0,2899.0,1925.0,1,C0,650000,2019-09-10,bronx,1010 EAST 219 STREET NYC
3,BENSONHURST,02 TWO FAMILY DWELLINGS,1,6848,21,B3,2336 80TH STREET,11214.0,2.0,0.0,2.0,2000.0,1452.0,1925.0,1,B3,998000,2019-11-15,brooklyn,2336 80TH STREET NYC
3,BAY RIDGE,02 TWO FAMILY DWELLINGS,1,6141,78,B1,582 FT HILL PLACE,11228.0,2.0,0.0,2.0,3418.0,1800.0,1955.0,1,B1,1209000,2019-08-22,brooklyn,582 FT HILL PLACE NYC
2,BAYCHESTER,02 TWO FAMILY DWELLINGS,1,4799,107,B1,2865 GRACE AVENUE,10469.0,2.0,0.0,2.0,3037.0,3105.0,2006.0,1,B1,875000,2019-04-05,bronx,2865 GRACE AVENUE NYC
5,GREAT KILLS,01 ONE FAMILY DWELLINGS,1,5485,61,A5,366 CORTELYOU AVENUE,10312.0,1.0,0.0,1.0,2400.0,1344.0,1980.0,1,A5,500000,2019-09-05,statenisland,366 CORTELYOU AVENUE NYC
4,ASTORIA,02 TWO FAMILY DWELLINGS,1,679,43,B2,41-14 31ST AVENUE,11103.0,2.0,0.0,2.0,2500.0,2114.0,1910.0,1,B2,825000,2019-05-30,queens,41-14 31ST AVENUE NYC
3,OLD MILL BASIN,01 ONE FAMILY DWELLINGS,1,7880,31,A9,1473 EAST 55TH STREET,11234.0,1.0,0.0,1.0,2000.0,1512.0,1925.0,1,A9,450000,2019-10-24,brooklyn,1473 EAST 55TH STREET NYC
4,BAYSIDE,01 ONE FAMILY DWELLINGS,1,5986,58,A1,208-22 26TH AVENUE,11360.0,1.0,0.0,1.0,4300.0,2953.0,1960.0,1,A1,840056,2019-07-31,queens,208-22 26TH AVENUE NYC
4,SPRINGFIELD GARDENS,01 ONE FAMILY DWELLINGS,1,12295,25,A1,134-38 157TH STREET,11434.0,1.0,0.0,1.0,2500.0,1020.0,1935.0,1,A1,600000,2019-10-03,queens,134-38 157TH STREET NYC
5,PORT RICHMOND,01 ONE FAMILY DWELLINGS,1,1102,40,A1,13 LAFORGE AVENUE,10302.0,1.0,0.0,1.0,2500.0,1376.0,1905.0,1,A1,399000,2019-08-08,statenisland,13 LAFORGE AVENUE NYC
3,CROWN HEIGHTS,02 TWO FAMILY DWELLINGS,1,1293,27,B9,1430 CARROLL STREET,11213.0,2.0,0.0,2.0,2811.0,2108.0,1910.0,1,B9,1450000,2019-09-27,brooklyn,1430 CARROLL STREET NYC
3,OCEAN PARKWAY-SOUTH,02 TWO FAMILY DWELLINGS,1,7174,6,B1,296 AVENUE W,11223.0,2.0,0.0,2.0,2000.0,2784.0,1930.0,1,B1,1100000,2019-12-10,brooklyn,296 AVENUE W NYC
4,KEW GARDENS,03 THREE FAMILY DWELLINGS,1,9234,9,C0,84-04 LEFFERTS BOULEVARD,11415.0,3.0,0.0,3.0,1810.0,3240.0,1977.0,1,C0,1230000,2019-08-13,queens,84-04 LEFFERTS BOULEVARD NYC
5,NEW SPRINGVILLE,01 ONE FAMILY DWELLINGS,1,2115,22,A5,43 BOWLING GREEN PLACE,10314.0,1.0,0.0,1.0,2760.0,1590.0,1975.0,1,A5,385000,2019-10-04,statenisland,43 BOWLING GREEN PLACE NYC
3,FLATLANDS,02 TWO FAMILY DWELLINGS,1,7761,58,B1,920 EAST 58TH STREET,11234.0,2.0,0.0,2.0,2192.0,2184.0,1945.0,1,B1,389500,2019-03-29,brooklyn,920 EAST 58TH STREET NYC
3,SHEEPSHEAD BAY,01 ONE FAMILY DWELLINGS,1,7399,88,S1,1412 GRAVESEND NECK ROAD,11229.0,1.0,1.0,2.0,2200.0,1880.0,1930.0,1,S1,920000,2019-09-24,brooklyn,1412 GRAVESEND NECK ROAD NYC
3,PARK SLOPE SOUTH,01 ONE FAMILY DWELLINGS,1,1010,24,S1,284 9TH STREET,11215.0,1.0,1.0,2.0,1207.0,2050.0,1930.0,1,S1,1240000,2019-04-12,brooklyn,284 9TH STREET NYC
3,FLATBUSH-LEFFERTS GARDEN,02 TWO FAMILY DWELLINGS,1,5045,3,S2,679 FLATBUSH AVENUE,11225.0,2.0,1.0,3.0,1770.0,3925.0,1925.0,1,S2,1260000,2019-04-15,brooklyn,679 FLATBUSH AVENUE NYC
5,MANOR HEIGHTS,01 ONE FAMILY DWELLINGS,1,700,29,A2,48 TILLMAN STREET,10314.0,1.0,0.0,1.0,4000.0,1965.0,1960.0,1,A2,630000,2019-12-11,statenisland,48 TILLMAN STREET NYC
2,BEDFORD PARK/NORWOOD,02 TWO FAMILY DWELLINGS,1,3355,86,B2,3312 DECATUR AVENUE,10467.0,2.0,0.0,2.0,4750.0,2105.0,1920.0,1,B2,700000,2019-01-28,bronx,3312 DECATUR AVENUE NYC
3,WINDSOR TERRACE,02 TWO FAMILY DWELLINGS,1,890,124,B1,578 19TH STREET,11218.0,2.0,0.0,2.0,1953.0,1824.0,1965.0,1,B1,1465000,2019-05-07,brooklyn,578 19TH STREET NYC
2,SCHUYLERVILLE/PELHAM BAY,02 TWO FAMILY DWELLINGS,1,4177,40,B2,1718 MAHAN AVE,10461.0,2.0,0.0,2.0,2500.0,2052.0,1925.0,1,B2,600000,2019-11-26,bronx,1718 MAHAN AVE NYC
5,WESTERLEIGH,02 TWO FAMILY DWELLINGS,1,464,18,B2,455 LIVERMORE AVENUE,10314.0,2.0,0.0,2.0,4000.0,1720.0,1965.0,1,B2,766000,2019-07-12,statenisland,455 LIVERMORE AVENUE NYC
3,BEDFORD STUYVESANT,02 TWO FAMILY DWELLINGS,1,1994,48,S2,1101 FULTON STREET,11238.0,2.0,1.0,3.0,1796.0,3000.0,1930.0,1,S2,1000000,2019-04-15,brooklyn,1101 FULTON STREET NYC
4,FLUSHING-NORTH,01 ONE FAMILY DWELLINGS,1,5569,16,A0,49-39 166TH STREET,11365.0,1.0,0.0,1.0,4000.0,945.0,1955.0,1,A0,710000,2019-03-29,queens,49-39 166TH STREET NYC
4,SOUTH JAMAICA,01 ONE FAMILY DWELLINGS,1,12167,48,A2,111-38 155TH STREET,11433.0,1.0,0.0,1.0,1868.0,820.0,1940.0,1,A2,495000,2019-01-25,queens,111-38 155TH STREET NYC
3,BUSHWICK,02 TWO FAMILY DWELLINGS,1,3350,56,B9,109 WOODBINE STREET,11221.0,2.0,0.0,2.0,2000.0,2700.0,1910.0,1,B9,875000,2019-07-22,brooklyn,109 WOODBINE STREET NYC
4,HOLLIS,02 TWO FAMILY DWELLINGS,1,10897,53,B3,104-11 201ST STREET,11412.0,2.0,0.0,2.0,3325.0,1647.0,1925.0,1,B3,575000,2019-12-30,queens,104-11 201ST STREET NYC
4,ELMHURST,01 ONE FAMILY DWELLINGS,1,1870,49,A1,9221 55TH AVE,11373.0,1.0,0.0,1.0,3061.0,1312.0,1930.0,1,A1,940000,2019-12-31,queens,9221 55TH AVE NYC
4,RICHMOND HILL,01 ONE FAMILY DWELLINGS,1,9544,39,A1,107-64 107TH STREET,11417.0,1.0,0.0,1.0,2150.0,1170.0,1920.0,1,A1,680000,2019-12-17,queens,107-64 107TH STREET NYC
4,ST. ALBANS,01 ONE FAMILY DWELLINGS,1,12624,8,A1,199-18 118TH AVENUE,11412.0,1.0,0.0,1.0,3000.0,1816.0,1925.0,1,A1,460000,2019-06-18,queens,199-18 118TH AVENUE NYC
4,SOUTH JAMAICA,02 TWO FAMILY DWELLINGS,1,12148,8,B1,109-31 157TH STREET,11433.0,2.0,0.0,2.0,3781.0,3140.0,2008.0,1,B1,515260,2019-05-13,queens,109-31 157TH STREET NYC
5,MANOR HEIGHTS,01 ONE FAMILY DWELLINGS,1,814,4,A5,381 BRADLEY AVENUE,10314.0,1.0,0.0,1.0,4514.0,1980.0,1989.0,1,A5,680000,2019-11-14,statenisland,381 BRADLEY AVENUE NYC
2,MORRIS PARK/VAN NEST,02 TWO FAMILY DWELLINGS,1,4044,19,B2,1715 MATTHEWS AVENUE,10462.0,2.0,0.0,2.0,2375.0,1644.0,1925.0,1,B2,740940,2019-11-14,bronx,1715 MATTHEWS AVENUE NYC
2,BAYCHESTER,02 TWO FAMILY DWELLINGS,1,4990,2,B2,4014 DURYEA AVENUE,10466.0,2.0,0.0,2.0,4675.0,2952.0,1920.0,1,B2,650000,2019-08-29,bronx,4014 DURYEA AVENUE NYC
4,ASTORIA,07 RENTALS - WALKUP APARTMENTS,2A,856,4,C3,26-09 23RD AVENUE,11105.0,4.0,0.0,4.0,2000.0,2120.0,1931.0,2,C3,1460000,2019-05-07,queens,26-09 23RD AVENUE NYC
4,CORONA,01 ONE FAMILY DWELLINGS,1,1903,21,A1,55-15 JUNCTION BOULEVARD,11373.0,1.0,0.0,1.0,2000.0,1344.0,1930.0,1,A1,750000,2019-01-03,queens,55-15 JUNCTION BOULEVARD NYC
2,BAYCHESTER,02 TWO FAMILY DWELLINGS,1,4742,29,B1,1459 BURKE AVENUE,10469.0,2.0,0.0,2.0,2400.0,1914.0,1945.0,1,B1,575000,2019-09-20,bronx,1459 BURKE AVENUE NYC
3,MARINE PARK,01 ONE FAMILY DWELLINGS,1,7702,65,A1,1652 MARINE PARKWAY,11234.0,1.0,0.0,1.0,3100.0,1392.0,1925.0,1,A1,880000,2019-09-20,brooklyn,1652 MARINE PARKWAY NYC
4,COLLEGE POINT,02 TWO FAMILY DWELLINGS,1,4019,140,B1,114-35 TAIPEI COURT,11356.0,2.0,0.0,2.0,1400.0,2400.0,2017.0,1,B1,712775,2019-12-10,queens,114-35 TAIPEI COURT NYC
3,BAY RIDGE,01 ONE FAMILY DWELLINGS,1,5860,127,A5,6833 BLISS TERRACE,11220.0,1.0,0.0,1.0,1755.0,1254.0,1925.0,1,A5,1125000,2019-09-04,brooklyn,6833 BLISS TERRACE NYC
4,SPRINGFIELD GARDENS,01 ONE FAMILY DWELLINGS,1,12733,58,A5,122-56 SPRINGFIELD BOULEVARD,11413.0,1.0,0.0,1.0,1600.0,1120.0,1950.0,1,A5,325000,2019-07-02,queens,122-56 SPRINGFIELD BOULEVARD NYC
2,BAYCHESTER,02 TWO FAMILY DWELLINGS,1,4717,87,B9,1485 NEEDHAM AVENUE,10469.0,2.0,0.0,2.0,1710.0,2230.0,1950.0,1,B9,670000,2019-08-27,bronx,1485 NEEDHAM AVENUE NYC
2,PARKCHESTER,02 TWO FAMILY DWELLINGS,1,3917,4,B2,1508 ROSEDALE AVENUE,10460.0,2.0,0.0,2.0,2375.0,3078.0,1901.0,1,B2,555000,2019-01-30,bronx,1508 ROSEDALE AVENUE NYC
5,SOUTH BEACH,02 TWO FAMILY DWELLINGS,1,3368,37,B2,340 BURGHER AVENUE,10305.0,2.0,0.0,2.0,4300.0,1872.0,1950.0,1,B2,825000,2019-08-05,statenisland,340 BURGHER AVENUE NYC
3,DYKER HEIGHTS,01 ONE FAMILY DWELLINGS,1,5973,26,A5,946 78TH STREET,11228.0,1.0,0.0,1.0,2000.0,1760.0,1925.0,1,A5,950000,2019-06-28,brooklyn,946 78TH STREET NYC
3,MANHATTAN BEACH,02 TWO FAMILY DWELLINGS,1,8726,27,B1,54 AMHERST STREET,11235.0,2.0,0.0,2.0,4160.0,3700.0,1950.0,1,B1,1325000,2019-06-17,brooklyn,54 AMHERST STREET NYC
2,BEDFORD PARK/NORWOOD,01 ONE FAMILY DWELLINGS,1,3311,31,A1,3166 VILLA AVENUE,10468.0,1.0,0.0,1.0,1600.0,1536.0,1910.0,1,A1,958554,2019-10-11,bronx,3166 VILLA AVENUE NYC
4,GLENDALE,01 ONE FAMILY DWELLINGS,1,3654,17,A9,69-08 68TH PLACE,11385.0,1.0,0.0,1.0,1924.0,1325.0,1930.0,1,A9,685000,2019-02-27,queens,69-08 68TH PLACE NYC
4,QUEENS VILLAGE,01 ONE FAMILY DWELLINGS,1,11225,47,A2,225-42 112TH ROAD,11429.0,1.0,0.0,1.0,4000.0,1314.0,1940.0,1,A2,440000,2019-08-30,queens,225-42 112TH ROAD NYC
3,FLATBUSH-LEFFERTS GARDEN,03 THREE FAMILY DWELLINGS,1,5047,10,C0,224 HAWTHORNE STREET,11225.0,3.0,0.0,3.0,2120.0,3264.0,1915.0,1,C0,1450000,2019-05-23,brooklyn,224 HAWTHORNE STREET NYC
4,HOLLIS,01 ONE FAMILY DWELLINGS,1,10482,64,A1,90-64 201 STREET,11423.0,1.0,0.0,1.0,2000.0,1230.0,1920.0,1,A1,550000,2019-05-06,queens,90-64 201 STREET NYC
4,JAMAICA,02 TWO FAMILY DWELLINGS,1,10029,119,B3,97-30 WALTHAM STREET,11435.0,2.0,0.0,2.0,1600.0,1361.0,1901.0,1,B3,550000,2019-06-19,queens,97-30 WALTHAM STREET NYC
5,SOUTH BEACH,01 ONE FAMILY DWELLINGS,1,3275,29,A2,97 HICKORY AVENUE,10305.0,1.0,0.0,1.0,4000.0,897.0,1950.0,1,A2,540000,2019-09-09,statenisland,97 HICKORY AVENUE NYC
4,SOUTH OZONE PARK,01 ONE FAMILY DWELLINGS,1,11606,41,A1,125-03 111 AVENUE,11420.0,1.0,0.0,1.0,2000.0,736.0,1920.0,1,A1,475000,2019-08-29,queens,125-03 111 AVENUE NYC
4,ELMHURST,03 THREE FAMILY DWELLINGS,1,2905,9,C0,55-02 84TH STREET,11373.0,3.0,0.0,3.0,2142.0,2560.0,1960.0,1,C0,1380000,2019-09-26,queens,55-02 84TH STREET NYC
2,PARKCHESTER,02 TWO FAMILY DWELLINGS,1,3937,131,B1,1564 WHITE PLAINS ROAD,10462.0,2.0,0.0,2.0,2565.0,2604.0,1930.0,1,B1,625000,2019-06-26,bronx,1564 WHITE PLAINS ROAD NYC
5,NEW DORP-BEACH,01 ONE FAMILY DWELLINGS,1,4085,34,A2,121 MARINE WAY,10306.0,1.0,0.0,1.0,4960.0,1048.0,1950.0,1,A2,515000,2019-08-02,statenisland,121 MARINE WAY NYC
4,HOWARD BEACH,01 ONE FAMILY DWELLINGS,1,14210,22,A1,164-32 97TH STREET,11414.0,1.0,0.0,1.0,2300.0,1280.0,1935.0,1,A1,650000,2019-10-24,queens,164-32 97TH STREET NYC
5,GREAT KILLS,02 TWO FAMILY DWELLINGS,1,4510,83,B2,37 SANDALWOOD DRIVE,10308.0,2.0,0.0,2.0,2845.0,3696.0,1982.0,1,B2,553800,2019-08-01,statenisland,37 SANDALWOOD DRIVE NYC
3,RED HOOK,30 WAREHOUSES,4,555,19,E2,145 KING STREET,11231.0,0.0,1.0,1.0,1400.0,1400.0,1931.0,4,E2,1360000,2019-08-05,brooklyn,145 KING STREET NYC
4,SUNNYSIDE,01 ONE FAMILY DWELLINGS,1,2295,24,A9,50-39 45TH STREET,11377.0,1.0,0.0,1.0,2008.0,1280.0,1930.0,1,A9,650000,2019-05-17,queens,50-39 45TH STREET NYC
5,GREAT KILLS,01 ONE FAMILY DWELLINGS,1,5468,65,A5,35 EAST FIGUREA AVENUE,10308.0,1.0,0.0,1.0,2800.0,1880.0,1970.0,1,A5,623000,2019-05-08,statenisland,35 EAST FIGUREA AVENUE NYC
4,MIDDLE VILLAGE,01 ONE FAMILY DWELLINGS,1,2941,23,A5,82-69 61ST ROAD,11379.0,1.0,0.0,1.0,1808.0,1080.0,1940.0,1,A5,700000,2019-12-17,queens,82-69 61ST ROAD NYC
2,WAKEFIELD,01 ONE FAMILY DWELLINGS,1,5051,23,A1,4334 GUNTHER AVENUE,10466.0,1.0,0.0,1.0,3645.0,1488.0,1925.0,1,A1,372138,2019-06-18,bronx,4334 GUNTHER AVENUE NYC
4,REGO PARK,02 TWO FAMILY DWELLINGS,1,2091,26,B1,97-44 64TH AVENUE,11374.0,2.0,0.0,2.0,2442.0,2000.0,1935.0,1,B1,1867250,2019-10-10,queens,97-44 64TH AVENUE NYC
4,SOUTH OZONE PARK,01 ONE FAMILY DWELLINGS,1,11740,45,A5,13324 HAWTREE CREEK ROAD,11420.0,1.0,0.0,1.0,1665.0,1120.0,1950.0,1,A5,558000,2019-04-15,queens,13324 HAWTREE CREEK ROAD NYC
4,RIDGEWOOD,07 RENTALS - WALKUP APARTMENTS,2A,3390,14,C3,1912 BLEECKER,11385.0,4.0,0.0,4.0,2500.0,2750.0,1915.0,2,C3,750000,2019-04-14,queens,1912 BLEECKER NYC
3,PROSPECT HEIGHTS,02 TWO FAMILY DWELLINGS,1,1122,51,B9,887 PACIFIC STREET,11238.0,2.0,0.0,2.0,2000.0,1920.0,1920.0,1,B9,1700000,2019-07-22,brooklyn,887 PACIFIC STREET NYC
5,SOUTH BEACH,21 OFFICE BUILDINGS,4,3350,23,O7,1432 HYLAN BOULEVARD,10305.0,0.0,1.0,1.0,4500.0,3699.0,2003.0,4,O7,1180000,2019-06-25,statenisland,1432 HYLAN BOULEVARD NYC
4,REGO PARK,02 TWO FAMILY DWELLINGS,1,3102,89,B3,6207 ALDERTON STREET,11374.0,2.0,0.0,2.0,2932.0,2115.0,1945.0,1,B3,900000,2019-04-29,queens,6207 ALDERTON STREET NYC
4,SO. JAMAICA-BAISLEY PARK,01 ONE FAMILY DWELLINGS,1,12028,8,A1,147-20 119TH AVENUE,11436.0,1.0,0.0,1.0,2500.0,1280.0,1925.0,1,A1,606000,2019-09-16,queens,147-20 119TH AVENUE NYC
3,BOROUGH PARK,02 TWO FAMILY DWELLINGS,1,5659,23,B1,936 52ND STREET,11219.0,2.0,0.0,2.0,2003.0,2488.0,1905.0,1,B1,1539000,2019-06-26,brooklyn,936 52ND STREET NYC
4,ELMHURST,02 TWO FAMILY DWELLINGS,1,1349,10,B2,69-18 WOODSIDE AVENUE,11377.0,2.0,0.0,2.0,2634.0,1748.0,1925.0,1,B2,1215000,2019-10-16,queens,69-18 WOODSIDE AVENUE NYC
2,PELHAM PARKWAY SOUTH,01 ONE FAMILY DWELLINGS,1,4277,33,A5,1905 NARRAGANSETT AVENUE,10461.0,1.0,0.0,1.0,3400.0,1400.0,1940.0,1,A5,630000,2019-03-11,bronx,1905 NARRAGANSETT AVENUE NYC
2,MORRISANIA/LONGWOOD,02 TWO FAMILY DWELLINGS,1,2683,4,B2,568 PROSPECT AVENUE,10455.0,2.0,0.0,2.0,4386.0,2340.0,1989.0,1,B2,700000,2019-05-16,bronx,568 PROSPECT AVENUE NYC
4,CORONA,03 THREE FAMILY DWELLINGS,1,1962,21,C0,109-50 CORONA AVENUE,11368.0,3.0,0.0,3.0,2254.0,2082.0,1920.0,1,C0,750000,2019-03-27,queens,109-50 CORONA AVENUE NYC
4,SOUTH JAMAICA,01 ONE FAMILY DWELLINGS,1,10070,40,A1,106-30 REMINGTON STREET,11435.0,1.0,0.0,1.0,2500.0,1280.0,1920.0,1,A1,368000,2019-04-09,queens,106-30 REMINGTON STREET NYC
3,OCEAN HILL,03 THREE FAMILY DWELLINGS,1,1506,22,C0,680 DECATUR STREET,11233.0,3.0,0.0,3.0,1925.0,2598.0,1910.0,1,C0,927000,2019-01-14,brooklyn,680 DECATUR STREET NYC
4,BRIARWOOD,01 ONE FAMILY DWELLINGS,1,9724,83,A1,86-02 148TH STREET,11435.0,1.0,0.0,1.0,4000.0,1635.0,1920.0,1,A1,875000,2019-12-30,queens,86-02 148TH STREET NYC
2,MORRIS PARK/VAN NEST,02 TWO FAMILY DWELLINGS,1,4051,44,B2,1865 HOLLAND AVE,10462.0,2.0,0.0,2.0,2500.0,3640.0,1915.0,1,B2,610000,2019-01-29,bronx,1865 HOLLAND AVE NYC
2,EAST TREMONT,01 ONE FAMILY DWELLINGS,1,3092,41,A9,1969 CLINTON AVENUE,10457.0,1.0,0.0,1.0,2242.0,2002.0,1930.0,1,A9,371848,2019-02-13,bronx,1969 CLINTON AVENUE NYC
4,WOODSIDE,01 ONE FAMILY DWELLINGS,1,1017,86,A5,25-81 50TH STREET,11377.0,1.0,0.0,1.0,4260.0,1400.0,1950.0,1,A5,930000,2019-10-03,queens,25-81 50TH STREET NYC
3,OCEAN HILL,03 THREE FAMILY DWELLINGS,1,1436,48,C0,2347 PACIFIC STREET,11233.0,3.0,0.0,3.0,1800.0,2160.0,1901.0,1,C0,840000,2019-01-30,brooklyn,2347 PACIFIC STREET NYC
2,WAKEFIELD,02 TWO FAMILY DWELLINGS,1,5026,57,B1,2079 EDENWALD AVENUE,10466.0,2.0,0.0,2.0,2850.0,2200.0,2018.0,1,B1,799326,2019-03-18,bronx,2079 EDENWALD AVENUE NYC
4,FLUSHING-NORTH,01 ONE FAMILY DWELLINGS,1,5253,56,A1,33-12 169TH STREET,11358.0,1.0,0.0,1.0,4000.0,1604.0,1940.0,1,A1,808000,2019-06-13,queens,33-12 169TH STREET NYC
4,OZONE PARK,02 TWO FAMILY DWELLINGS,1,11351,14,B3,132-16 89 STREET,11417.0,2.0,0.0,2.0,2000.0,1600.0,1940.0,1,B3,595000,2019-07-30,queens,132-16 89 STREET NYC
4,HOLLISWOOD,01 ONE FAMILY DWELLINGS,1,7270,20,A1,81-32 189TH STREET,11423.0,1.0,0.0,1.0,4000.0,1680.0,1940.0,1,A1,995000,2019-06-13,queens,81-32 189TH STREET NYC
5,OAKWOOD-BEACH,01 ONE FAMILY DWELLINGS,1,4007,71,A9,424 FALCON AVENUE,10306.0,1.0,0.0,1.0,3137.0,924.0,1960.0,1,A9,530000,2019-08-16,statenisland,424 FALCON AVENUE NYC
5,STAPLETON,02 TWO FAMILY DWELLINGS,1,563,48,B2,197 TARGEE STREET,10304.0,2.0,0.0,2.0,3000.0,1328.0,1920.0,1,B2,330000,2019-06-03,statenisland,197 TARGEE STREET NYC
2,BAYCHESTER,01 ONE FAMILY DWELLINGS,1,4749,35,A5,3303 TIEMANN,10469.0,1.0,0.0,1.0,1710.0,1188.0,1955.0,1,A5,457500,2019-01-15,bronx,3303 TIEMANN NYC
3,CLINTON HILL,02 TWO FAMILY DWELLINGS,1,1891,4,B3,127 HALL STREET,11205.0,2.0,0.0,2.0,2000.0,2100.0,1901.0,1,B3,1412500,2019-05-15,brooklyn,127 HALL STREET NYC
4,RIDGEWOOD,02 TWO FAMILY DWELLINGS,1,3535,34,B1,60-97 69TH AVENUE,11385.0,2.0,0.0,2.0,2017.0,3165.0,1910.0,1,B1,975000,2019-12-30,queens,60-97 69TH AVENUE NYC
3,WILLIAMSBURG-EAST,34 THEATRES,4,3119,20,J1,20 COOK STREET,11206.0,0.0,1.0,1.0,2350.0,1875.0,1931.0,4,J1,1350000,2019-03-27,brooklyn,20 COOK STREET NYC
5,NEW SPRINGVILLE,01 ONE FAMILY DWELLINGS,1,2371,87,A5,52 BOGOTA STREET,10314.0,1.0,0.0,1.0,1800.0,1160.0,1993.0,1,A5,354900,2019-04-29,statenisland,52 BOGOTA STREET NYC
3,DYKER HEIGHTS,01 ONE FAMILY DWELLINGS,1,6337,4,A1,8513 11TH AVENUE,11228.0,1.0,0.0,1.0,2325.0,1472.0,1920.0,1,A1,750000,2019-10-31,brooklyn,8513 11TH AVENUE NYC
3,BERGEN BEACH,02 TWO FAMILY DWELLINGS,1,8409,125,B1,2041 EAST 67TH STREET,11234.0,2.0,0.0,2.0,3000.0,1850.0,1960.0,1,B1,660000,2019-06-17,brooklyn,2041 EAST 67TH STREET NYC
3,CONEY ISLAND,01 ONE FAMILY DWELLINGS,1,7013,111,A5,2807 WEST 27TH STREET,11224.0,1.0,0.0,1.0,2832.0,1120.0,1989.0,1,A5,500000,2019-11-11,brooklyn,2807 WEST 27TH STREET NYC
4,FLUSHING-NORTH,03 THREE FAMILY DWELLINGS,1,4780,13,C0,144-14 25TH DRIVE,11354.0,3.0,0.0,3.0,4200.0,2478.0,1960.0,1,C0,1440000,2019-03-27,queens,144-14 25TH DRIVE NYC
3,FLATBUSH-EAST,01 ONE FAMILY DWELLINGS,1,4733,28,A1,614 EAST 49TH STREET,11203.0,1.0,0.0,1.0,3000.0,1109.0,1925.0,1,A1,409000,2019-11-08,brooklyn,614 EAST 49TH STREET NYC
4,RIDGEWOOD,07 RENTALS - WALKUP APARTMENTS,2A,3485,34,C3,656 GRANDVIEW AVENUE,11385.0,4.0,0.0,4.0,2605.0,3570.0,1930.0,2,C3,1560000,2019-04-10,queens,656 GRANDVIEW AVENUE NYC
4,EAST ELMHURST,02 TWO FAMILY DWELLINGS,1,1638,34,B2,23-60 102ND STREET,11369.0,2.0,0.0,2.0,3000.0,1760.0,1950.0,1,B2,730000,2019-03-26,queens,23-60 102ND STREET NYC
4,ASTORIA,30 WAREHOUSES,4,718,35,E1,24-11 45TH STREET,11103.0,0.0,2.0,2.0,2500.0,4500.0,2001.0,4,E1,1550000,2019-06-12,queens,24-11 45TH STREET NYC
4,HOLLIS HILLS,01 ONE FAMILY DWELLINGS,1,7803,29,A1,82-13 211TH STREET,11427.0,1.0,0.0,1.0,4000.0,1672.0,1940.0,1,A1,1100000,2019-10-11,queens,82-13 211TH STREET NYC
3,OCEAN HILL,02 TWO FAMILY DWELLINGS,1,1433,16,B9,2146 ATLANTIC AVENUE,11233.0,2.0,0.0,2.0,1667.0,1464.0,1901.0,1,B9,557500,2019-07-26,brooklyn,2146 ATLANTIC AVENUE NYC
3,CYPRESS HILLS,01 ONE FAMILY DWELLINGS,1,4112,4,A5,425 ETNA STREET,11208.0,1.0,0.0,1.0,1980.0,1340.0,1910.0,1,A5,619000,2019-06-13,brooklyn,425 ETNA STREET NYC
3,BOROUGH PARK,02 TWO FAMILY DWELLINGS,1,5538,64,B1,1647 64TH STREET,11204.0,2.0,0.0,2.0,1438.0,1640.0,1935.0,1,B1,1100000,2019-06-11,brooklyn,1647 64TH STREET NYC
4,WOODSIDE,07 RENTALS - WALKUP APARTMENTS,2A,1196,41,C3,34-03 57TH STREET,11377.0,4.0,0.0,4.0,2100.0,3100.0,1974.0,2,C3,1260000,2019-06-17,queens,34-03 57TH STREET NYC
4,CAMBRIA HEIGHTS,01 ONE FAMILY DWELLINGS,1,11280,96,A5,115-20 217TH STREET,11411.0,1.0,0.0,1.0,2200.0,1624.0,1940.0,1,A5,394272,2019-02-01,queens,115-20 217TH STREET NYC
3,GERRITSEN BEACH,01 ONE FAMILY DWELLINGS,1,8896,38,A1,52 HAZEL COURT,11229.0,1.0,0.0,1.0,1785.0,1039.0,1925.0,1,A1,645000,2019-06-13,brooklyn,52 HAZEL COURT NYC
3,CONEY ISLAND,29 COMMERCIAL GARAGES,4,6996,106,G2,1523 NEPTUNE AVENUE,11224.0,0.0,1.0,1.0,1185.0,1008.0,1996.0,4,G2,650000,2019-07-03,brooklyn,1523 NEPTUNE AVENUE NYC
4,ROCKAWAY PARK,02 TWO FAMILY DWELLINGS,1,16212,66,B2,258 BEACH 117 STREET,11694.0,2.0,0.0,2.0,2055.0,2000.0,2002.0,1,B2,755000,2019-05-29,queens,258 BEACH 117 STREET NYC
3,SHEEPSHEAD BAY,02 TWO FAMILY DWELLINGS,1,8763,76,B2,2753 EAST 11TH STREET,11235.0,2.0,0.0,2.0,1100.0,1176.0,1925.0,1,B2,605000,2019-12-23,brooklyn,2753 EAST 11TH STREET NYC
5,GREAT KILLS,01 ONE FAMILY DWELLINGS,1,5482,61,A5,340 LAMOKA AVENUE,10312.0,1.0,0.0,1.0,2500.0,1568.0,1987.0,1,A5,624900,2019-08-21,statenisland,340 LAMOKA AVENUE NYC
2,SCHUYLERVILLE/PELHAM BAY,02 TWO FAMILY DWELLINGS,1,5362,23,B3,3072 LASALLE AVENUE,10461.0,2.0,0.0,2.0,2425.0,2556.0,1930.0,1,B3,750000,2019-12-19,bronx,3072 LASALLE AVENUE NYC
3,BOROUGH PARK,03 THREE FAMILY DWELLINGS,1,5733,6,C0,6211 13TH AVENUE,11219.0,3.0,0.0,3.0,1202.0,2856.0,1930.0,1,C0,1280000,2019-03-13,brooklyn,6211 13TH AVENUE NYC
4,QUEENS VILLAGE,02 TWO FAMILY DWELLINGS,1,11225,38,B3,225-26 112TH ROAD,11429.0,2.0,0.0,2.0,4000.0,1500.0,1910.0,1,B3,815000,2019-06-06,queens,225-26 112TH ROAD NYC
4,SO. JAMAICA-BAISLEY PARK,01 ONE FAMILY DWELLINGS,1,12332,117,A1,114-35 168 STREET,11434.0,1.0,0.0,1.0,3000.0,1216.0,1935.0,1,A1,309000,2019-05-01,queens,114-35 168 STREET NYC
4,SOUTH OZONE PARK,01 ONE FAMILY DWELLINGS,1,11596,57,A1,109-23 115TH STREET,11420.0,1.0,0.0,1.0,1943.0,1328.0,1920.0,1,A1,560000,2019-07-29,queens,109-23 115TH STREET NYC
2,MORRIS PARK/VAN NEST,02 TWO FAMILY DWELLINGS,1,4263,62,B1,1919 MULINER AVENUE,10462.0,2.0,0.0,2.0,2700.0,1676.0,1950.0,1,B1,760000,2019-09-04,bronx,1919 MULINER AVENUE NYC
5,ELTINGVILLE,01 ONE FAMILY DWELLINGS,1,5654,9,A5,79 ANNADALE ROAD,10312.0,1.0,0.0,1.0,3135.0,1920.0,1975.0,1,A5,575000,2019-09-04,statenisland,79 ANNADALE ROAD NYC
3,OCEAN PARKWAY-SOUTH,02 TWO FAMILY DWELLINGS,1,7090,46,B1,1996 AVENUE T,11229.0,2.0,0.0,2.0,1610.0,2200.0,1950.0,1,B1,1500000,2019-02-28,brooklyn,1996 AVENUE T NYC
4,FLUSHING-NORTH,01 ONE FAMILY DWELLINGS,1,5588,62,A1,174-05 PIDGEON MEADOW ROAD,11365.0,1.0,0.0,1.0,3800.0,1672.0,1930.0,1,A1,830000,2019-03-22,queens,174-05 PIDGEON MEADOW ROAD NYC
4,HOLLIS,01 ONE FAMILY DWELLINGS,1,10489,21,A1,89-09 201 STREET,11423.0,1.0,0.0,1.0,2442.0,1262.0,1920.0,1,A1,615000,2019-12-10,queens,89-09 201 STREET NYC
3,BENSONHURST,02 TWO FAMILY DWELLINGS,1,6849,24,B1,2344 81ST STREET,11214.0,2.0,0.0,2.0,4000.0,2750.0,1925.0,1,B1,1850000,2019-06-21,brooklyn,2344 81ST STREET NYC
3,BENSONHURST,03 THREE FAMILY DWELLINGS,1,5580,71,C0,2117 BAY RIDGE AVENUE,11204.0,3.0,0.0,3.0,2500.0,2640.0,1925.0,1,C0,1650000,2019-10-17,brooklyn,2117 BAY RIDGE AVENUE NYC
5,NEW SPRINGVILLE,02 TWO FAMILY DWELLINGS,1,2360,126,B2,1228 ROCKLAND AVENUE,10314.0,2.0,0.0,2.0,4920.0,2504.0,1965.0,1,B2,623000,2019-05-07,statenisland,1228 ROCKLAND AVENUE NYC
5,MIDLAND BEACH,02 TWO FAMILY DWELLINGS,1,3659,53,B2,95 SLATER BOULEVARD,10305.0,2.0,0.0,2.0,4816.0,2092.0,1970.0,1,B2,780000,2019-02-07,statenisland,95 SLATER BOULEVARD NYC
3,MANHATTAN BEACH,02 TWO FAMILY DWELLINGS,1,8730,17,B9,15 DOVER STREET,11235.0,2.0,0.0,2.0,3000.0,1834.0,1955.0,1,B9,1235000,2019-11-01,brooklyn,15 DOVER STREET NYC
4,SOUTH OZONE PARK,01 ONE FAMILY DWELLINGS,1,11608,5,A1,127-10 109TH AVE,11420.0,1.0,0.0,1.0,2400.0,1200.0,1930.0,1,A1,555000,2019-11-06,queens,127-10 109TH AVE NYC
4,MIDDLE VILLAGE,01 ONE FAMILY DWELLINGS,1,2935,31,A5,61-52 78TH STREET,11379.0,1.0,0.0,1.0,1600.0,960.0,1940.0,1,A5,710000,2019-06-14,queens,61-52 78TH STREET NYC
5,BULLS HEAD,02 TWO FAMILY DWELLINGS,1,2233,11,B2,23 PLANK ROAD,10314.0,2.0,0.0,2.0,4100.0,2400.0,1970.0,1,B2,830000,2019-09-05,statenisland,23 PLANK ROAD NYC
3,EAST NEW YORK,02 TWO FAMILY DWELLINGS,1,3752,38,S2,583 SUTTER AVENUE,11207.0,2.0,1.0,3.0,1360.0,2820.0,1935.0,1,S2,800000,2019-10-30,brooklyn,583 SUTTER AVENUE NYC
4,RICHMOND HILL,02 TWO FAMILY DWELLINGS,1,9571,32,B3,104-54 118TH STREET,11419.0,2.0,0.0,2.0,1953.0,1360.0,1920.0,1,B3,780000,2019-06-27,queens,104-54 118TH STREET NYC
5,SOUTH BEACH,01 ONE FAMILY DWELLINGS,1,3359,40,A1,163 LACONIA AVENUE,10305.0,1.0,0.0,1.0,3800.0,1975.0,1986.0,1,A1,790000,2019-01-10,statenisland,163 LACONIA AVENUE NYC
2,THROGS NECK,02 TWO FAMILY DWELLINGS,1,5531,63,B3,1058 REVERE AVE,10465.0,2.0,0.0,2.0,2500.0,1280.0,1920.0,1,B3,567000,2019-06-27,bronx,1058 REVERE AVE NYC
5,GREAT KILLS,01 ONE FAMILY DWELLINGS,1,5445,13,A2,325 DOANE AVE,10308.0,1.0,0.0,1.0,4000.0,1996.0,1977.0,1,A2,699000,2019-04-26,statenisland,325 DOANE AVE NYC
2,WILLIAMSBRIDGE,01 ONE FAMILY DWELLINGS,1,4687,1,A1,959 EAST 216 STREET,10469.0,1.0,0.0,1.0,2580.0,1812.0,1901.0,1,A1,395481,2019-05-28,bronx,959 EAST 216 STREET NYC
3,WINDSOR TERRACE,14 RENTALS - 4-10 UNIT,2A,5275,53,S3,1235 PROSPECT AVENUE,11218.0,3.0,1.0,4.0,1315.0,3507.0,1931.0,2,S3,1750000,2019-10-31,brooklyn,1235 PROSPECT AVENUE NYC
4,SPRINGFIELD GARDENS,01 ONE FAMILY DWELLINGS,1,13325,50,A2,182-16 145TH AVENUE,11413.0,1.0,0.0,1.0,4000.0,1570.0,1950.0,1,A2,500000,2019-10-10,queens,182-16 145TH AVENUE NYC
2,WAKEFIELD,02 TWO FAMILY DWELLINGS,1,5012,2,B2,1802 PITMAN AVENUE,10466.0,2.0,0.0,2.0,4713.0,3080.0,1920.0,1,B2,750000,2019-05-16,bronx,1802 PITMAN AVENUE NYC
3,EAST NEW YORK,02 TWO FAMILY DWELLINGS,1,4457,35,B1,734 LOGAN STREET,11208.0,2.0,0.0,2.0,2000.0,1490.0,1950.0,1,B1,640000,2019-04-18,brooklyn,734 LOGAN STREET NYC
5,GREAT KILLS,01 ONE FAMILY DWELLINGS,1,4509,48,A5,30 SANDALWOOD DRIVE,10308.0,1.0,0.0,1.0,1536.0,1440.0,1985.0,1,A5,440000,2019-11-22,statenisland,30 SANDALWOOD DRIVE NYC
4,COLLEGE POINT,01 ONE FAMILY DWELLINGS,1,4040,36,A5,119-20 12TH AVENUE,11356.0,1.0,0.0,1.0,2500.0,1456.0,1920.0,1,A5,679000,2019-04-10,queens,119-20 12TH AVENUE NYC
3,FLATBUSH-EAST,01 ONE FAMILY DWELLINGS,1,4724,26,A1,436 EAST 53RD STREET,11203.0,1.0,0.0,1.0,2000.0,1120.0,1925.0,1,A1,612000,2019-02-25,brooklyn,436 EAST 53RD STREET NYC
3,PROSPECT HEIGHTS,07 RENTALS - WALKUP APARTMENTS,2A,1166,79,C3,401 STERLING PLACE,11238.0,4.0,0.0,4.0,2282.0,2307.0,1920.0,2,C3,1900000,2019-02-15,brooklyn,401 STERLING PLACE NYC
3,MADISON,01 ONE FAMILY DWELLINGS,1,7323,4,A1,1812 AVENUE T,11229.0,1.0,0.0,1.0,2450.0,1524.0,1920.0,1,A1,640000,2019-04-03,brooklyn,1812 AVENUE T NYC
4,FLUSHING-SOUTH,01 ONE FAMILY DWELLINGS,1,6957,63,A2,7142 170 ST,11365.0,1.0,0.0,1.0,4180.0,1316.0,1960.0,1,A2,910000,2019-12-05,queens,7142 170 ST NYC
2,BAYCHESTER,01 ONE FAMILY DWELLINGS,1,4898,45,A5,1812 SCHIEFFELIN AVENUE,10466.0,1.0,0.0,1.0,1800.0,1534.0,1955.0,1,A5,440000,2019-08-01,bronx,1812 SCHIEFFELIN AVENUE NYC
3,BATH BEACH,03 THREE FAMILY DWELLINGS,1,6359,64,C0,8666 15TH AVENUE,11228.0,3.0,0.0,3.0,2320.0,2160.0,1930.0,1,C0,1360000,2019-07-17,brooklyn,8666 15TH AVENUE NYC
3,OCEAN PARKWAY-NORTH,01 ONE FAMILY DWELLINGS,1,6516,68,A1,1065 EAST 3RD STREET,11230.0,1.0,0.0,1.0,2600.0,1848.0,1930.0,1,A1,1200000,2019-09-06,brooklyn,1065 EAST 3RD STREET NYC
4,EAST ELMHURST,01 ONE FAMILY DWELLINGS,1,1651,62,A5,25-09 MCINTOSH ST,11369.0,1.0,0.0,1.0,2522.0,1122.0,1950.0,1,A5,776556,2019-07-31,queens,25-09 MCINTOSH ST NYC
4,ELMHURST,02 TWO FAMILY DWELLINGS,1,2496,14,B2,70-14 53RD AVENUE,11378.0,2.0,0.0,2.0,2402.0,1440.0,1925.0,1,B2,790000,2019-01-15,queens,70-14 53RD AVENUE NYC
3,EAST NEW YORK,02 TWO FAMILY DWELLINGS,1,4165,8,B3,361 EUCLID AVENUE,11208.0,2.0,0.0,2.0,1820.0,1478.0,1920.0,1,B3,744000,2019-01-04,brooklyn,361 EUCLID AVENUE NYC
5,TRAVIS,30 WAREHOUSES,4,2661,19,E1,4364B VICTORY BOULEVARD,10314.0,0.0,1.0,1.0,2245.0,2391.0,2011.0,4,E1,540000,2019-08-29,statenisland,4364B VICTORY BOULEVARD NYC
4,ROSEDALE,02 TWO FAMILY DWELLINGS,1,13499,13,B3,144-46 230TH STREET,11413.0,2.0,0.0,2.0,4000.0,2000.0,1955.0,1,B3,860000,2019-07-26,queens,144-46 230TH STREET NYC
4,SO. JAMAICA-BAISLEY PARK,01 ONE FAMILY DWELLINGS,1,12194,35,A1,114-22 158TH STREET,11434.0,1.0,0.0,1.0,3000.0,1673.0,1915.0,1,A1,377000,2019-05-16,queens,114-22 158TH STREET NYC
5,GRANT CITY,01 ONE FAMILY DWELLINGS,1,3531,26,A5,40 BUEL AVENUE,10304.0,1.0,0.0,1.0,2000.0,1200.0,1995.0,1,A5,475000,2019-06-11,statenisland,40 BUEL AVENUE NYC
2,SOUNDVIEW,02 TWO FAMILY DWELLINGS,1,3762,54,B2,1217 ST. LAWRENCE AVENUE,10472.0,2.0,0.0,2.0,2500.0,2358.0,1920.0,1,B2,785000,2019-04-30,bronx,1217 ST. LAWRENCE AVENUE NYC
3,MADISON,01 ONE FAMILY DWELLINGS,1,7312,31,A1,1968 FORD STREET,11229.0,1.0,0.0,1.0,2600.0,1256.0,1915.0,1,A1,700000,2019-12-13,brooklyn,1968 FORD STREET NYC
4,EAST ELMHURST,01 ONE FAMILY DWELLINGS,1,1652,42,A5,25-33 HUMPHREYS STREET,11369.0,1.0,0.0,1.0,1868.0,1272.0,1930.0,1,A5,765000,2019-05-31,queens,25-33 HUMPHREYS STREET NYC
4,FLUSHING-NORTH,01 ONE FAMILY DWELLINGS,1,4911,48,A1,32-04 164TH STREET,11358.0,1.0,0.0,1.0,4180.0,1450.0,1950.0,1,A1,900000,2019-07-15,queens,32-04 164TH STREET NYC
5,GREAT KILLS,02 TWO FAMILY DWELLINGS,1,5282,21,B2,98 WILLIAM AVENUE,10308.0,2.0,0.0,2.0,3720.0,2216.0,2018.0,1,B2,952064,2019-09-30,statenisland,98 WILLIAM AVENUE NYC
4,MIDDLE VILLAGE,01 ONE FAMILY DWELLINGS,1,3000,14,A1,84-34 DANA CT,11379.0,1.0,0.0,1.0,2517.0,1713.0,1935.0,1,A1,955000,2019-07-12,queens,84-34 DANA CT NYC
3,MIDWOOD,01 ONE FAMILY DWELLINGS,1,7639,39,A1,1335 EAST 21 STREET,11210.0,1.0,0.0,1.0,3000.0,1680.0,1920.0,1,A1,1180000,2019-09-05,brooklyn,1335 EAST 21 STREET NYC
4,FLUSHING-NORTH,01 ONE FAMILY DWELLINGS,1,5673,52,A0,56-17 187TH STREET,11365.0,1.0,0.0,1.0,4000.0,1376.0,1945.0,1,A0,820000,2019-11-07,queens,56-17 187TH STREET NYC
4,ST. ALBANS,01 ONE FAMILY DWELLINGS,1,11017,47,A5,114-57 200 STREET,11412.0,1.0,0.0,1.0,2000.0,1200.0,1945.0,1,A5,455000,2019-04-30,queens,114-57 200 STREET NYC
3,GRAVESEND,02 TWO FAMILY DWELLINGS,1,7094,19,B1,2026 WEST 11TH STREET,11223.0,2.0,0.0,2.0,2450.0,2360.0,1925.0,1,B1,1390000,2019-08-01,brooklyn,2026 WEST 11TH STREET NYC
3,BERGEN BEACH,01 ONE FAMILY DWELLINGS,1,8456,29,A9,2403 EAST 69 STREET,11234.0,1.0,0.0,1.0,2600.0,2400.0,2018.0,1,A9,900000,2019-08-05,brooklyn,2403 EAST 69 STREET NYC
4,ROSEDALE,01 ONE FAMILY DWELLINGS,1,13493,63,A2,144-34 224TH STREET,11413.0,1.0,0.0,1.0,2850.0,732.0,1925.0,1,A2,325000,2019-08-27,queens,144-34 224TH STREET NYC
4,QUEENS VILLAGE,01 ONE FAMILY DWELLINGS,1,11169,21,A1,221-13 106TH AVENUE,11429.0,1.0,0.0,1.0,2600.0,1200.0,1935.0,1,A1,506113,2019-04-02,queens,221-13 106TH AVENUE NYC
5,OAKWOOD,01 ONE FAMILY DWELLINGS,1,4655,15,A5,42 GUYON AVENUE,10306.0,1.0,0.0,1.0,2500.0,1496.0,2018.0,1,A5,621133,2019-07-23,statenisland,42 GUYON AVENUE NYC
4,ASTORIA,02 TWO FAMILY DWELLINGS,1,758,5,B2,22-55 48TH STREET,11105.0,2.0,0.0,2.0,1411.0,1844.0,1910.0,1,B2,925000,2019-10-16,queens,22-55 48TH STREET NYC
5,DONGAN HILLS,01 ONE FAMILY DWELLINGS,1,3314,50,A2,173 ATLANTIC AVENUE,10304.0,1.0,0.0,1.0,3864.0,864.0,1950.0,1,A2,540000,2019-04-26,statenisland,173 ATLANTIC AVENUE NYC
2,SOUNDVIEW,03 THREE FAMILY DWELLINGS,1,3763,144,C0,1243 BEACH AVENUE,10472.0,3.0,0.0,3.0,2500.0,2860.0,2010.0,1,C0,770000,2019-03-08,bronx,1243 BEACH AVENUE NYC
3,GRAVESEND,01 ONE FAMILY DWELLINGS,1,6602,79,A9,1533 WEST 5TH STREET,11204.0,1.0,0.0,1.0,2000.0,1282.0,1925.0,1,A9,935000,2019-08-19,brooklyn,1533 WEST 5TH STREET NYC
4,HOWARD BEACH,01 ONE FAMILY DWELLINGS,1,14071,96,A1,163-49 87TH STREET,11414.0,1.0,0.0,1.0,3000.0,1680.0,1950.0,1,A1,690000,2019-03-15,queens,163-49 87TH STREET NYC
4,GLENDALE,14 RENTALS - 4-10 UNIT,2A,3699,30,S3,66-18 MYRTLE AVENUE,11385.0,3.0,1.0,4.0,1500.0,2400.0,1931.0,2,S3,936000,2019-08-30,queens,66-18 MYRTLE AVENUE NYC
4,BRIARWOOD,01 ONE FAMILY DWELLINGS,1,9714,57,A5,139-45 PERSHING CRESCENT,11435.0,1.0,0.0,1.0,1800.0,1284.0,1940.0,1,A5,640000,2019-02-21,queens,139-45 PERSHING CRESCENT NYC
4,HOWARD BEACH,01 ONE FAMILY DWELLINGS,1,13953,14,A2,156-12 89TH STREET,11414.0,1.0,0.0,1.0,4000.0,1125.0,1960.0,1,A2,650000,2019-03-15,queens,156-12 89TH STREET NYC
4,SOUTH JAMAICA,02 TWO FAMILY DWELLINGS,1,11936,16,B3,143-26 GLASSBORO AVENUE,11435.0,2.0,0.0,2.0,2338.0,1296.0,1920.0,1,B3,465000,2019-03-21,queens,143-26 GLASSBORO AVENUE NYC
4,RIDGEWOOD,02 TWO FAMILY DWELLINGS,1,3512,57,B1,60-23 68TH AVENUE,11385.0,2.0,0.0,2.0,1800.0,1920.0,1925.0,1,B1,775000,2019-12-04,queens,60-23 68TH AVENUE NYC
4,FLUSHING-SOUTH,01 ONE FAMILY DWELLINGS,1,6959,12,A1,71-47 171ST STREET,11365.0,1.0,0.0,1.0,4139.0,2510.0,1955.0,1,A1,996000,2019-11-25,queens,71-47 171ST STREET NYC
5,ELTINGVILLE,01 ONE FAMILY DWELLINGS,1,5642,101,A5,19 MONTEREY AVENUE,10312.0,1.0,0.0,1.0,3288.0,2608.0,1991.0,1,A5,670000,2019-05-22,statenisland,19 MONTEREY AVENUE NYC
4,SOUTH JAMAICA,02 TWO FAMILY DWELLINGS,1,10265,7,B2,173-11 110TH AVENUE,11433.0,2.0,0.0,2.0,2373.0,2168.0,2005.0,1,B2,988837,2019-09-26,queens,173-11 110TH AVENUE NYC
3,PROSPECT HEIGHTS,02 TWO FAMILY DWELLINGS,1,1135,29,B3,58 6TH AVENUE,11217.0,2.0,0.0,2.0,1275.0,2720.0,1910.0,1,B3,1850000,2019-11-26,brooklyn,58 6TH AVENUE NYC
4,SOUTH JAMAICA,02 TWO FAMILY DWELLINGS,1,10167,14,B2,107-33 164 STREET,11433.0,2.0,0.0,2.0,2500.0,1612.0,2000.0,1,B2,667200,2019-09-18,queens,107-33 164 STREET NYC
5,GRANT CITY,02 TWO FAMILY DWELLINGS,1,3592,76,B2,95 FREMONT AVENUE,10306.0,2.0,0.0,2.0,3750.0,2430.0,2017.0,1,B2,814600,2019-05-16,statenisland,95 FREMONT AVENUE NYC
5,WILLOWBROOK,01 ONE FAMILY DWELLINGS,1,2091,73,A5,53 HALL AVENUE,10314.0,1.0,0.0,1.0,3507.0,1775.0,2017.0,1,A5,668737,2019-08-20,statenisland,53 HALL AVENUE NYC
4,ROSEDALE,01 ONE FAMILY DWELLINGS,1,13733,37,A5,235-14 148TH ROAD,11422.0,1.0,0.0,1.0,2150.0,1210.0,1995.0,1,A5,459500,2019-01-18,queens,235-14 148TH ROAD NYC
2,SOUNDVIEW,03 THREE FAMILY DWELLINGS,1,3731,64,C0,1039 UNDERHILL AVENUE,10472.0,3.0,0.0,3.0,1800.0,1944.0,1960.0,1,C0,491000,2019-04-03,bronx,1039 UNDERHILL AVENUE NYC
3,BOROUGH PARK,02 TWO FAMILY DWELLINGS,1,5585,28,B2,1150 39TH STREET,11218.0,2.0,0.0,2.0,1903.0,1520.0,1920.0,1,B2,1290000,2019-09-03,brooklyn,1150 39TH STREET NYC
3,BAY RIDGE,01 ONE FAMILY DWELLINGS,1,6000,15,A5,618 81ST STREET,11209.0,1.0,0.0,1.0,1867.0,1260.0,1925.0,1,A5,915000,2019-05-22,brooklyn,618 81ST STREET NYC
4,SOUTH JAMAICA,02 TWO FAMILY DWELLINGS,1,10129,40,B2,106-57 UNION HALL STREET,11433.0,2.0,0.0,2.0,1558.0,1710.0,1915.0,1,B2,450000,2019-07-09,queens,106-57 UNION HALL STREET NYC
2,WESTCHESTER,02 TWO FAMILY DWELLINGS,1,4000,62,B2,1609 OVERING STREET,10461.0,2.0,0.0,2.0,2400.0,2289.0,1920.0,1,B2,485000,2019-04-10,bronx,1609 OVERING STREET NYC
3,BERGEN BEACH,02 TWO FAMILY DWELLINGS,1,8439,71,B2,2280 EAST 71ST STREET,11234.0,2.0,0.0,2.0,4480.0,2100.0,1965.0,1,B2,800000,2019-04-29,brooklyn,2280 EAST 71ST STREET NYC
3,BERGEN BEACH,01 ONE FAMILY DWELLINGS,1,8440,29,A2,2225 E 71ST STREET,11234.0,1.0,0.0,1.0,3533.0,1260.0,1955.0,1,A2,750000,2019-12-04,brooklyn,2225 E 71ST STREET NYC
3,BRIGHTON BEACH,03 THREE FAMILY DWELLINGS,1,8674,12,C0,3028 BRIGHTON 5TH STREET,11235.0,3.0,0.0,3.0,2800.0,2736.0,1925.0,1,C0,800000,2019-07-16,brooklyn,3028 BRIGHTON 5TH STREET NYC
2,BAYCHESTER,02 TWO FAMILY DWELLINGS,1,4711,21,B1,3742 LACONIA AVENUE,10469.0,2.0,0.0,2.0,1479.0,2194.0,1955.0,1,B1,615000,2019-12-10,bronx,3742 LACONIA AVENUE NYC
2,MOTT HAVEN/PORT MORRIS,02 TWO FAMILY DWELLINGS,1,2289,135,B2,466 EAST 145TH STREET,10454.0,2.0,0.0,2.0,2000.0,2280.0,1990.0,1,B2,630000,2019-01-17,bronx,466 EAST 145TH STREET NYC
2,THROGS NECK,02 TWO FAMILY DWELLINGS,1,5590,6,B1,2862 MILES AVENUE,10465.0,2.0,0.0,2.0,2300.0,1600.0,1930.0,1,B1,600000,2019-03-28,bronx,2862 MILES AVENUE NYC
4,WOODSIDE,02 TWO FAMILY DWELLINGS,1,1333,1,B2,58-63 44TH AVENUE,11377.0,2.0,0.0,2.0,2500.0,2060.0,1905.0,1,B2,1030000,2019-08-30,queens,58-63 44TH AVENUE NYC
2,BAYCHESTER,02 TWO FAMILY DWELLINGS,1,4963,31,B1,3954 DURYEA AVENUE,10466.0,2.0,0.0,2.0,2400.0,2800.0,1958.0,1,B1,450000,2019-10-09,bronx,3954 DURYEA AVENUE NYC
4,OZONE PARK,01 ONE FAMILY DWELLINGS,1,11352,128,A1,90-14 SILVER ROAD,11417.0,1.0,0.0,1.0,2250.0,1376.0,1930.0,1,A1,480000,2019-10-25,queens,90-14 SILVER ROAD NYC
4,FAR ROCKAWAY,02 TWO FAMILY DWELLINGS,1,15793,50,B2,436 BEACH 29TH STREET,11691.0,2.0,0.0,2.0,2786.0,2976.0,2018.0,1,B2,743500,2019-12-18,queens,436 BEACH 29TH STREET NYC
2,WILLIAMSBRIDGE,02 TWO FAMILY DWELLINGS,1,4685,41,B1,910 E. 215TH STREET,10469.0,2.0,0.0,2.0,2375.0,2790.0,2003.0,1,B1,775000,2019-05-08,bronx,910 E. 215TH STREET NYC
5,SOUTH BEACH,02 TWO FAMILY DWELLINGS,1,3256,40,B1,184 BIONIA AVENUE,10305.0,2.0,0.0,2.0,4000.0,1584.0,1940.0,1,B1,511162,2019-11-07,statenisland,184 BIONIA AVENUE NYC
4,SOUTH JAMAICA,02 TWO FAMILY DWELLINGS,1,10040,26,B3,105-40 REMINGTON STREET,11435.0,2.0,0.0,2.0,2506.0,1224.0,1920.0,1,B3,532000,2019-05-03,queens,105-40 REMINGTON STREET NYC
4,WHITESTONE,01 ONE FAMILY DWELLINGS,1,4248,80,A5,14123 25 AVENUE,11357.0,1.0,0.0,1.0,2633.0,1782.0,1960.0,1,A5,902000,2019-07-01,queens,14123 25 AVENUE NYC
4,SPRINGFIELD GARDENS,01 ONE FAMILY DWELLINGS,1,12472,13,A5,120-16 179TH STREET,11434.0,1.0,0.0,1.0,2000.0,1552.0,1932.0,1,A5,450000,2019-02-26,queens,120-16 179TH STREET NYC
4,FLUSHING-NORTH,01 ONE FAMILY DWELLINGS,1,4908,54,A5,29-27 163RD STREET,11358.0,1.0,0.0,1.0,1710.0,1530.0,1940.0,1,A5,818267,2019-05-15,queens,29-27 163RD STREET NYC
3,BENSONHURST,02 TWO FAMILY DWELLINGS,1,6248,58,B1,1767 78TH STREET,11214.0,2.0,0.0,2.0,3000.0,2280.0,1930.0,1,B1,1400000,2019-02-19,brooklyn,1767 78TH STREET NYC
2,WILLIAMSBRIDGE,02 TWO FAMILY DWELLINGS,1,4873,67,B3,1054 EAST 227 STREET,10466.0,2.0,0.0,2.0,2298.0,1683.0,1950.0,1,B3,450000,2019-08-26,bronx,1054 EAST 227 STREET NYC
3,CROWN HEIGHTS,02 TWO FAMILY DWELLINGS,1,1340,34,B1,1588 PACIFIC STREET,11213.0,2.0,0.0,2.0,1786.0,2750.0,2004.0,1,B1,900000,2019-11-26,brooklyn,1588 PACIFIC STREET NYC
2,PELHAM GARDENS,01 ONE FAMILY DWELLINGS,1,4394,39,A5,2309 MICKLE AVE,10469.0,1.0,0.0,1.0,2567.0,1914.0,1945.0,1,A5,490000,2019-01-11,bronx,2309 MICKLE AVE NYC
4,BAYSIDE,02 TWO FAMILY DWELLINGS,1,7311,50,B3,209-15 46TH AVENUE,11361.0,2.0,0.0,2.0,3700.0,1716.0,1955.0,1,B3,1362500,2019-10-11,queens,209-15 46TH AVENUE NYC
4,OZONE PARK,01 ONE FAMILY DWELLINGS,1,11479,26,A1,103-10 PLATTWOOD AVENUE,11417.0,1.0,0.0,1.0,1940.0,1120.0,1925.0,1,A1,505000,2019-09-05,queens,103-10 PLATTWOOD AVENUE NYC
4,ST. ALBANS,01 ONE FAMILY DWELLINGS,1,11032,28,A1,191-44 115TH AVENUE,11412.0,1.0,0.0,1.0,3000.0,1597.0,1925.0,1,A1,580000,2019-07-29,queens,191-44 115TH AVENUE NYC
2,FORDHAM,01 ONE FAMILY DWELLINGS,1,3022,23,A9,332 EAST 187 STREET,10458.0,1.0,0.0,1.0,2021.0,1965.0,1910.0,1,A9,650000,2019-02-19,bronx,332 EAST 187 STREET NYC
4,ROCKAWAY PARK,02 TWO FAMILY DWELLINGS,1,16185,17,B3,183 BEACH 112 STREET,11694.0,2.0,0.0,2.0,3000.0,1338.0,1930.0,1,B3,500000,2019-12-12,queens,183 BEACH 112 STREET NYC
4,FLUSHING-NORTH,01 ONE FAMILY DWELLINGS,1,5682,28,A0,56-44 196TH ST,11365.0,1.0,0.0,1.0,4000.0,1603.0,1950.0,1,A0,770000,2019-11-08,queens,56-44 196TH ST NYC
2,KINGSBRIDGE HTS/UNIV HTS,02 TWO FAMILY DWELLINGS,1,3210,77,B1,2104 AQUEDUCT AVENUE EAST,10453.0,2.0,0.0,2.0,1716.0,2100.0,1993.0,1,B1,680000,2019-03-08,bronx,2104 AQUEDUCT AVENUE EAST NYC
4,RICHMOND HILL,02 TWO FAMILY DWELLINGS,1,9396,37,B1,9441 110TH STREET,11419.0,2.0,0.0,2.0,4022.0,2400.0,1955.0,1,B1,950000,2019-03-01,queens,9441 110TH STREET NYC
5,GREAT KILLS,01 ONE FAMILY DWELLINGS,1,5272,25,A1,24 PRESLEY STREET,10308.0,1.0,0.0,1.0,3075.0,1136.0,1910.0,1,A1,550000,2019-09-06,statenisland,24 PRESLEY STREET NYC
4,ST. ALBANS,01 ONE FAMILY DWELLINGS,1,11040,67,A1,115-54 200 STREET,11412.0,1.0,0.0,1.0,3000.0,1274.0,1920.0,1,A1,475000,2019-11-27,queens,115-54 200 STREET NYC
4,WOODHAVEN,02 TWO FAMILY DWELLINGS,1,8975,46,B1,93-17 90 AVE,11421.0,2.0,0.0,2.0,3028.0,2080.0,2005.0,1,B1,865000,2019-01-10,queens,93-17 90 AVE NYC
3,FLATBUSH-CENTRAL,03 THREE FAMILY DWELLINGS,1,5195,12,C0,"1762 NOSTRAND AVENUE, 5",11226.0,3.0,0.0,3.0,2000.0,3120.0,1931.0,1,C0,500000,2019-02-05,brooklyn,"1762 NOSTRAND AVENUE, 5 NYC"
4,ST. ALBANS,01 ONE FAMILY DWELLINGS,1,11017,27,A5,114-44 201ST STREET,11412.0,1.0,0.0,1.0,2000.0,1200.0,1945.0,1,A5,459000,2019-07-31,queens,114-44 201ST STREET NYC
3,BOROUGH PARK,03 THREE FAMILY DWELLINGS,1,5609,30,C0,1154 44TH STREET,11219.0,3.0,0.0,3.0,2003.0,3120.0,1910.0,1,C0,1200000,2019-11-21,brooklyn,1154 44TH STREET NYC
3,CONEY ISLAND,01 ONE FAMILY DWELLINGS,1,7008,30,A9,2834 WEST 31ST STREET,11224.0,1.0,0.0,1.0,2375.0,1520.0,1985.0,1,A9,510000,2019-03-26,brooklyn,2834 WEST 31ST STREET NYC
4,WOODHAVEN,02 TWO FAMILY DWELLINGS,1,8923,50,B1,87-37 86 STREET,11421.0,2.0,0.0,2.0,2017.0,2100.0,1910.0,1,B1,850000,2019-08-08,queens,87-37 86 STREET NYC
3,BEDFORD STUYVESANT,03 THREE FAMILY DWELLINGS,1,1774,23,C0,32 PULASKI STREET,11206.0,3.0,0.0,3.0,1875.0,3000.0,1910.0,1,C0,549124,2019-08-06,brooklyn,32 PULASKI STREET NYC
4,RICHMOND HILL,01 ONE FAMILY DWELLINGS,1,9316,33,A1,91-57 109 STREET,11418.0,1.0,0.0,1.0,2500.0,1312.0,1920.0,1,A1,680000,2019-07-10,queens,91-57 109 STREET NYC
4,FLUSHING-SOUTH,01 ONE FAMILY DWELLINGS,1,6428,12,A5,61-38 149TH STREET,11367.0,1.0,0.0,1.0,2500.0,1056.0,1955.0,1,A5,785000,2019-05-17,queens,61-38 149TH STREET NYC
4,FLUSHING-SOUTH,01 ONE FAMILY DWELLINGS,1,6392,49,A1,62-17 136TH STREET,11367.0,1.0,0.0,1.0,4000.0,1864.0,1925.0,1,A1,990000,2019-06-03,queens,62-17 136TH STREET NYC
2,THROGS NECK,02 TWO FAMILY DWELLINGS,1,5435,53,B9,625 EDISON AVENUE,10465.0,2.0,0.0,2.0,1708.0,1760.0,1920.0,1,B9,600000,2019-06-07,bronx,625 EDISON AVENUE NYC
4,SOUTH OZONE PARK,01 ONE FAMILY DWELLINGS,1,11773,130,A1,129-40 135TH STREET,11420.0,1.0,0.0,1.0,2320.0,1120.0,1920.0,1,A1,619000,2019-04-25,queens,129-40 135TH STREET NYC
2,COUNTRY CLUB,01 ONE FAMILY DWELLINGS,1,5316,38,A5,1117 ELLSWORTH AVE,10465.0,1.0,0.0,1.0,2470.0,1732.0,1960.0,1,A5,570000,2019-01-16,bronx,1117 ELLSWORTH AVE NYC
4,SPRINGFIELD GARDENS,01 ONE FAMILY DWELLINGS,1,12568,3,A2,173-15 137TH AVENUE,11434.0,1.0,0.0,1.0,3532.0,1140.0,1920.0,1,A2,545000,2019-12-19,queens,173-15 137TH AVENUE NYC
4,RICHMOND HILL,02 TWO FAMILY DWELLINGS,1,9431,53,B3,101-57 113TH STREET,11419.0,2.0,0.0,2.0,2800.0,1987.0,1920.0,1,B3,1191778,2019-03-22,queens,101-57 113TH STREET NYC
3,BOROUGH PARK,07 RENTALS - WALKUP APARTMENTS,2A,5744,16,C3,1028 64TH STREET,11219.0,4.0,0.0,4.0,2567.0,3234.0,1924.0,2,C3,1450000,2019-11-12,brooklyn,1028 64TH STREET NYC
3,GRAVESEND,03 THREE FAMILY DWELLINGS,1,6903,26,C0,39 28TH AVENUE,11214.0,3.0,0.0,3.0,1933.0,2326.0,1960.0,1,C0,1160000,2019-05-22,brooklyn,39 28TH AVENUE NYC
4,EAST ELMHURST,02 TWO FAMILY DWELLINGS,1,1651,60,B3,25-13 MCINTOSH STREET,11369.0,2.0,0.0,2.0,3215.0,2041.0,1925.0,1,B3,750000,2019-04-26,queens,25-13 MCINTOSH STREET NYC
2,WILLIAMSBRIDGE,01 ONE FAMILY DWELLINGS,1,4666,35,A1,719 EAST 218TH STREET,10467.0,1.0,0.0,1.0,2856.0,1482.0,1910.0,1,A1,575000,2019-10-23,bronx,719 EAST 218TH STREET NYC
4,MASPETH,03 THREE FAMILY DWELLINGS,1,2716,24,C0,64-32 PERRY AVENUE,11378.0,3.0,0.0,3.0,2504.0,2652.0,2004.0,1,C0,1155000,2019-03-27,queens,64-32 PERRY AVENUE NYC
3,BOROUGH PARK,03 THREE FAMILY DWELLINGS,1,5478,35,C0,1670 53RD STREET,11204.0,3.0,0.0,3.0,2905.0,2948.0,1925.0,1,C0,1810000,2019-04-04,brooklyn,1670 53RD STREET NYC
4,ST. ALBANS,01 ONE FAMILY DWELLINGS,1,10976,31,A1,112-18 201ST STREET,11412.0,1.0,0.0,1.0,3000.0,1340.0,1930.0,1,A1,645000,2019-04-19,queens,112-18 201ST STREET NYC
4,WHITESTONE,02 TWO FAMILY DWELLINGS,1,4683,49,B2,151-17 17TH AVENUE,11357.0,2.0,0.0,2.0,3400.0,2310.0,2017.0,1,B2,1272813,2019-09-18,queens,151-17 17TH AVENUE NYC
3,BAY RIDGE,02 TWO FAMILY DWELLINGS,1,6143,112,B9,227 BATTERY AVENUE,11209.0,2.0,0.0,2.0,2502.0,1908.0,1925.0,1,B9,900000,2019-02-08,brooklyn,227 BATTERY AVENUE NYC
2,SOUNDVIEW,07 RENTALS - WALKUP APARTMENTS,2A,3748,55,C3,1141 CROES AVENUE,10472.0,4.0,0.0,4.0,2500.0,3280.0,1927.0,2,C3,745000,2019-02-05,bronx,1141 CROES AVENUE NYC
5,ROSEBANK,01 ONE FAMILY DWELLINGS,1,2996,90,A5,27 TONE LANE,10305.0,1.0,0.0,1.0,2195.0,1600.0,1991.0,1,A5,510000,2019-10-29,statenisland,27 TONE LANE NYC
4,COLLEGE POINT,01 ONE FAMILY DWELLINGS,1,3952,4,A9,12608 5 AVENUE,11356.0,1.0,0.0,1.0,2500.0,982.0,1925.0,1,A9,460000,2019-05-24,queens,12608 5 AVENUE NYC
5,ROSEBANK,01 ONE FAMILY DWELLINGS,1,2984,85,A5,443 HYLAN BOULEVARD,10305.0,1.0,0.0,1.0,2800.0,924.0,1988.0,1,A5,538000,2019-11-26,statenisland,443 HYLAN BOULEVARD NYC
4,ELMHURST,03 THREE FAMILY DWELLINGS,1,1347,41,C0,43-30 68TH STREET,11377.0,3.0,0.0,3.0,3200.0,2376.0,1920.0,1,C0,1262500,2019-09-24,queens,43-30 68TH STREET NYC
3,BEDFORD STUYVESANT,21 OFFICE BUILDINGS,4,1792,146,O8,163 VAN BUREN STREET,11221.0,1.0,1.0,2.0,1778.0,4374.0,2006.0,4,O8,652233,2019-02-14,brooklyn,163 VAN BUREN STREET NYC
3,OCEAN HILL,02 TWO FAMILY DWELLINGS,1,1453,8,B2,345 SARATOGA AVENUE,11233.0,2.0,0.0,2.0,2258.0,2700.0,2003.0,1,B2,849000,2019-09-04,brooklyn,345 SARATOGA AVENUE NYC
4,BAYSIDE,01 ONE FAMILY DWELLINGS,1,6162,29,A1,209-37 36TH AVENUE,11361.0,1.0,0.0,1.0,4113.0,1360.0,1920.0,1,A1,790000,2019-02-08,queens,209-37 36TH AVENUE NYC
3,DYKER HEIGHTS,01 ONE FAMILY DWELLINGS,1,5913,47,A5,969 73RD STREET,11228.0,1.0,0.0,1.0,1742.0,1274.0,1925.0,1,A5,820000,2019-01-16,brooklyn,969 73RD STREET NYC
5,GREAT KILLS,02 TWO FAMILY DWELLINGS,1,5472,59,B2,37 EAST STROUD AVENUE,10308.0,2.0,0.0,2.0,4400.0,1920.0,1970.0,1,B2,700000,2019-10-29,statenisland,37 EAST STROUD AVENUE NYC
3,OLD MILL BASIN,02 TWO FAMILY DWELLINGS,1,7892,79,B2,1792 EAST 48 STREET,11234.0,2.0,0.0,2.0,2925.0,1848.0,1955.0,1,B2,825000,2019-08-28,brooklyn,1792 EAST 48 STREET NYC
2,BRONXDALE,02 TWO FAMILY DWELLINGS,1,4530,49,B1,2743 SEYMOUR AVENUE,10469.0,2.0,0.0,2.0,2800.0,2180.0,1945.0,1,B1,647500,2019-02-20,bronx,2743 SEYMOUR AVENUE NYC
4,LITTLE NECK,01 ONE FAMILY DWELLINGS,1,8254,63,A1,5409 252ND STREET,11362.0,1.0,0.0,1.0,4742.0,3340.0,1960.0,1,A1,1625000,2019-05-03,queens,5409 252ND STREET NYC
3,FLATBUSH-NORTH,01 ONE FAMILY DWELLINGS,1,4594,78,A5,85 EAST 91ST STREET,11212.0,1.0,0.0,1.0,1600.0,1728.0,1950.0,1,A5,615000,2019-07-03,brooklyn,85 EAST 91ST STREET NYC
4,FLORAL PARK,01 ONE FAMILY DWELLINGS,1,8736,61,A0,81-54 262ND STREET,11004.0,1.0,0.0,1.0,4500.0,1116.0,1950.0,1,A0,660000,2019-07-19,queens,81-54 262ND STREET NYC
5,STAPLETON-CLIFTON,01 ONE FAMILY DWELLINGS,1,2868,65,A1,59 PARK HILL AVENUE,10304.0,1.0,0.0,1.0,4050.0,1152.0,1940.0,1,A1,383593,2019-02-07,statenisland,59 PARK HILL AVENUE NYC
4,FOREST HILLS,01 ONE FAMILY DWELLINGS,1,3203,16,A5,6828 DARTMOUTH ST,11375.0,1.0,0.0,1.0,2500.0,1967.0,1925.0,1,A5,950000,2019-05-10,queens,6828 DARTMOUTH ST NYC
3,BENSONHURST,02 TWO FAMILY DWELLINGS,1,6852,14,B1,2424 82ND STREET,11214.0,2.0,0.0,2.0,2667.0,2120.0,1930.0,1,B1,1388000,2019-04-04,brooklyn,2424 82ND STREET NYC
3,CROWN HEIGHTS,02 TWO FAMILY DWELLINGS,1,1366,90,B9,1325 PARK PLACE,11213.0,2.0,0.0,2.0,2000.0,2220.0,1910.0,1,B9,1040000,2019-10-04,brooklyn,1325 PARK PLACE NYC
5,NEW SPRINGVILLE,01 ONE FAMILY DWELLINGS,1,2385,26,A5,31 VASSAR STREET,10314.0,1.0,0.0,1.0,2600.0,1440.0,1965.0,1,A5,605000,2019-07-15,statenisland,31 VASSAR STREET NYC
4,OZONE PARK,01 ONE FAMILY DWELLINGS,1,11529,22,A1,137-38 94TH STREET,11417.0,1.0,0.0,1.0,2500.0,1392.0,1925.0,1,A1,642500,2019-04-15,queens,137-38 94TH STREET NYC
3,FLATBUSH-EAST,03 THREE FAMILY DWELLINGS,1,4878,51,C0,883 ALBANY AVENUE,11203.0,3.0,0.0,3.0,2000.0,1920.0,1910.0,1,C0,750000,2019-03-29,brooklyn,883 ALBANY AVENUE NYC
2,MORRIS PARK/VAN NEST,07 RENTALS - WALKUP APARTMENTS,2A,4032,18,C3,1713 WHITE PLAINS ROAD,10462.0,4.0,0.0,4.0,1125.0,2100.0,1920.0,2,C3,600000,2019-06-27,bronx,1713 WHITE PLAINS ROAD NYC
3,CYPRESS HILLS,02 TWO FAMILY DWELLINGS,1,3960,19,B1,165 HALE AVENUE,11208.0,2.0,0.0,2.0,2008.0,2200.0,1901.0,1,B1,635000,2019-06-06,brooklyn,165 HALE AVENUE NYC
3,BAY RIDGE,01 ONE FAMILY DWELLINGS,1,6041,17,A5,58 86TH STREET,11209.0,1.0,0.0,1.0,2500.0,1496.0,1925.0,1,A5,1375000,2019-03-29,brooklyn,58 86TH STREET NYC
4,WOODSIDE,27 FACTORIES,4,1183,16,F4,33-20 61 STREET,11377.0,0.0,1.0,1.0,2500.0,2500.0,1965.0,4,F4,1325000,2019-03-06,queens,33-20 61 STREET NYC
3,CANARSIE,01 ONE FAMILY DWELLINGS,1,8082,42,A5,1478 EAST 86TH STREET,11236.0,1.0,0.0,1.0,1800.0,1512.0,1960.0,1,A5,570000,2019-07-31,brooklyn,1478 EAST 86TH STREET NYC
3,OLD MILL BASIN,02 TWO FAMILY DWELLINGS,1,8404,7,B1,2071 EAST 61ST STREET,11234.0,2.0,0.0,2.0,2150.0,1696.0,1960.0,1,B1,800000,2019-10-22,brooklyn,2071 EAST 61ST STREET NYC
3,CANARSIE,02 TWO FAMILY DWELLINGS,1,8252,24,B1,10560 FLATLANDS 3 STREET,11236.0,2.0,0.0,2.0,2200.0,2200.0,1960.0,1,B1,815000,2019-01-03,brooklyn,10560 FLATLANDS 3 STREET NYC
2,MORRIS PARK/VAN NEST,02 TWO FAMILY DWELLINGS,1,4254,6,B2,679 RHINELANDER AVENUE,10462.0,2.0,0.0,2.0,1345.0,2268.0,1901.0,1,B2,610000,2019-08-16,bronx,679 RHINELANDER AVENUE NYC
4,FRESH MEADOWS,01 ONE FAMILY DWELLINGS,1,7200,42,A1,75-76 184TH STREET,11366.0,1.0,0.0,1.0,4000.0,2250.0,1950.0,1,A1,1800000,2019-12-03,queens,75-76 184TH STREET NYC
4,RICHMOND HILL,01 ONE FAMILY DWELLINGS,1,9598,19,A1,107-30 LEFFERTS BLVD,11419.0,1.0,0.0,1.0,2375.0,1444.0,1925.0,1,A1,570000,2019-04-10,queens,107-30 LEFFERTS BLVD NYC
4,HOWARD BEACH,02 TWO FAMILY DWELLINGS,1,14203,12,B3,163-14 96TH STREET,11414.0,2.0,0.0,2.0,4000.0,2315.0,1950.0,1,B3,435000,2019-07-26,queens,163-14 96TH STREET NYC
4,SOUTH JAMAICA,01 ONE FAMILY DWELLINGS,1,10265,140,A5,10944 174TH STREET,11433.0,1.0,0.0,1.0,2200.0,800.0,1960.0,1,A5,440000,2019-04-05,queens,10944 174TH STREET NYC
3,FLATBUSH-CENTRAL,02 TWO FAMILY DWELLINGS,1,5199,54,B2,551 ARGYLE ROAD\,11230.0,2.0,0.0,2.0,4000.0,3232.0,1910.0,1,B2,1750000,2019-07-29,brooklyn,551 ARGYLE ROAD\ NYC
2,HIGHBRIDGE/MORRIS HEIGHTS,01 ONE FAMILY DWELLINGS,1,2523,144,A2,1033 SUMMIT AVE,10452.0,1.0,0.0,1.0,2185.0,1140.0,1910.0,1,A2,475000,2019-10-10,bronx,1033 SUMMIT AVE NYC
3,FLATBUSH-NORTH,01 ONE FAMILY DWELLINGS,1,1332,64,A4,555 EAST NEW YORK AVENUE,11225.0,1.0,0.0,1.0,1800.0,1200.0,1920.0,1,A4,700000,2019-08-06,brooklyn,555 EAST NEW YORK AVENUE NYC
2,WOODLAWN,02 TWO FAMILY DWELLINGS,1,3380,65,B9,265 EAST 239 STREET,10470.0,2.0,0.0,2.0,4000.0,3036.0,1960.0,1,B9,600000,2019-02-21,bronx,265 EAST 239 STREET NYC
5,MANOR HEIGHTS,01 ONE FAMILY DWELLINGS,1,815,28,A5,199 GRAVES STREET,10314.0,1.0,0.0,1.0,1333.0,1399.0,1988.0,1,A5,445000,2019-01-04,statenisland,199 GRAVES STREET NYC
4,QUEENS VILLAGE,01 ONE FAMILY DWELLINGS,1,11239,31,A0,221-33 114TH AVENUE,11411.0,1.0,0.0,1.0,3442.0,1020.0,1945.0,1,A0,360000,2019-12-27,queens,221-33 114TH AVENUE NYC
3,FLATBUSH-CENTRAL,01 ONE FAMILY DWELLINGS,1,5108,54,A9,2901 SNYDER AVENUE,11226.0,1.0,0.0,1.0,3069.0,1200.0,1901.0,1,A9,960000,2019-05-16,brooklyn,2901 SNYDER AVENUE NYC
4,DOUGLASTON,01 ONE FAMILY DWELLINGS,1,8103,56,A1,324 CHERRY STREET,11363.0,1.0,0.0,1.0,3338.0,1776.0,1930.0,1,A1,880000,2019-03-29,queens,324 CHERRY STREET NYC
2,KINGSBRIDGE HTS/UNIV HTS,02 TWO FAMILY DWELLINGS,1,3210,57,B1,64 WEST 180 STREET,10453.0,2.0,0.0,2.0,3500.0,2100.0,1993.0,1,B1,570000,2019-03-12,bronx,64 WEST 180 STREET NYC
3,CANARSIE,03 THREE FAMILY DWELLINGS,1,8031,6,C0,2 PAERDEGAT 3 STREET,11236.0,3.0,0.0,3.0,3233.0,3430.0,1965.0,1,C0,710000,2019-09-27,brooklyn,2 PAERDEGAT 3 STREET NYC
3,SUNSET PARK,02 TWO FAMILY DWELLINGS,1,831,31,B9,460 55TH STREET,11220.0,2.0,0.0,2.0,2003.0,3106.0,1901.0,1,B9,1480000,2019-07-09,brooklyn,460 55TH STREET NYC
2,WAKEFIELD,02 TWO FAMILY DWELLINGS,1,5113,10,B1,727 ST OUEN STREET,10470.0,2.0,0.0,2.0,3266.0,1944.0,1965.0,1,B1,636000,2019-09-30,bronx,727 ST OUEN STREET NYC
4,JAMAICA,01 ONE FAMILY DWELLINGS,1,9832,33,A1,89-02 178TH STREET,11432.0,1.0,0.0,1.0,1760.0,1224.0,1915.0,1,A1,645000,2019-07-30,queens,89-02 178TH STREET NYC
4,FLUSHING-NORTH,02 TWO FAMILY DWELLINGS,1,5613,62,B3,47-48 195TH STREET,11358.0,2.0,0.0,2.0,4000.0,2230.0,1955.0,1,B3,1400000,2019-04-12,queens,47-48 195TH STREET NYC
4,MIDDLE VILLAGE,03 THREE FAMILY DWELLINGS,1,2835,98,C0,72-11 60TH AVENUE,11378.0,3.0,0.0,3.0,2835.0,3013.0,1955.0,1,C0,1230000,2019-08-26,queens,72-11 60TH AVENUE NYC
4,WOODHAVEN,02 TWO FAMILY DWELLINGS,1,8978,9,B3,84-20 91ST AVENUE,11421.0,2.0,0.0,2.0,1800.0,1488.0,1920.0,1,B3,630000,2019-08-01,queens,84-20 91ST AVENUE NYC
5,GRANT CITY,01 ONE FAMILY DWELLINGS,1,3531,66,A5,158 JEFFERSON STREET,10304.0,1.0,0.0,1.0,1755.0,1300.0,1989.0,1,A5,519000,2019-07-25,statenisland,158 JEFFERSON STREET NYC
3,BAY RIDGE,01 ONE FAMILY DWELLINGS,1,5966,15,A1,62 78TH STREET,11209.0,1.0,0.0,1.0,2700.0,1361.0,1925.0,1,A1,1400000,2019-02-20,brooklyn,62 78TH STREET NYC
4,SOUTH OZONE PARK,02 TWO FAMILY DWELLINGS,1,11671,1,B2,127-04 115TH AVENUE,11420.0,2.0,0.0,2.0,4000.0,2200.0,1955.0,1,B2,560038,2019-11-26,queens,127-04 115TH AVENUE NYC
2,MORRISANIA/LONGWOOD,03 THREE FAMILY DWELLINGS,1,2708,10,C0,966 EAST 156 STREET,10455.0,3.0,0.0,3.0,2500.0,3120.0,1901.0,1,C0,350000,2019-08-13,bronx,966 EAST 156 STREET NYC
4,SPRINGFIELD GARDENS,01 ONE FAMILY DWELLINGS,1,12710,25,A1,195-20 122ND AVENUE,11413.0,1.0,0.0,1.0,4256.0,864.0,1930.0,1,A1,380000,2019-11-06,queens,195-20 122ND AVENUE NYC
3,OCEAN PARKWAY-NORTH,22 STORE BUILDINGS,4,6583,68,K4,1681 MCDONALD AVENUE,11230.0,1.0,1.0,2.0,2240.0,2460.0,1931.0,4,K4,1200000,2019-05-01,brooklyn,1681 MCDONALD AVENUE NYC
5,MIDLAND BEACH,01 ONE FAMILY DWELLINGS,1,3886,42,A1,365 FREEBORN STREET,10306.0,1.0,0.0,1.0,4000.0,1561.0,1960.0,1,A1,613090,2019-08-12,statenisland,365 FREEBORN STREET NYC
4,HOLLISWOOD,02 TWO FAMILY DWELLINGS,1,10589,55,S2,207-07 HILLSIDE AVE,11427.0,2.0,1.0,3.0,3000.0,2000.0,1950.0,1,S2,625000,2019-10-10,queens,207-07 HILLSIDE AVE NYC
5,WOODROW,02 TWO FAMILY DWELLINGS,1,7349,4,B9,51 PHEASANT LANE,10309.0,2.0,0.0,2.0,2123.0,1850.0,1998.0,1,B9,670000,2019-02-22,statenisland,51 PHEASANT LANE NYC
4,COLLEGE POINT,01 ONE FAMILY DWELLINGS,1,4107,22,A1,14-36 140TH STREET,11357.0,1.0,0.0,1.0,3108.0,1300.0,1950.0,1,A1,850000,2019-02-01,queens,14-36 140TH STREET NYC
4,WHITESTONE,07 RENTALS - WALKUP APARTMENTS,2A,4504,12,C3,149-04 12TH AVENUE,11357.0,4.0,0.0,4.0,2036.0,1800.0,1928.0,2,C3,1409600,2019-01-31,queens,149-04 12TH AVENUE NYC
4,ST. ALBANS,01 ONE FAMILY DWELLINGS,1,10968,78,A1,191-41 112TH ROAD,11412.0,1.0,0.0,1.0,3400.0,1568.0,1930.0,1,A1,645000,2019-04-29,queens,191-41 112TH ROAD NYC
5,MANOR HEIGHTS,01 ONE FAMILY DWELLINGS,1,760,89,A5,162 SOUTH GANNON AVENUE,10314.0,1.0,0.0,1.0,760.0,736.0,1988.0,1,A5,357500,2019-01-02,statenisland,162 SOUTH GANNON AVENUE NYC
4,HOLLIS,01 ONE FAMILY DWELLINGS,1,10842,111,A5,99-01 195TH STREET,11423.0,1.0,0.0,1.0,1333.0,1152.0,1965.0,1,A5,460000,2019-06-19,queens,99-01 195TH STREET NYC
4,ST. ALBANS,01 ONE FAMILY DWELLINGS,1,11013,11,A5,114-12 197TH STREET,11412.0,1.0,0.0,1.0,2500.0,896.0,1950.0,1,A5,425000,2019-09-24,queens,114-12 197TH STREET NYC
5,CASTLETON CORNERS,01 ONE FAMILY DWELLINGS,1,353,34,A1,1164 FOREST AVENUE,10310.0,1.0,0.0,1.0,4160.0,1144.0,1920.0,1,A1,520000,2019-09-03,statenisland,1164 FOREST AVENUE NYC
5,GREAT KILLS,01 ONE FAMILY DWELLINGS,1,4640,40,A5,32 STONECREST COURT,10308.0,1.0,0.0,1.0,2490.0,944.0,1991.0,1,A5,325000,2019-06-28,statenisland,32 STONECREST COURT NYC
2,MORRIS PARK/VAN NEST,14 RENTALS - 4-10 UNIT,2A,4036,3,S3,780 MORRIS PARK AVENUE,10462.0,3.0,1.0,4.0,2500.0,3024.0,1925.0,2,S3,780000,2019-05-13,bronx,780 MORRIS PARK AVENUE NYC
4,BAYSIDE,01 ONE FAMILY DWELLINGS,1,7567,72,A1,230-01 58TH AVENUE,11364.0,1.0,0.0,1.0,4700.0,2625.0,1960.0,1,A1,970000,2019-07-10,queens,230-01 58TH AVENUE NYC
5,PRINCES BAY,01 ONE FAMILY DWELLINGS,1,6726,82,A5,139 COMMODORE DRIVE,10309.0,1.0,0.0,1.0,1800.0,1518.0,1986.0,1,A5,475000,2019-12-10,statenisland,139 COMMODORE DRIVE NYC
4,BAYSIDE,01 ONE FAMILY DWELLINGS,1,6245,25,A1,38-38 216TH STREET,11361.0,1.0,0.0,1.0,3325.0,1650.0,1930.0,1,A1,880000,2019-09-23,queens,38-38 216TH STREET NYC
4,RIDGEWOOD,07 RENTALS - WALKUP APARTMENTS,2A,3503,14,C3,67-03 FOREST AVENUE,11385.0,4.0,0.0,4.0,2494.0,3400.0,1930.0,2,C3,1075000,2019-07-17,queens,67-03 FOREST AVENUE NYC
4,RIDGEWOOD,22 STORE BUILDINGS,4,3466,48,K4,5745 MYRTLE AVENUE,11385.0,0.0,1.0,1.0,1367.0,4500.0,1930.0,4,K4,1685000,2019-03-22,queens,5745 MYRTLE AVENUE NYC
4,FOREST HILLS,01 ONE FAMILY DWELLINGS,1,3207,40,A1,89-28 69TH ROAD,11375.0,1.0,0.0,1.0,2001.0,1255.0,1930.0,1,A1,750000,2019-01-30,queens,89-28 69TH ROAD NYC
5,ROSSVILLE,01 ONE FAMILY DWELLINGS,1,7085,24,A5,178 LUCILLE AVENUE,10309.0,1.0,0.0,1.0,1550.0,1520.0,1991.0,1,A5,440000,2019-10-22,statenisland,178 LUCILLE AVENUE NYC
3,FLATBUSH-NORTH,02 TWO FAMILY DWELLINGS,1,4653,6,B3,724 LENOX ROAD,11203.0,2.0,0.0,2.0,2750.0,2204.0,1940.0,1,B3,670000,2019-06-28,brooklyn,724 LENOX ROAD NYC
5,PORT IVORY,02 TWO FAMILY DWELLINGS,1,1263,59,B2,5 ARLINGTON AVENUE,10303.0,2.0,0.0,2.0,3908.0,1450.0,2002.0,1,B2,445000,2019-06-21,statenisland,5 ARLINGTON AVENUE NYC
4,FLUSHING-SOUTH,02 TWO FAMILY DWELLINGS,1,6845,12,B3,162-26 75TH AVENUE,11366.0,2.0,0.0,2.0,4000.0,2168.0,1920.0,1,B3,980000,2019-07-10,queens,162-26 75TH AVENUE NYC
3,MILL BASIN,02 TWO FAMILY DWELLINGS,1,8595,45,B2,2726 EAST 64TH STREET,11234.0,2.0,0.0,2.0,2500.0,2120.0,1965.0,1,B2,680000,2019-10-10,brooklyn,2726 EAST 64TH STREET NYC
4,WOODHAVEN,02 TWO FAMILY DWELLINGS,1,8844,16,B3,76-36 85 DRIVE,11421.0,2.0,0.0,2.0,2151.0,1380.0,1915.0,1,B3,307000,2019-08-06,queens,76-36 85 DRIVE NYC
4,FLORAL PARK,01 ONE FAMILY DWELLINGS,1,8826,18,A0,87-37 258TH STREET,11001.0,1.0,0.0,1.0,3980.0,2231.0,1955.0,1,A0,859000,2019-10-18,queens,87-37 258TH STREET NYC
5,CLOVE LAKES,01 ONE FAMILY DWELLINGS,1,288,47,A1,611 OAKLAND AVENUE,10310.0,1.0,0.0,1.0,4000.0,3120.0,1950.0,1,A1,865000,2019-08-12,statenisland,611 OAKLAND AVENUE NYC
5,ELTINGVILLE,01 ONE FAMILY DWELLINGS,1,5605,107,A2,438 GENESEE AVENUE,10312.0,1.0,0.0,1.0,4100.0,1820.0,1965.0,1,A2,759000,2019-08-28,statenisland,438 GENESEE AVENUE NYC
2,MORRIS PARK/VAN NEST,03 THREE FAMILY DWELLINGS,1,4058,34,C0,908 PIERCE AVENUE,10462.0,3.0,0.0,3.0,2233.0,2000.0,1961.0,1,C0,830000,2019-08-09,bronx,908 PIERCE AVENUE NYC
4,MIDDLE VILLAGE,01 ONE FAMILY DWELLINGS,1,3018,49,A1,64-90 82ND PLACE,11379.0,1.0,0.0,1.0,2633.0,1380.0,1935.0,1,A1,810000,2019-05-20,queens,64-90 82ND PLACE NYC
4,SOUTH OZONE PARK,02 TWO FAMILY DWELLINGS,1,11648,38,B3,114-49 121ST STREET,11420.0,2.0,0.0,2.0,2500.0,1344.0,1925.0,1,B3,685000,2019-04-22,queens,114-49 121ST STREET NYC
3,MIDWOOD,01 ONE FAMILY DWELLINGS,1,6757,75,A1,1473 EAST 19TH STREET,11230.0,1.0,0.0,1.0,4401.0,3068.0,1925.0,1,A1,1550500,2019-09-19,brooklyn,1473 EAST 19TH STREET NYC
4,WOODHAVEN,02 TWO FAMILY DWELLINGS,1,8842,109,B2,8629 78TH STREET,11421.0,2.0,0.0,2.0,2193.0,1920.0,1920.0,1,B2,460000,2019-05-24,queens,8629 78TH STREET NYC
4,ASTORIA,02 TWO FAMILY DWELLINGS,1,761,8,B3,2175 47TH STREET,11105.0,2.0,0.0,2.0,2826.0,1184.0,1940.0,1,B3,1075000,2019-07-10,queens,2175 47TH STREET NYC
4,SOUTH JAMAICA,01 ONE FAMILY DWELLINGS,1,10254,13,A1,108-16 171ST PLACE,11433.0,1.0,0.0,1.0,4000.0,2058.0,1920.0,1,A1,430000,2019-04-11,queens,108-16 171ST PLACE NYC
5,RICHMONDTOWN,01 ONE FAMILY DWELLINGS,1,4332,107,A1,41 ARDSLEY STREET,10306.0,1.0,0.0,1.0,4000.0,2300.0,1965.0,1,A1,450000,2019-08-28,statenisland,41 ARDSLEY STREET NYC
4,RICHMOND HILL,02 TWO FAMILY DWELLINGS,1,9484,62,B3,101-31 116TH STREET,11419.0,2.0,0.0,2.0,2321.0,1328.0,1920.0,1,B3,600000,2019-09-10,queens,101-31 116TH STREET NYC
4,LAURELTON,02 TWO FAMILY DWELLINGS,1,13117,7,B1,136-39 222 ST,11413.0,2.0,0.0,2.0,3283.0,1700.0,1945.0,1,B1,625000,2019-03-15,queens,136-39 222 ST NYC
5,SOUTH BEACH,01 ONE FAMILY DWELLINGS,1,3412,55,A1,49 AGNES PLACE,10305.0,1.0,0.0,1.0,2185.0,1120.0,1915.0,1,A1,380000,2019-06-05,statenisland,49 AGNES PLACE NYC
4,FLUSHING-SOUTH,01 ONE FAMILY DWELLINGS,1,6618,21,A5,141-20 70TH ROAD,11367.0,1.0,0.0,1.0,2000.0,1344.0,1940.0,1,A5,815000,2019-06-26,queens,141-20 70TH ROAD NYC
3,BAY RIDGE,02 TWO FAMILY DWELLINGS,1,5877,72,B2,857 70TH STREET,11228.0,2.0,0.0,2.0,2500.0,2200.0,1925.0,1,B2,1450000,2019-09-09,brooklyn,857 70TH STREET NYC
4,SOUTH OZONE PARK,01 ONE FAMILY DWELLINGS,1,11687,51,A1,116-35 131ST STREET,11420.0,1.0,0.0,1.0,2000.0,896.0,1940.0,1,A1,480000,2019-05-21,queens,116-35 131ST STREET NYC
2,BAYCHESTER,03 THREE FAMILY DWELLINGS,1,4797,56,C0,2928 GRACE AVENUE,10469.0,3.0,0.0,3.0,2041.0,2924.0,2002.0,1,C0,636406,2019-03-19,bronx,2928 GRACE AVENUE NYC
4,CAMBRIA HEIGHTS,01 ONE FAMILY DWELLINGS,1,11289,46,A2,115-22 226TH STREET,11411.0,1.0,0.0,1.0,4000.0,1125.0,1945.0,1,A2,305000,2019-01-11,queens,115-22 226TH STREET NYC
3,CANARSIE,01 ONE FAMILY DWELLINGS,1,8144,8,A1,987 EAST 94TH STREET,11236.0,1.0,0.0,1.0,2500.0,988.0,1940.0,1,A1,500000,2019-10-08,brooklyn,987 EAST 94TH STREET NYC
4,OZONE PARK,02 TWO FAMILY DWELLINGS,1,11479,47,B3,109-36 CENTREVILLE STREET,11417.0,2.0,0.0,2.0,2929.0,1448.0,1925.0,1,B3,696800,2019-04-10,queens,109-36 CENTREVILLE STREET NYC
2,BAYCHESTER,01 ONE FAMILY DWELLINGS,1,4898,20,A5,1251 EAST 223 STREET,10466.0,1.0,0.0,1.0,1600.0,960.0,1955.0,1,A5,423000,2019-01-22,bronx,1251 EAST 223 STREET NYC
4,FLUSHING-SOUTH,01 ONE FAMILY DWELLINGS,1,6605,35,A5,137-52 75TH ROAD,11367.0,1.0,0.0,1.0,3500.0,1332.0,1935.0,1,A5,850000,2019-11-13,queens,137-52 75TH ROAD NYC
5,ELTINGVILLE,01 ONE FAMILY DWELLINGS,1,5680,120,A1,36 FORRESTAL AVENUE,10312.0,1.0,0.0,1.0,4000.0,1709.0,1975.0,1,A1,710000,2019-02-20,statenisland,36 FORRESTAL AVENUE NYC
4,WOODHAVEN,01 ONE FAMILY DWELLINGS,1,8981,13,A9,91-16 88TH STREET,11421.0,1.0,0.0,1.0,1600.0,1432.0,1915.0,1,A9,523000,2019-02-27,queens,91-16 88TH STREET NYC
3,BENSONHURST,02 TWO FAMILY DWELLINGS,1,6285,24,B2,1842 80TH STREET,11214.0,2.0,0.0,2.0,3000.0,2480.0,1935.0,1,B2,1720000,2019-10-28,brooklyn,1842 80TH STREET NYC
3,EAST NEW YORK,02 TWO FAMILY DWELLINGS,1,3992,5,B2,123 MONTAUK AVENUE,11208.0,2.0,0.0,2.0,2000.0,1512.0,1901.0,1,B2,500000,2019-09-26,brooklyn,123 MONTAUK AVENUE NYC
2,CASTLE HILL/UNIONPORT,07 RENTALS - WALKUP APARTMENTS,2A,3806,59,C3,2147 BRUCKNER BOULEVARD,10472.0,4.0,0.0,4.0,2609.0,3403.0,1929.0,2,C3,650000,2019-05-07,bronx,2147 BRUCKNER BOULEVARD NYC
4,SOUTH JAMAICA,01 ONE FAMILY DWELLINGS,1,12152,42,A1,109-14 GUY R BREWER BLVD,11433.0,1.0,0.0,1.0,2875.0,926.0,1920.0,1,A1,775000,2019-08-22,queens,109-14 GUY R BREWER BLVD NYC
4,RIDGEWOOD,02 TWO FAMILY DWELLINGS,1,3531,64,B1,60-61 67TH AVENUE,11385.0,2.0,0.0,2.0,1363.0,2760.0,1915.0,1,B1,962000,2019-11-26,queens,60-61 67TH AVENUE NYC
4,SPRINGFIELD GARDENS,02 TWO FAMILY DWELLINGS,1,12548,33,B2,176-32 133RD ROAD,11434.0,2.0,0.0,2.0,3000.0,1764.0,1965.0,1,B2,705000,2019-08-16,queens,176-32 133RD ROAD NYC
4,LAURELTON,01 ONE FAMILY DWELLINGS,1,13114,15,A1,136-27 220TH PLACE,11413.0,1.0,0.0,1.0,3192.0,972.0,1930.0,1,A1,365000,2019-11-14,queens,136-27 220TH PLACE NYC
5,CASTLETON CORNERS,01 ONE FAMILY DWELLINGS,1,370,47,A1,271 SOUTH GREENLEAF AVE,10314.0,1.0,0.0,1.0,3159.0,1246.0,1925.0,1,A1,625000,2019-04-25,statenisland,271 SOUTH GREENLEAF AVE NYC
4,WOODHAVEN,02 TWO FAMILY DWELLINGS,1,9177,47,B2,85-30 101ST STREET,11418.0,2.0,0.0,2.0,2839.0,1548.0,1915.0,1,B2,760000,2019-01-16,queens,85-30 101ST STREET NYC
4,SOUTH OZONE PARK,02 TWO FAMILY DWELLINGS,1,11816,14,B2,149-43 115 STREET,11420.0,2.0,0.0,2.0,4000.0,1996.0,1950.0,1,B2,675000,2019-09-27,queens,149-43 115 STREET NYC
3,CANARSIE,02 TWO FAMILY DWELLINGS,1,8147,13,B1,1315 ROCKAWAY PARKWAY,11236.0,2.0,0.0,2.0,2573.0,2080.0,1940.0,1,B1,450000,2019-11-15,brooklyn,1315 ROCKAWAY PARKWAY NYC
3,SHEEPSHEAD BAY,01 ONE FAMILY DWELLINGS,1,7384,71,A5,2235 EAST 26TH STREET,11229.0,1.0,0.0,1.0,1658.0,1512.0,1940.0,1,A5,750000,2019-09-04,brooklyn,2235 EAST 26TH STREET NYC
2,WESTCHESTER,03 THREE FAMILY DWELLINGS,1,3966,15,C0,2216 STARLING AVENUE,10462.0,3.0,0.0,3.0,2792.0,2261.0,1901.0,1,C0,825000,2019-12-23,bronx,2216 STARLING AVENUE NYC
4,LAURELTON,01 ONE FAMILY DWELLINGS,1,13140,14,A1,138-43 226TH STREET,11413.0,1.0,0.0,1.0,4000.0,1686.0,1940.0,1,A1,670000,2019-07-16,queens,138-43 226TH STREET NYC
4,FLORAL PARK,01 ONE FAMILY DWELLINGS,1,8771,49,A0,83-30 260TH STREET,11004.0,1.0,0.0,1.0,4000.0,935.0,1945.0,1,A0,625000,2019-04-04,queens,83-30 260TH STREET NYC
4,SO. JAMAICA-BAISLEY PARK,02 TWO FAMILY DWELLINGS,1,11988,49,B2,115-31 144TH STREET,11436.0,2.0,0.0,2.0,4000.0,2886.0,1955.0,1,B2,600000,2019-08-21,queens,115-31 144TH STREET NYC
5,GRASMERE,01 ONE FAMILY DWELLINGS,1,3156,10,A9,581 HANOVER AVENUE,10304.0,1.0,0.0,1.0,2605.0,1312.0,1960.0,1,A9,435000,2019-10-07,statenisland,581 HANOVER AVENUE NYC
3,FLATBUSH-NORTH,30 WAREHOUSES,4,4609,55,E1,185 REMSEN AVENUE,11212.0,0.0,1.0,1.0,4100.0,3650.0,1931.0,4,E1,920000,2019-04-04,brooklyn,185 REMSEN AVENUE NYC
4,RIDGEWOOD,03 THREE FAMILY DWELLINGS,1,3612,12,C0,6112 GATES AVE,11385.0,3.0,0.0,3.0,2000.0,3972.0,1920.0,1,C0,1250000,2019-01-22,queens,6112 GATES AVE NYC
5,GREAT KILLS,01 ONE FAMILY DWELLINGS,1,4477,26,A1,70 BLYTHE PLACE,10306.0,1.0,0.0,1.0,3531.0,1408.0,1986.0,1,A1,637000,2019-11-26,statenisland,70 BLYTHE PLACE NYC
4,RIDGEWOOD,01 ONE FAMILY DWELLINGS,1,3414,34,A5,1807 STARR STREET,11385.0,1.0,0.0,1.0,1800.0,1260.0,1945.0,1,A5,815000,2019-12-18,queens,1807 STARR STREET NYC
4,OAKLAND GARDENS,01 ONE FAMILY DWELLINGS,1,7680,37,A5,6925 SPRINGFIELD BLVD,11364.0,1.0,0.0,1.0,1782.0,1332.0,1955.0,1,A5,725000,2019-10-30,queens,6925 SPRINGFIELD BLVD NYC
4,ROSEDALE,02 TWO FAMILY DWELLINGS,1,13234,48,B3,136-36 241ST STREET,11422.0,2.0,0.0,2.0,4000.0,2250.0,1925.0,1,B3,644000,2019-11-12,queens,136-36 241ST STREET NYC
3,BAY RIDGE,01 ONE FAMILY DWELLINGS,1,6063,7,A5,8909 RIDGE BOULEVARD,11209.0,1.0,0.0,1.0,1800.0,1560.0,1920.0,1,A5,1178000,2019-08-14,brooklyn,8909 RIDGE BOULEVARD NYC
4,SPRINGFIELD GARDENS,01 ONE FAMILY DWELLINGS,1,12580,31,A1,138-24 175TH STREET,11434.0,1.0,0.0,1.0,4000.0,2530.0,2002.0,1,A1,670000,2019-04-05,queens,138-24 175TH STREET NYC
4,GLENDALE,01 ONE FAMILY DWELLINGS,1,3685,56,S1,69-31 MYRTLE AVENUE,11385.0,1.0,1.0,2.0,1883.0,1600.0,1915.0,1,S1,650000,2019-09-06,queens,69-31 MYRTLE AVENUE NYC
3,EAST NEW YORK,02 TWO FAMILY DWELLINGS,1,4298,72,B1,661 SHEFFIELD AVENUE,11207.0,2.0,0.0,2.0,1900.0,2042.0,1920.0,1,B1,420000,2019-11-21,brooklyn,661 SHEFFIELD AVENUE NYC
4,EAST ELMHURST,02 TWO FAMILY DWELLINGS,1,1424,58,S2,32-31 JUNCTION BOULEVARD,11369.0,2.0,1.0,3.0,1940.0,2340.0,1920.0,1,S2,1015000,2019-07-23,queens,32-31 JUNCTION BOULEVARD NYC
4,RICHMOND HILL,02 TWO FAMILY DWELLINGS,1,9335,26,B1,127-01 87TH ROAD,11418.0,2.0,0.0,2.0,2500.0,2080.0,1920.0,1,B1,915000,2019-06-04,queens,127-01 87TH ROAD NYC
2,MORRIS PARK/VAN NEST,01 ONE FAMILY DWELLINGS,1,4098,52,A1,1640 COLDEN AVENUE,10462.0,1.0,0.0,1.0,2500.0,1906.0,1920.0,1,A1,446160,2019-11-01,bronx,1640 COLDEN AVENUE NYC
4,GLEN OAKS,01 ONE FAMILY DWELLINGS,1,8548,24,A2,76-30 271ST STREET,11040.0,1.0,0.0,1.0,4500.0,1031.0,1945.0,1,A2,613047,2019-09-17,queens,76-30 271ST STREET NYC
5,GREAT KILLS,01 ONE FAMILY DWELLINGS,1,5131,74,A5,14 GREENCROFT LANE,10308.0,1.0,0.0,1.0,3507.0,2088.0,1990.0,1,A5,690000,2019-06-17,statenisland,14 GREENCROFT LANE NYC
2,SOUNDVIEW,03 THREE FAMILY DWELLINGS,1,3493,28,C0,466 COMMONWEALTH AVENUE,10473.0,3.0,0.0,3.0,1992.0,2830.0,1975.0,1,C0,650000,2019-02-21,bronx,466 COMMONWEALTH AVENUE NYC
3,OLD MILL BASIN,01 ONE FAMILY DWELLINGS,1,8388,122,A9,6607 AVENUE T,11234.0,1.0,0.0,1.0,1920.0,1280.0,1925.0,1,A9,545000,2019-11-01,brooklyn,6607 AVENUE T NYC
2,THROGS NECK,01 ONE FAMILY DWELLINGS,1,5544,43,A5,2861 PHILIP AVENUE,10465.0,1.0,0.0,1.0,2200.0,1641.0,1950.0,1,A5,465000,2019-10-31,bronx,2861 PHILIP AVENUE NYC
3,MARINE PARK,02 TWO FAMILY DWELLINGS,1,7693,48,B3,1483 EAST 31ST STREET,11234.0,2.0,0.0,2.0,1700.0,1785.0,1930.0,1,B3,670000,2019-04-30,brooklyn,1483 EAST 31ST STREET NYC
3,CANARSIE,02 TWO FAMILY DWELLINGS,1,8217,42,B1,1254 EAST 91ST STREET,11236.0,2.0,0.0,2.0,2100.0,1942.0,1960.0,1,B1,800000,2019-04-05,brooklyn,1254 EAST 91ST STREET NYC
4,FAR ROCKAWAY,03 THREE FAMILY DWELLINGS,1,15660,51,C0,13-69 PINSON STREET,11691.0,3.0,0.0,3.0,1991.0,3078.0,2006.0,1,C0,525000,2019-07-09,queens,13-69 PINSON STREET NYC
4,WOODHAVEN,01 ONE FAMILY DWELLINGS,1,8891,17,A9,94-26 PARK LANE SOUTH,11421.0,1.0,0.0,1.0,2577.0,1578.0,1925.0,1,A9,680000,2019-06-25,queens,94-26 PARK LANE SOUTH NYC
3,CONEY ISLAND,01 ONE FAMILY DWELLINGS,1,7008,20,A5,2816 WEST 31ST STREET,11224.0,1.0,0.0,1.0,2375.0,1520.0,1985.0,1,A5,549000,2019-02-20,brooklyn,2816 WEST 31ST STREET NYC
4,ROSEDALE,01 ONE FAMILY DWELLINGS,1,13647,68,A1,253-07 147TH ROAD,11422.0,1.0,0.0,1.0,2430.0,1727.0,1965.0,1,A1,508000,2019-06-24,queens,253-07 147TH ROAD NYC
3,SUNSET PARK,02 TWO FAMILY DWELLINGS,1,874,4,B2,649 6 AVENUE,11215.0,2.0,0.0,2.0,980.0,1290.0,1910.0,1,B2,1150000,2019-02-26,brooklyn,649 6 AVENUE NYC
5,MIDLAND BEACH,01 ONE FAMILY DWELLINGS,1,3689,46,A1,367 BEDFORD AVENUE,10306.0,1.0,0.0,1.0,3100.0,1580.0,2005.0,1,A1,650000,2019-02-11,statenisland,367 BEDFORD AVENUE NYC
2,MORRIS PARK/VAN NEST,01 ONE FAMILY DWELLINGS,1,4087,14,A1,1572 TOMLINSON AVE,10461.0,1.0,0.0,1.0,1875.0,1360.0,1925.0,1,A1,340000,2019-05-22,bronx,1572 TOMLINSON AVE NYC
4,RICHMOND HILL,01 ONE FAMILY DWELLINGS,1,9581,35,A1,10458 128TH STREET,11419.0,1.0,0.0,1.0,3100.0,1430.0,1920.0,1,A1,655000,2019-12-31,queens,10458 128TH STREET NYC
5,PORT RICHMOND,01 ONE FAMILY DWELLINGS,1,1061,13,A1,149 HAGAMAN PLACE,10302.0,1.0,0.0,1.0,2500.0,848.0,1925.0,1,A2,350000,2019-11-20,statenisland,149 HAGAMAN PLACE NYC
3,CROWN HEIGHTS,01 ONE FAMILY DWELLINGS,1,1401,62,S1,1593 PRESIDENT STREET,11213.0,1.0,1.0,2.0,2055.0,2646.0,1910.0,1,S1,999000,2019-08-21,brooklyn,1593 PRESIDENT STREET NYC
3,FLATBUSH-EAST,01 ONE FAMILY DWELLINGS,1,4760,52,A5,665 EAST 49TH STREET,11203.0,1.0,0.0,1.0,2200.0,1832.0,1930.0,1,A5,609000,2019-04-23,brooklyn,665 EAST 49TH STREET NYC
5,BULLS HEAD,01 ONE FAMILY DWELLINGS,1,1597,54,A5,341 HILLMAN AVENUE,10314.0,1.0,0.0,1.0,1800.0,1260.0,1970.0,1,A5,495000,2019-12-18,statenisland,341 HILLMAN AVENUE NYC
4,RICHMOND HILL,02 TWO FAMILY DWELLINGS,1,9437,40,B3,9439 LEFFERTS BLVD,11419.0,2.0,0.0,2.0,4500.0,3079.0,1925.0,1,B3,925000,2019-05-29,queens,9439 LEFFERTS BLVD NYC
3,MADISON,02 TWO FAMILY DWELLINGS,1,6782,66,B2,1649 EAST 19TH STREET,11229.0,2.0,0.0,2.0,3094.0,2500.0,1920.0,1,B2,1400000,2019-07-01,brooklyn,1649 EAST 19TH STREET NYC
4,ST. ALBANS,01 ONE FAMILY DWELLINGS,1,12631,22,A0,201-29 119TH AVENUE,11412.0,1.0,0.0,1.0,4000.0,1527.0,1935.0,1,A0,505000,2019-08-28,queens,201-29 119TH AVENUE NYC
5,CASTLETON CORNERS,01 ONE FAMILY DWELLINGS,1,337,13,A5,193B RICE AVENUE,10314.0,1.0,0.0,1.0,2000.0,1100.0,1999.0,1,A5,550000,2019-09-06,statenisland,193B RICE AVENUE NYC
4,ST. ALBANS,02 TWO FAMILY DWELLINGS,1,10947,12,B2,109-85 FRANCIS LEWIS BLVD,11429.0,2.0,0.0,2.0,3000.0,2244.0,1996.0,1,B2,730000,2019-09-09,queens,109-85 FRANCIS LEWIS BLVD NYC
4,LITTLE NECK,02 TWO FAMILY DWELLINGS,1,8160,123,B2,3722 BROOKSIDE,11363.0,2.0,0.0,2.0,2408.0,1920.0,1975.0,1,B2,840000,2019-04-18,queens,3722 BROOKSIDE NYC
2,CASTLE HILL/UNIONPORT,03 THREE FAMILY DWELLINGS,1,3611,28,C0,760 OLMSTEAD AVE,10473.0,3.0,0.0,3.0,2944.0,3880.0,1930.0,1,C0,660000,2019-01-29,bronx,760 OLMSTEAD AVE NYC
4,OAKLAND GARDENS,01 ONE FAMILY DWELLINGS,1,7777,7,A1,78-51 220TH PLACE,11364.0,1.0,0.0,1.0,3733.0,1680.0,1955.0,1,A1,850000,2019-11-22,queens,78-51 220TH PLACE NYC
3,CARROLL GARDENS,02 TWO FAMILY DWELLINGS,1,478,42,B9,37 GARNET STREET,11231.0,2.0,0.0,2.0,2000.0,1300.0,1901.0,1,B9,1325000,2019-04-10,brooklyn,37 GARNET STREET NYC
2,PELHAM PARKWAY NORTH,01 ONE FAMILY DWELLINGS,1,4462,68,A5,2545 PEARSALL AVENUE,10469.0,1.0,0.0,1.0,2700.0,1584.0,1950.0,1,A5,485000,2019-06-21,bronx,2545 PEARSALL AVENUE NYC
4,SOUTH JAMAICA,01 ONE FAMILY DWELLINGS,1,11961,43,A1,145-02 111TH AVENUE,11435.0,1.0,0.0,1.0,2335.0,1424.0,1930.0,1,A1,380000,2019-04-15,queens,145-02 111TH AVENUE NYC
2,BEDFORD PARK/NORWOOD,02 TWO FAMILY DWELLINGS,1,3331,62,B3,3077 WEBSTER AVENUE,10467.0,2.0,0.0,2.0,1980.0,1915.0,1915.0,1,B3,465000,2019-09-09,bronx,3077 WEBSTER AVENUE NYC
2,THROGS NECK,01 ONE FAMILY DWELLINGS,1,5537,87,A5,905 HUNTINGTON,10465.0,1.0,0.0,1.0,1800.0,1584.0,1965.0,1,A5,381973,2019-04-30,bronx,905 HUNTINGTON NYC
4,OZONE PARK,01 ONE FAMILY DWELLINGS,1,9068,38,S1,94-07 101ST AVENUE,11416.0,1.0,1.0,2.0,2800.0,1932.0,1920.0,1,S1,840000,2019-10-23,queens,94-07 101ST AVENUE NYC
3,MARINE PARK,01 ONE FAMILY DWELLINGS,1,7720,32,A9,1729 E 37TH ST,11234.0,1.0,0.0,1.0,1800.0,1050.0,1925.0,1,A9,549000,2019-12-16,brooklyn,1729 E 37TH ST NYC
2,WILLIAMSBRIDGE,01 ONE FAMILY DWELLINGS,1,4666,35,A1,719 EAST 218 STREET,10467.0,1.0,0.0,1.0,2856.0,1482.0,1910.0,1,A1,338000,2019-05-03,bronx,719 EAST 218 STREET NYC
4,SOUTH JAMAICA,01 ONE FAMILY DWELLINGS,1,10206,1,A1,111-53 168TH STREET,11433.0,1.0,0.0,1.0,2000.0,1297.0,1940.0,1,A1,550000,2019-03-01,queens,111-53 168TH STREET NYC
3,EAST NEW YORK,02 TWO FAMILY DWELLINGS,1,4323,24,B1,822 NEW JERSEY AVE,11207.0,2.0,0.0,2.0,1876.0,2000.0,1920.0,1,B1,800000,2019-09-23,brooklyn,822 NEW JERSEY AVE NYC
3,DYKER HEIGHTS,01 ONE FAMILY DWELLINGS,1,6232,59,A5,1245 77TH STREET,11228.0,1.0,0.0,1.0,2000.0,1328.0,1930.0,1,A5,738231,2019-02-12,brooklyn,1245 77TH STREET NYC
3,OLD MILL BASIN,01 ONE FAMILY DWELLINGS,1,7883,75,A1,1372 EAST 59 STREET,11234.0,1.0,0.0,1.0,2700.0,1184.0,1920.0,1,A1,410000,2019-04-19,brooklyn,1372 EAST 59 STREET NYC
3,CANARSIE,02 TWO FAMILY DWELLINGS,1,8199,17,B1,1217 EAST 91ST STREET,11236.0,2.0,0.0,2.0,2255.0,3006.0,1999.0,1,B1,740000,2019-09-18,brooklyn,1217 EAST 91ST STREET NYC
2,MORRISANIA/LONGWOOD,01 ONE FAMILY DWELLINGS,1,2661,140,A5,776 HOME STREET,10456.0,1.0,0.0,1.0,1776.0,1530.0,1987.0,1,A5,490000,2019-08-05,bronx,776 HOME STREET NYC
4,ASTORIA,02 TWO FAMILY DWELLINGS,1,582,1,B1,28-18 33RD AVENUE,11106.0,2.0,0.0,2.0,1250.0,1732.0,1940.0,1,B1,1165000,2019-11-14,queens,28-18 33RD AVENUE NYC
5,GREAT KILLS-BAY TERRACE,02 TWO FAMILY DWELLINGS,1,4969,28,B2,97 TWOMBLY AVENUE,10306.0,2.0,0.0,2.0,4000.0,2488.0,1970.0,1,B2,775000,2019-04-01,statenisland,97 TWOMBLY AVENUE NYC
4,HOWARD BEACH,01 ONE FAMILY DWELLINGS,1,14212,48,A1,164-33 98TH STREET,11414.0,1.0,0.0,1.0,3000.0,1736.0,1955.0,1,A1,665000,2019-10-28,queens,164-33 98TH STREET NYC
4,ASTORIA,02 TWO FAMILY DWELLINGS,1,836,12,B3,24-23 33RD STREET,11102.0,2.0,0.0,2.0,2587.0,1364.0,1925.0,1,B3,1150000,2019-05-20,queens,24-23 33RD STREET NYC
5,MARINERS HARBOR,02 TWO FAMILY DWELLINGS,1,1136,41,B9,391 MORNINGSTAR ROAD,10303.0,2.0,0.0,2.0,2400.0,1400.0,2004.0,1,B9,469000,2019-02-11,statenisland,391 MORNINGSTAR ROAD NYC
5,GREAT KILLS,01 ONE FAMILY DWELLINGS,1,5117,61,A2,191 GREENCROFT AVENUE,10308.0,1.0,0.0,1.0,4000.0,1884.0,1960.0,1,A2,780000,2019-08-20,statenisland,191 GREENCROFT AVENUE NYC
4,DOUGLASTON,01 ONE FAMILY DWELLINGS,1,8286,108,A5,240-01 65TH AVENUE,11362.0,1.0,0.0,1.0,2014.0,1120.0,1960.0,1,A5,615000,2019-05-30,queens,240-01 65TH AVENUE NYC
4,GLENDALE,01 ONE FAMILY DWELLINGS,1,3895,31,A1,89-52 70TH ROAD,11375.0,1.0,0.0,1.0,2400.0,1328.0,1935.0,1,A1,710000,2019-01-25,queens,89-52 70TH ROAD NYC
4,ROSEDALE,02 TWO FAMILY DWELLINGS,1,13728,13,B3,147-09 235TH STREET,11422.0,2.0,0.0,2.0,3800.0,2230.0,1920.0,1,B3,800000,2019-12-26,queens,147-09 235TH STREET NYC
3,CROWN HEIGHTS,02 TWO FAMILY DWELLINGS,1,1356,68,B9,1275 ST MARKS AVENUE,11213.0,2.0,0.0,2.0,2172.0,2193.0,1910.0,1,B9,879800,2019-06-26,brooklyn,1275 ST MARKS AVENUE NYC
4,FAR ROCKAWAY,01 ONE FAMILY DWELLINGS,1,15691,30,A1,24-11 MOTT AVE,11691.0,1.0,0.0,1.0,4772.0,2065.0,1925.0,1,A1,530000,2019-06-19,queens,24-11 MOTT AVE NYC
2,BAYCHESTER,01 ONE FAMILY DWELLINGS,1,4946,16,A1,2180 LIGHT STREET,10466.0,1.0,0.0,1.0,2750.0,1084.0,1930.0,1,A1,390000,2019-02-25,bronx,2180 LIGHT STREET NYC
2,WESTCHESTER,01 ONE FAMILY DWELLINGS,1,3986,48,A5,2515 GLEBE AVENUE,10461.0,1.0,0.0,1.0,1800.0,1690.0,1955.0,1,A5,485000,2019-02-26,bronx,2515 GLEBE AVENUE NYC
4,SOUTH OZONE PARK,14 RENTALS - 4-10 UNIT,2A,11630,3,S9,125-06 111 AVE,11420.0,2.0,2.0,4.0,2074.0,3120.0,1920.0,2,S9,980000,2019-10-01,queens,125-06 111 AVE NYC
5,ARDEN HEIGHTS,01 ONE FAMILY DWELLINGS,1,5741,110,A5,318 ILYSSA WAY,10312.0,1.0,0.0,1.0,560.0,1510.0,1996.0,1,A5,403000,2019-06-25,statenisland,318 ILYSSA WAY NYC
5,ANNADALE,01 ONE FAMILY DWELLINGS,1,6212,87,A2,1090 ARDEN AVENUE,10312.0,1.0,0.0,1.0,4200.0,2352.0,1970.0,1,A2,444132,2019-03-11,statenisland,1090 ARDEN AVENUE NYC
4,ARVERNE,03 THREE FAMILY DWELLINGS,1,15913,93,C0,307 BEACH 66 STREET,11692.0,3.0,0.0,3.0,2217.0,3171.0,1998.0,1,C0,1700000,2019-08-22,queens,307 BEACH 66 STREET NYC
5,CLOVE LAKES,07 RENTALS - WALKUP APARTMENTS,2A,247,18,C3,1135-1137 VICTORY BOULEVARD,10301.0,4.0,0.0,4.0,2505.0,2884.0,1931.0,2,C3,700000,2019-12-07,statenisland,1135-1137 VICTORY BOULEVARD NYC
4,HOWARD BEACH,01 ONE FAMILY DWELLINGS,1,14021,5,A2,160-02 84TH STREET,11414.0,1.0,0.0,1.0,4725.0,2497.0,1965.0,1,A2,500000,2019-09-26,queens,160-02 84TH STREET NYC
4,MASPETH,02 TWO FAMILY DWELLINGS,1,2727,9,B2,58-09 60TH PLACE,11378.0,2.0,0.0,2.0,2060.0,1990.0,1940.0,1,B2,820000,2019-11-18,queens,58-09 60TH PLACE NYC
4,SPRINGFIELD GARDENS,01 ONE FAMILY DWELLINGS,1,12287,104,B3,133-19 160TH ST,11434.0,2.0,0.0,2.0,4000.0,2396.0,1945.0,1,A2,949000,2019-09-27,queens,133-19 160TH ST NYC
4,FLUSHING-NORTH,01 ONE FAMILY DWELLINGS,1,5695,53,A0,58-23 192ND STREET,11365.0,1.0,0.0,1.0,4000.0,1170.0,1945.0,1,A0,890000,2019-12-18,queens,58-23 192ND STREET NYC
1,WASHINGTON HEIGHTS UPPER,07 RENTALS - WALKUP APARTMENTS,2A,2154,90,C3,555 WEST 183 STREET,10033.0,4.0,0.0,4.0,1199.0,2590.0,1910.0,2,C3,850010,2019-07-12,manhattan,555 WEST 183 STREET NYC
4,FLUSHING-SOUTH,01 ONE FAMILY DWELLINGS,1,6904,13,A2,64-41 175TH STREET,11365.0,1.0,0.0,1.0,3897.0,1185.0,1950.0,1,A2,890000,2019-03-08,queens,64-41 175TH STREET NYC
5,NEW DORP-BEACH,01 ONE FAMILY DWELLINGS,1,4057,107,A5,252 MILTON AVENUE,10306.0,1.0,0.0,1.0,1470.0,1080.0,1980.0,1,A5,432500,2019-04-23,statenisland,252 MILTON AVENUE NYC
3,FLATBUSH-EAST,01 ONE FAMILY DWELLINGS,1,7632,60,A9,1994 NEW YORK AVE,11210.0,1.0,0.0,1.0,2000.0,1400.0,1925.0,1,A9,820000,2019-03-26,brooklyn,1994 NEW YORK AVE NYC
3,BERGEN BEACH,01 ONE FAMILY DWELLINGS,1,8415,20,A9,2049 EAST 74TH STREET,11234.0,1.0,0.0,1.0,2000.0,1092.0,1925.0,1,A9,576000,2019-06-19,brooklyn,2049 EAST 74TH STREET NYC
4,ROSEDALE,01 ONE FAMILY DWELLINGS,1,13513,24,A2,230-09 EDGEWOOD AVENUE,11413.0,1.0,0.0,1.0,4000.0,1040.0,1950.0,1,A2,465593,2019-03-25,queens,230-09 EDGEWOOD AVENUE NYC
4,COLLEGE POINT,02 TWO FAMILY DWELLINGS,1,4263,14,B1,124-10 25TH AVENUE,11356.0,2.0,0.0,2.0,2100.0,2068.0,1960.0,1,B1,992000,2019-09-11,queens,124-10 25TH AVENUE NYC
4,MIDDLE VILLAGE,03 THREE FAMILY DWELLINGS,1,2897,34,C0,58-33 84TH PLACE,11379.0,3.0,0.0,3.0,2000.0,3292.0,1960.0,1,C0,1238000,2019-02-27,queens,58-33 84TH PLACE NYC
3,MADISON,01 ONE FAMILY DWELLINGS,1,7331,78,A5,2039 EAST 26TH STREET,11229.0,1.0,0.0,1.0,2000.0,1224.0,1930.0,1,A5,775096,2019-11-29,brooklyn,2039 EAST 26TH STREET NYC
3,BATH BEACH,02 TWO FAMILY DWELLINGS,1,6465,75,B3,8885 19 AVENUE,11214.0,2.0,0.0,2.0,2127.0,1652.0,1940.0,1,B3,825000,2019-08-16,brooklyn,8885 19 AVENUE NYC
4,OZONE PARK,03 THREE FAMILY DWELLINGS,1,11385,41,C0,137-16 80TH STREET,11414.0,3.0,0.0,3.0,3303.0,2116.0,1965.0,1,C0,950000,2019-06-11,queens,137-16 80TH STREET NYC
4,ST. ALBANS,02 TWO FAMILY DWELLINGS,1,12648,55,B3,119-33 192ND STREET,11412.0,2.0,0.0,2.0,3000.0,1721.0,1930.0,1,B3,699999,2019-03-22,queens,119-33 192ND STREET NYC
5,ANNADALE,01 ONE FAMILY DWELLINGS,1,6403,20,A1,369 KINGHORN STREET,10312.0,1.0,0.0,1.0,4000.0,2250.0,1992.0,1,A1,740000,2019-04-18,statenisland,369 KINGHORN STREET NYC
4,RICHMOND HILL,01 ONE FAMILY DWELLINGS,1,9289,104,S1,104-08 JAMAICA AVENUE,11418.0,1.0,1.0,2.0,1459.0,1620.0,1935.0,1,S1,630000,2019-01-16,queens,104-08 JAMAICA AVENUE NYC
2,COUNTRY CLUB,01 ONE FAMILY DWELLINGS,1,5464,5,A5,3234 LAYTON AVENUE,10465.0,1.0,0.0,1.0,1458.0,1116.0,1950.0,1,A5,556000,2019-02-14,bronx,3234 LAYTON AVENUE NYC
4,ROSEDALE,02 TWO FAMILY DWELLINGS,1,13515,10,B3,230-69 LANSING AVENUE,11413.0,2.0,0.0,2.0,4000.0,2368.0,1940.0,1,B3,990000,2019-11-14,queens,230-69 LANSING AVENUE NYC
4,BAYSIDE,01 ONE FAMILY DWELLINGS,1,6152,48,A1,36-19 203RD STREET,11361.0,1.0,0.0,1.0,3880.0,1778.0,1940.0,1,A1,1102500,2019-04-30,queens,36-19 203RD STREET NYC
4,RICHMOND HILL,02 TWO FAMILY DWELLINGS,1,9511,59,B2,103-25 106TH STREET,11417.0,2.0,0.0,2.0,2235.0,1916.0,1930.0,1,B2,730000,2019-06-27,queens,103-25 106TH STREET NYC
3,EAST NEW YORK,03 THREE FAMILY DWELLINGS,1,4251,2,C0,505 PINE STREET,11208.0,3.0,0.0,3.0,2000.0,2080.0,1910.0,1,C0,780000,2019-09-18,brooklyn,505 PINE STREET NYC
5,ELTINGVILLE,02 TWO FAMILY DWELLINGS,1,5701,3,B2,709 CARLTON BOULEVARD,10312.0,2.0,0.0,2.0,4000.0,2448.0,1970.0,1,B2,773888,2019-06-24,statenisland,709 CARLTON BOULEVARD NYC
3,CANARSIE,02 TWO FAMILY DWELLINGS,1,7991,131,B2,623 EAST 86TH STREET,11236.0,2.0,0.0,2.0,2990.0,2340.0,1984.0,1,B2,367500,2019-04-03,brooklyn,623 EAST 86TH STREET NYC
5,MARINERS HARBOR,02 TWO FAMILY DWELLINGS,1,1194,97,B3,238 SIMONSON AVENUE,10303.0,2.0,0.0,2.0,4138.0,2132.0,1930.0,1,B3,499000,2019-10-15,statenisland,238 SIMONSON AVENUE NYC
2,BAYCHESTER,02 TWO FAMILY DWELLINGS,1,4714,5,B9,3768 LACONIA AVENUE,10469.0,2.0,0.0,2.0,1888.0,2061.0,1950.0,1,B9,779659,2019-07-06,bronx,3768 LACONIA AVENUE NYC
5,CASTLETON CORNERS,01 ONE FAMILY DWELLINGS,1,354,93,A1,42 MUNDY AVENUE,10310.0,1.0,0.0,1.0,3589.0,1380.0,1925.0,1,A1,465000,2019-09-29,statenisland,42 MUNDY AVENUE NYC
4,SOUTH JAMAICA,01 ONE FAMILY DWELLINGS,1,10206,13,A1,111-33 168TH STREET,11433.0,1.0,0.0,1.0,2400.0,1264.0,1940.0,1,A1,572250,2019-05-07,queens,111-33 168TH STREET NYC
5,NEW DORP-BEACH,01 ONE FAMILY DWELLINGS,1,4043,35,A2,79 MILTON AVENUE,10306.0,1.0,0.0,1.0,3920.0,960.0,1960.0,1,A2,329550,2019-04-29,statenisland,79 MILTON AVENUE NYC
3,CYPRESS HILLS,02 TWO FAMILY DWELLINGS,1,3915,1,B2,59 HALE AVENUE,11208.0,2.0,0.0,2.0,2185.0,2024.0,1910.0,1,B2,310500,2019-06-14,brooklyn,59 HALE AVENUE NYC
4,ASTORIA,01 ONE FAMILY DWELLINGS,1,728,42,A5,30-29 46TH STREET,11103.0,1.0,0.0,1.0,1650.0,784.0,1901.0,1,A5,1215000,2019-11-25,queens,30-29 46TH STREET NYC
3,SUNSET PARK,02 TWO FAMILY DWELLINGS,1,737,67,B9,325 45TH STREET,11220.0,2.0,0.0,2.0,2003.0,2512.0,1910.0,1,B9,1200000,2019-08-09,brooklyn,325 45TH STREET NYC
3,BAY RIDGE,01 ONE FAMILY DWELLINGS,1,5958,44,A1,7712 RIDGE BLVD,11209.0,1.0,0.0,1.0,3000.0,2376.0,1925.0,1,A1,1445000,2019-09-05,brooklyn,7712 RIDGE BLVD NYC
3,OCEAN HILL,01 ONE FAMILY DWELLINGS,1,1539,75,A4,69 SOMERS STREET,11233.0,1.0,0.0,1.0,1575.0,1624.0,1910.0,1,A4,375000,2019-05-24,brooklyn,69 SOMERS STREET NYC
5,WILLOWBROOK,01 ONE FAMILY DWELLINGS,1,1982,23,A5,34 UXBRIDGE STREET,10314.0,1.0,0.0,1.0,2700.0,1450.0,1965.0,1,A5,632000,2019-01-08,statenisland,34 UXBRIDGE STREET NYC
2,PARKCHESTER,02 TWO FAMILY DWELLINGS,1,4029,51,B2,1744 GARFIELD ST,10460.0,2.0,0.0,2.0,2500.0,3357.0,1920.0,1,B2,600000,2019-04-17,bronx,1744 GARFIELD ST NYC
4,SOUTH JAMAICA,02 TWO FAMILY DWELLINGS,1,10162,59,B1,104-45 164TH STREET,11433.0,2.0,0.0,2.0,2000.0,1968.0,1901.0,1,B1,717000,2019-06-21,queens,104-45 164TH STREET NYC
4,JAMAICA ESTATES,01 ONE FAMILY DWELLINGS,1,9947,6,A1,85-33 RADNOR STREET,11432.0,1.0,0.0,1.0,4845.0,1776.0,1940.0,1,A1,1015000,2019-01-23,queens,85-33 RADNOR STREET NYC
3,BUSHWICK,01 ONE FAMILY DWELLINGS,1,3215,30,A9,573 HART STREET,11221.0,1.0,0.0,1.0,1240.0,1320.0,1930.0,1,A9,542000,2019-06-25,brooklyn,573 HART STREET NYC
5,MIDLAND BEACH,01 ONE FAMILY DWELLINGS,1,3681,76,A5,353 STOBE AVENUE,10306.0,1.0,0.0,1.0,2300.0,1536.0,1975.0,1,A5,444828,2019-05-01,statenisland,353 STOBE AVENUE NYC
3,FLATBUSH-NORTH,01 ONE FAMILY DWELLINGS,1,4592,28,S1,881 RUTLAND ROAD,11203.0,1.0,1.0,2.0,800.0,1600.0,1925.0,1,S1,635000,2019-12-18,brooklyn,881 RUTLAND ROAD NYC
4,FLUSHING-NORTH,01 ONE FAMILY DWELLINGS,1,6431,39,A5,150-33 58TH ROAD,11355.0,1.0,0.0,1.0,1800.0,1224.0,1955.0,1,A5,900000,2019-12-20,queens,150-33 58TH ROAD NYC
3,CYPRESS HILLS,03 THREE FAMILY DWELLINGS,1,3931,48,C0,156 NORWOOD AVENUE,11208.0,3.0,0.0,3.0,3061.0,2565.0,1931.0,1,C0,960000,2019-03-15,brooklyn,156 NORWOOD AVENUE NYC
5,TOTTENVILLE,01 ONE FAMILY DWELLINGS,1,7912,19,A1,370 MAIN STREET,10307.0,1.0,0.0,1.0,4365.0,1566.0,1984.0,1,A1,560000,2019-09-18,statenisland,370 MAIN STREET NYC
4,MIDDLE VILLAGE,01 ONE FAMILY DWELLINGS,1,3023,103,A2,8441 GOLDINGTON COURT,11379.0,1.0,0.0,1.0,2100.0,915.0,1935.0,1,A2,400000,2019-12-27,queens,8441 GOLDINGTON COURT NYC
4,FLUSHING-NORTH,01 ONE FAMILY DWELLINGS,1,5577,21,A0,171-34 GLADWIN AVENUE,11365.0,1.0,0.0,1.0,4000.0,1088.0,1945.0,1,A0,815000,2019-05-10,queens,171-34 GLADWIN AVENUE NYC
4,FLUSHING-SOUTH,01 ONE FAMILY DWELLINGS,1,6761,12,A5,61-39 163RD STREET,11365.0,1.0,0.0,1.0,2200.0,1648.0,1950.0,1,A5,735000,2019-06-28,queens,61-39 163RD STREET NYC
2,MOTT HAVEN/PORT MORRIS,01 ONE FAMILY DWELLINGS,1,2284,116,A5,411 EAST 139 STREET,10454.0,1.0,0.0,1.0,1667.0,2160.0,1910.0,1,A5,998000,2019-06-10,bronx,411 EAST 139 STREET NYC
4,MIDDLE VILLAGE,01 ONE FAMILY DWELLINGS,1,2969,10,A1,62-10 82ND PLACE,11379.0,1.0,0.0,1.0,3500.0,1364.0,1940.0,1,A1,1229911,2019-07-31,queens,62-10 82ND PLACE NYC
3,OLD MILL BASIN,01 ONE FAMILY DWELLINGS,1,7895,24,A9,2215 UTICA AVENUE,11234.0,1.0,0.0,1.0,2000.0,1041.0,1920.0,1,A9,510000,2019-04-17,brooklyn,2215 UTICA AVENUE NYC
4,MASPETH,03 THREE FAMILY DWELLINGS,1,2716,50,C0,65-11 GRAND AVENUE,11378.0,3.0,0.0,3.0,1515.0,1460.0,1901.0,1,C0,875000,2019-03-20,queens,65-11 GRAND AVENUE NYC
2,PELHAM PARKWAY NORTH,02 TWO FAMILY DWELLINGS,1,4352,33,B1,2345 BARNES AVE,10467.0,2.0,0.0,2.0,2500.0,1800.0,1955.0,1,B1,610000,2019-04-02,bronx,2345 BARNES AVE NYC
3,GRAVESEND,02 TWO FAMILY DWELLINGS,1,7095,55,B1,2069 WEST 11TH STREET,11223.0,2.0,0.0,2.0,2300.0,2280.0,1935.0,1,B1,1200000,2019-03-27,brooklyn,2069 WEST 11TH STREET NYC
4,RICHMOND HILL,01 ONE FAMILY DWELLINGS,1,9537,55,A1,104-67 114TH STREET,11419.0,1.0,0.0,1.0,1888.0,1210.0,1930.0,1,A1,560000,2019-01-22,queens,104-67 114TH STREET NYC
4,FAR ROCKAWAY,01 ONE FAMILY DWELLINGS,1,15783,51,A1,25-15 EDGEMERE AVENUE,11691.0,1.0,0.0,1.0,2100.0,1122.0,1920.0,1,A1,470000,2019-05-31,queens,25-15 EDGEMERE AVENUE NYC
4,LITTLE NECK,02 TWO FAMILY DWELLINGS,1,8124,32,B1,248-07 41 AVE,11363.0,2.0,0.0,2.0,3000.0,3350.0,1989.0,1,B1,1125000,2019-09-24,queens,248-07 41 AVE NYC
3,SEAGATE,02 TWO FAMILY DWELLINGS,1,6955,41,B2,3829 POPLAR AVENUE,11224.0,2.0,0.0,2.0,3650.0,2808.0,1960.0,1,B2,740000,2019-02-07,brooklyn,3829 POPLAR AVENUE NYC
4,FLUSHING-SOUTH,02 TWO FAMILY DWELLINGS,1,6646,15,B3,147-28 JEWEL AVE,11367.0,2.0,0.0,2.0,4000.0,2925.0,1945.0,1,B3,1400000,2019-04-15,queens,147-28 JEWEL AVE NYC
3,OLD MILL BASIN,01 ONE FAMILY DWELLINGS,1,7848,70,A1,1570 EAST 51ST STREET,11234.0,1.0,0.0,1.0,2650.0,1088.0,1920.0,1,A1,670000,2019-06-28,brooklyn,1570 EAST 51ST STREET NYC
3,BUSHWICK,01 ONE FAMILY DWELLINGS,1,3358,8,A9,1105 BUSHWICK AVENUE,11221.0,1.0,0.0,1.0,1333.0,1752.0,1905.0,1,A9,690000,2019-10-01,brooklyn,1105 BUSHWICK AVENUE NYC
4,BEECHHURST,01 ONE FAMILY DWELLINGS,1,4556,36,A1,10-09 157TH ST,11357.0,1.0,0.0,1.0,3600.0,1713.0,1925.0,1,A1,858000,2019-11-12,queens,10-09 157TH ST NYC
2,BAYCHESTER,02 TWO FAMILY DWELLINGS,1,4795,143,B1,2826 BRUNER AVENUE,10469.0,2.0,0.0,2.0,1871.0,1970.0,2006.0,1,B1,550000,2019-04-30,bronx,2826 BRUNER AVENUE NYC
4,RICHMOND HILL,02 TWO FAMILY DWELLINGS,1,9335,95,B1,87-15 126TH STREET,11418.0,2.0,0.0,2.0,2000.0,2132.0,1901.0,1,B1,840000,2019-08-28,queens,87-15 126TH STREET NYC
5,ARROCHAR,01 ONE FAMILY DWELLINGS,1,3105,15,A1,145 LILY POND AVENUE,10305.0,1.0,0.0,1.0,4370.0,1368.0,1970.0,1,A1,476580,2019-05-30,statenisland,145 LILY POND AVENUE NYC
4,SOUTH OZONE PARK,01 ONE FAMILY DWELLINGS,1,11646,3,A1,119-16 LINDEN BLVD,11420.0,1.0,0.0,1.0,2000.0,992.0,1920.0,1,A1,510000,2019-02-26,queens,119-16 LINDEN BLVD NYC
4,ST. ALBANS,02 TWO FAMILY DWELLINGS,1,11017,63,B3,11425 200TH STREET,11412.0,2.0,0.0,2.0,2000.0,1200.0,1945.0,1,B3,457372,2019-03-20,queens,11425 200TH STREET NYC
3,OCEAN PARKWAY-NORTH,03 THREE FAMILY DWELLINGS,1,5391,34,C0,518 EAST 8TH STREET,11218.0,3.0,0.0,3.0,3615.0,2336.0,1910.0,1,C0,1365000,2019-09-04,brooklyn,518 EAST 8TH STREET NYC
3,EAST NEW YORK,02 TWO FAMILY DWELLINGS,1,4074,2,B3,549 VAN SICLEN AVENUE,11207.0,2.0,0.0,2.0,1750.0,1190.0,1930.0,1,B3,448250,2019-01-31,brooklyn,549 VAN SICLEN AVENUE NYC
3,OCEAN PARKWAY-SOUTH,03 THREE FAMILY DWELLINGS,1,7184,70,C0,62 LANCASTER AVE,11223.0,3.0,0.0,3.0,2000.0,3025.0,1955.0,1,C0,950000,2019-05-10,brooklyn,62 LANCASTER AVE NYC
4,JAMAICA,02 TWO FAMILY DWELLINGS,1,10214,40,B1,92-43 173 STREET,11433.0,2.0,0.0,2.0,2500.0,3060.0,2016.0,1,B1,1221900,2019-10-03,queens,92-43 173 STREET NYC
4,LAURELTON,01 ONE FAMILY DWELLINGS,1,13128,2,A1,137-37 220 PLACE,11413.0,1.0,0.0,1.0,2500.0,888.0,1930.0,1,A1,470000,2019-09-12,queens,137-37 220 PLACE NYC
5,GREAT KILLS,01 ONE FAMILY DWELLINGS,1,5513,87,A5,415 GETZ AVENUE,10312.0,1.0,0.0,1.0,2378.0,1376.0,1975.0,1,A5,560000,2019-06-03,statenisland,415 GETZ AVENUE NYC
2,WAKEFIELD,02 TWO FAMILY DWELLINGS,1,5124,121,B1,944 CRANFORD AVENUE,10466.0,2.0,0.0,2.0,2017.0,2695.0,1960.0,1,B1,715000,2019-08-20,bronx,944 CRANFORD AVENUE NYC
3,FLATBUSH-EAST,01 ONE FAMILY DWELLINGS,1,4955,65,A1,527 EAST 38TH STREET,11203.0,1.0,0.0,1.0,2000.0,1536.0,1920.0,1,A1,635000,2019-06-14,brooklyn,527 EAST 38TH STREET NYC
3,FLATBUSH-CENTRAL,02 TWO FAMILY DWELLINGS,1,5223,86,B1,25 STEPHENS CT,11226.0,2.0,0.0,2.0,2115.0,2168.0,1901.0,1,B1,445000,2019-06-28,brooklyn,25 STEPHENS CT NYC
4,CAMBRIA HEIGHTS,01 ONE FAMILY DWELLINGS,1,12790,34,A2,119-53 230TH STREET,11411.0,1.0,0.0,1.0,3900.0,1138.0,1950.0,1,A2,515000,2019-08-09,queens,119-53 230TH STREET NYC
3,MADISON,01 ONE FAMILY DWELLINGS,1,7307,3,A1,2808 AVENUE S,11229.0,1.0,0.0,1.0,2500.0,1960.0,1930.0,1,A1,1100000,2019-11-25,brooklyn,2808 AVENUE S NYC
4,FLUSHING-SOUTH,01 ONE FAMILY DWELLINGS,1,7001,29,A1,76-46 172ND STREET,11366.0,1.0,0.0,1.0,3800.0,1792.0,1950.0,1,A1,1100000,2019-05-08,queens,76-46 172ND STREET NYC
3,FLATBUSH-LEFFERTS GARDEN,03 THREE FAMILY DWELLINGS,1,4809,23,C0,350 RUTLAND ROAD,11225.0,3.0,0.0,3.0,4000.0,2612.0,2019.0,1,C0,1550000,2019-05-13,brooklyn,350 RUTLAND ROAD NYC
3,MIDWOOD,02 TWO FAMILY DWELLINGS,1,6741,69,B2,1369 EAST 12TH STREET,11230.0,2.0,0.0,2.0,2700.0,2320.0,1910.0,1,B2,1125000,2019-09-18,brooklyn,1369 EAST 12TH STREET NYC
4,ST. ALBANS,01 ONE FAMILY DWELLINGS,1,12624,24,A1,118-36 200TH ST,11412.0,1.0,0.0,1.0,3200.0,1754.0,1925.0,1,A1,620000,2019-03-28,queens,118-36 200TH ST NYC
4,LAURELTON,02 TWO FAMILY DWELLINGS,1,13183,50,B2,139-24 229TH STREET,11413.0,2.0,0.0,2.0,4000.0,1932.0,1935.0,1,B2,550000,2019-10-31,queens,139-24 229TH STREET NYC
4,SOUTH OZONE PARK,01 ONE FAMILY DWELLINGS,1,11608,5,A1,127-10 109TH AVENUE,11420.0,1.0,0.0,1.0,2400.0,1200.0,1930.0,1,A1,410000,2019-07-02,queens,127-10 109TH AVENUE NYC
2,PELHAM PARKWAY NORTH,01 ONE FAMILY DWELLINGS,1,4392,27,A1,2322 FENTON AVENUE,10469.0,1.0,0.0,1.0,3223.0,1620.0,1920.0,1,A1,400000,2019-10-29,bronx,2322 FENTON AVENUE NYC
3,BOROUGH PARK,03 THREE FAMILY DWELLINGS,1,5592,71,C0,1119 42ND STREET,11219.0,3.0,0.0,3.0,4708.0,2252.0,1920.0,1,C0,1700000,2019-07-25,brooklyn,1119 42ND STREET NYC
3,BUSHWICK,01 ONE FAMILY DWELLINGS,1,3358,8,A9,1105 BUSHWICK AVENUE,11221.0,1.0,0.0,1.0,1333.0,1752.0,1905.0,1,A9,495000,2019-03-14,brooklyn,1105 BUSHWICK AVENUE NYC
4,SO. JAMAICA-BAISLEY PARK,02 TWO FAMILY DWELLINGS,1,12024,127,B3,119-24 145TH STREET,11436.0,2.0,0.0,2.0,2000.0,1216.0,1935.0,1,B3,555000,2019-11-27,queens,119-24 145TH STREET NYC
4,RICHMOND HILL,02 TWO FAMILY DWELLINGS,1,9445,38,B2,94-18 130TH STREET,11419.0,2.0,0.0,2.0,2500.0,2064.0,1920.0,1,B2,835000,2019-11-13,queens,94-18 130TH STREET NYC
4,WOODHAVEN,02 TWO FAMILY DWELLINGS,1,8912,17,B2,87-42 80TH STREET,11421.0,2.0,0.0,2.0,2502.0,2288.0,1910.0,1,B2,721000,2019-08-06,queens,87-42 80TH STREET NYC
5,NEW DORP,01 ONE FAMILY DWELLINGS,1,3641,43,A1,230 BURBANK AVENUE,10306.0,1.0,0.0,1.0,4000.0,1406.0,1940.0,1,A1,441000,2019-03-19,statenisland,230 BURBANK AVENUE NYC
3,OCEAN HILL,02 TWO FAMILY DWELLINGS,1,1471,79,B1,1813 ST JOHNS PLACE,11233.0,2.0,0.0,2.0,1070.0,3060.0,2005.0,1,B1,625000,2019-02-12,brooklyn,1813 ST JOHNS PLACE NYC
4,OZONE PARK,01 ONE FAMILY DWELLINGS,1,8997,3,A1,94-05 75TH STREET,11416.0,1.0,0.0,1.0,2100.0,1264.0,1925.0,1,A1,640000,2019-07-31,queens,94-05 75TH STREET NYC
4,SPRINGFIELD GARDENS,01 ONE FAMILY DWELLINGS,1,12315,44,A2,140-30 160TH STREET,11434.0,1.0,0.0,1.0,4000.0,960.0,1950.0,1,A2,492000,2019-12-18,queens,140-30 160TH STREET NYC
4,ASTORIA,02 TWO FAMILY DWELLINGS,1,854,8,B1,23-77 26TH STREET,11105.0,2.0,0.0,2.0,2400.0,2080.0,1930.0,1,B1,1300000,2019-10-30,queens,23-77 26TH STREET NYC
4,BAYSIDE,01 ONE FAMILY DWELLINGS,1,6104,26,A1,210-07 33 ROAD,11361.0,1.0,0.0,1.0,4000.0,1436.0,1920.0,1,A1,1070000,2019-07-15,queens,210-07 33 ROAD NYC
5,ELTINGVILLE,01 ONE FAMILY DWELLINGS,1,5656,36,A5,8 FUTURITY PLACE,10312.0,1.0,0.0,1.0,2970.0,1120.0,1970.0,1,A5,567500,2019-10-30,statenisland,8 FUTURITY PLACE NYC
5,BULLS HEAD,02 TWO FAMILY DWELLINGS,1,1599,69,B2,272 ARLENE STREET,10314.0,2.0,0.0,2.0,4000.0,2431.0,1970.0,1,B2,785000,2019-06-06,statenisland,272 ARLENE STREET NYC
2,MORRISANIA/LONGWOOD,02 TWO FAMILY DWELLINGS,1,2968,50,S2,1367 PROSPECT AVENUE,10459.0,2.0,1.0,3.0,1887.0,2306.0,1901.0,1,S2,443000,2019-09-24,bronx,1367 PROSPECT AVENUE NYC
4,SOUTH JAMAICA,02 TWO FAMILY DWELLINGS,1,10183,21,B2,109-18 167TH STREET,11433.0,2.0,0.0,2.0,3800.0,3288.0,1930.0,1,B2,875000,2019-07-03,queens,109-18 167TH STREET NYC
4,FLUSHING-NORTH,01 ONE FAMILY DWELLINGS,1,6432,50,A5,58-41 150TH STREET,11355.0,1.0,0.0,1.0,2152.0,1575.0,1960.0,1,A5,800000,2019-11-01,queens,58-41 150TH STREET NYC
4,EAST ELMHURST,02 TWO FAMILY DWELLINGS,1,1408,34,B1,31-54 97TH STREET,11369.0,2.0,0.0,2.0,1950.0,1081.0,1930.0,1,B1,1070000,2019-11-08,queens,31-54 97TH STREET NYC
4,HOLLIS,02 TWO FAMILY DWELLINGS,1,10873,7,B9,10004 FRANCIS LEWIS BLVD,11429.0,2.0,0.0,2.0,1760.0,1748.0,1940.0,1,B9,500000,2019-06-27,queens,10004 FRANCIS LEWIS BLVD NYC
3,EAST NEW YORK,03 THREE FAMILY DWELLINGS,1,4246,14,C0,525 LOGAN STREET,11208.0,3.0,0.0,3.0,2000.0,1600.0,1910.0,1,C0,850000,2019-06-19,brooklyn,525 LOGAN STREET NYC
4,FLUSHING-NORTH,01 ONE FAMILY DWELLINGS,1,5454,38,A1,148-21 LABURNUM AVE,11355.0,1.0,0.0,1.0,4000.0,2842.0,1910.0,1,A1,970000,2019-09-11,queens,148-21 LABURNUM AVE NYC
2,WAKEFIELD,01 ONE FAMILY DWELLINGS,1,5079,59,A5,4623 MATILDA AVENUE,10470.0,1.0,0.0,1.0,2000.0,1782.0,1945.0,1,A5,440577,2019-08-12,bronx,4623 MATILDA AVENUE NYC
4,FLUSHING-NORTH,02 TWO FAMILY DWELLINGS,1,5105,56,B1,133-21 BLOSSOM AVENUE,11355.0,2.0,0.0,2.0,2142.0,1890.0,1950.0,1,B1,1520000,2019-08-15,queens,133-21 BLOSSOM AVENUE NYC
4,SO. JAMAICA-BAISLEY PARK,02 TWO FAMILY DWELLINGS,1,12193,21,B3,155-30 115TH DRIVE,11434.0,2.0,0.0,2.0,2100.0,1170.0,1920.0,1,B3,555000,2019-03-12,queens,155-30 115TH DRIVE NYC
4,ARVERNE,03 THREE FAMILY DWELLINGS,1,16042,10,C0,420 BEACH 69TH STREET,11692.0,3.0,0.0,3.0,4000.0,2532.0,1920.0,1,C0,419477,2019-04-03,queens,420 BEACH 69TH STREET NYC
4,MIDDLE VILLAGE,03 THREE FAMILY DWELLINGS,1,3773,56,C0,75-21 67TH ROAD,11379.0,3.0,0.0,3.0,2027.0,3000.0,1910.0,1,C0,920000,2019-11-21,queens,75-21 67TH ROAD NYC
4,FLUSHING-NORTH,01 ONE FAMILY DWELLINGS,1,5215,4,A5,146-06 KALMIA AVENUE,11355.0,1.0,0.0,1.0,2593.0,1188.0,1950.0,1,A5,800000,2019-12-11,queens,146-06 KALMIA AVENUE NYC
4,WHITESTONE,01 ONE FAMILY DWELLINGS,1,4478,22,A5,10-28 148 STREET,11357.0,1.0,0.0,1.0,3125.0,1156.0,1920.0,1,A5,630000,2019-12-13,queens,10-28 148 STREET NYC
4,SPRINGFIELD GARDENS,02 TWO FAMILY DWELLINGS,1,12719,9,B2,187-03 RIDGEDALE STREET,11413.0,2.0,0.0,2.0,2415.0,1620.0,1960.0,1,B2,695248,2019-12-19,queens,187-03 RIDGEDALE STREET NYC
3,DYKER HEIGHTS,02 TWO FAMILY DWELLINGS,1,5761,28,B1,1352 66TH STREET,11219.0,2.0,0.0,2.0,2000.0,1600.0,1910.0,1,B1,970000,2019-03-22,brooklyn,1352 66TH STREET NYC
5,ROSSVILLE-CHARLESTON,02 TWO FAMILY DWELLINGS,1,7356,126,B9,59 PEACOCK LOOP,10309.0,2.0,0.0,2.0,1140.0,1684.0,2001.0,1,B9,421824,2019-11-14,statenisland,59 PEACOCK LOOP NYC
4,FLUSHING-SOUTH,01 ONE FAMILY DWELLINGS,1,6584,32,A1,75-22 137TH STREET,11367.0,1.0,0.0,1.0,4200.0,1660.0,1940.0,1,A1,1465000,2019-01-15,queens,75-22 137TH STREET NYC
3,MADISON,01 ONE FAMILY DWELLINGS,1,6806,72,A1,1747 EAST 23RD STREET,11229.0,1.0,0.0,1.0,4000.0,1932.0,1930.0,1,A1,1150000,2019-01-02,brooklyn,1747 EAST 23RD STREET NYC
5,ELTINGVILLE,01 ONE FAMILY DWELLINGS,1,5653,124,A5,10 CHALLENGER DRIVE,10312.0,1.0,0.0,1.0,1208.0,1480.0,1989.0,1,A5,346500,2019-09-25,statenisland,10 CHALLENGER DRIVE NYC
4,WOODHAVEN,02 TWO FAMILY DWELLINGS,1,8965,6,B9,80-26 89TH AVENUE,11421.0,2.0,0.0,2.0,2500.0,2166.0,1910.0,1,B9,750000,2019-01-16,queens,80-26 89TH AVENUE NYC
4,RICHMOND HILL,02 TWO FAMILY DWELLINGS,1,9498,70,B2,101-49 130TH STREET,11419.0,2.0,0.0,2.0,2521.0,1938.0,1920.0,1,B2,580000,2019-07-29,queens,101-49 130TH STREET NYC
4,ELMHURST,14 RENTALS - 4-10 UNIT,2A,2472,143,S3,80-06 51ST AVENUE,11373.0,3.0,1.0,4.0,2000.0,2800.0,1982.0,2,S3,998000,2019-12-09,queens,80-06 51ST AVENUE NYC
4,WOODSIDE,01 ONE FAMILY DWELLINGS,1,1132,34,A5,54-03 32 AVENUE,11377.0,1.0,0.0,1.0,1548.0,1116.0,1945.0,1,A5,760000,2019-01-25,queens,54-03 32 AVENUE NYC
3,EAST NEW YORK,02 TWO FAMILY DWELLINGS,1,3776,42,B1,460 MILLER AVENUE,11207.0,2.0,0.0,2.0,2000.0,1880.0,1930.0,1,B1,720000,2019-01-11,brooklyn,460 MILLER AVENUE NYC
4,ST. ALBANS,01 ONE FAMILY DWELLINGS,1,10947,39,A1,110-10 207TH STREET,11429.0,1.0,0.0,1.0,2600.0,1584.0,1920.0,1,A1,580000,2019-09-04,queens,110-10 207TH STREET NYC
4,OZONE PARK,02 TWO FAMILY DWELLINGS,1,9157,16,B3,105-18 91ST STREET,11417.0,2.0,0.0,2.0,2400.0,1232.0,1920.0,1,B3,740000,2019-10-18,queens,105-18 91ST STREET NYC
4,ELMHURST,02 TWO FAMILY DWELLINGS,1,2483,20,B3,52-49 72ND STREET,11378.0,2.0,0.0,2.0,2240.0,1720.0,1950.0,1,B3,878000,2019-01-31,queens,52-49 72ND STREET NYC
3,CANARSIE,03 THREE FAMILY DWELLINGS,1,8327,38,C0,2109 CANARSIE ROAD,11236.0,3.0,0.0,3.0,1710.0,2664.0,1980.0,1,C0,590000,2019-03-04,brooklyn,2109 CANARSIE ROAD NYC
4,GLENDALE,02 TWO FAMILY DWELLINGS,1,3826,56,B3,78-35 76TH STREET,11385.0,2.0,0.0,2.0,1900.0,1312.0,1920.0,1,B3,635000,2019-07-30,queens,78-35 76TH STREET NYC
5,SUNNYSIDE,01 ONE FAMILY DWELLINGS,1,667,11,A2,142 LOGAN AVENUE,10301.0,1.0,0.0,1.0,4000.0,1680.0,1955.0,1,A2,680000,2019-06-27,statenisland,142 LOGAN AVENUE NYC
5,NEW DORP-BEACH,02 TWO FAMILY DWELLINGS,1,4131,27,B9,66 PELICAN CIRCLE,10306.0,2.0,0.0,2.0,1986.0,2275.0,1997.0,1,B9,609999,2019-07-10,statenisland,66 PELICAN CIRCLE NYC
5,NEW BRIGHTON,02 TWO FAMILY DWELLINGS,1,119,140,B2,307 CASTLETON AVENUE,10301.0,2.0,0.0,2.0,2856.0,1932.0,1950.0,1,B2,314000,2019-01-17,statenisland,307 CASTLETON AVENUE NYC
5,HUGUENOT,01 ONE FAMILY DWELLINGS,1,6313,22,A2,480 RATHBUN AVENUE,10312.0,1.0,0.0,1.0,4000.0,2170.0,1975.0,1,A2,660000,2019-11-25,statenisland,480 RATHBUN AVENUE NYC
4,SPRINGFIELD GARDENS,02 TWO FAMILY DWELLINGS,1,12694,26,B2,120-35 NASHVILLE BOULEVARD,11412.0,2.0,0.0,2.0,4500.0,2200.0,1964.0,1,B2,775000,2019-01-18,queens,120-35 NASHVILLE BOULEVARD NYC
4,BELLEROSE,01 ONE FAMILY DWELLINGS,1,8638,54,A1,244-53 88TH ROAD,11426.0,1.0,0.0,1.0,3200.0,1680.0,1920.0,1,A1,730000,2019-05-03,queens,244-53 88TH ROAD NYC
4,LAURELTON,01 ONE FAMILY DWELLINGS,1,13153,48,A1,139-20 227TH STREET,11413.0,1.0,0.0,1.0,4000.0,1862.0,2005.0,1,A1,725000,2019-04-18,queens,139-20 227TH STREET NYC
5,ELTINGVILLE,01 ONE FAMILY DWELLINGS,1,5327,12,A2,62 RETFORD AVENUE,10312.0,1.0,0.0,1.0,4000.0,988.0,1965.0,1,A2,523000,2019-06-04,statenisland,62 RETFORD AVENUE NYC
3,BOROUGH PARK,02 TWO FAMILY DWELLINGS,1,5640,3,B1,4917 11TH AVENUE,11219.0,2.0,0.0,2.0,2000.0,3552.0,1910.0,1,B1,1100000,2019-12-11,brooklyn,4917 11TH AVENUE NYC
3,BROWNSVILLE,02 TWO FAMILY DWELLINGS,1,3557,19,B1,231 AMBOY,11212.0,2.0,0.0,2.0,3080.0,2880.0,2005.0,1,B1,755000,2019-12-13,brooklyn,231 AMBOY NYC
4,FLUSHING-SOUTH,01 ONE FAMILY DWELLINGS,1,6943,11,A2,69-14 171ST STREET,11365.0,1.0,0.0,1.0,4300.0,1372.0,1950.0,1,A2,933500,2019-09-20,queens,69-14 171ST STREET NYC
2,THROGS NECK,01 ONE FAMILY DWELLINGS,1,5441,59,A5,533 HOLLYWOOD AVE,10465.0,1.0,0.0,1.0,1800.0,1998.0,1960.0,1,A5,520000,2019-09-26,bronx,533 HOLLYWOOD AVE NYC
4,RICHMOND HILL,02 TWO FAMILY DWELLINGS,1,9193,52,B1,107-08 PARK LANE SOUTH,11418.0,2.0,0.0,2.0,1336.0,1222.0,1950.0,1,B1,690000,2019-01-25,queens,107-08 PARK LANE SOUTH NYC
4,MASPETH,02 TWO FAMILY DWELLINGS,1,2779,44,B2,68-07 59TH DRIVE,11378.0,2.0,0.0,2.0,2000.0,1836.0,1931.0,1,B2,965000,2019-09-25,queens,68-07 59TH DRIVE NYC
3,FLATBUSH-EAST,01 ONE FAMILY DWELLINGS,1,7637,64,A9,1270 EAST 38 STREET,11210.0,1.0,0.0,1.0,2067.0,1176.0,1930.0,1,A9,522500,2019-01-31,brooklyn,1270 EAST 38 STREET NYC
4,ROSEDALE,02 TWO FAMILY DWELLINGS,1,13658,12,B2,149-62 255 STREET,11422.0,2.0,0.0,2.0,4000.0,2444.0,1960.0,1,B2,825000,2019-07-12,queens,149-62 255 STREET NYC
3,BROWNSVILLE,02 TWO FAMILY DWELLINGS,1,3586,1,B9,812 THOMAS S BOYLAND ST,11212.0,2.0,0.0,2.0,1503.0,2310.0,2004.0,1,B9,645000,2019-09-30,brooklyn,812 THOMAS S BOYLAND ST NYC
2,SOUNDVIEW,02 TWO FAMILY DWELLINGS,1,3469,35,B2,340 BEACH AVENUE,10473.0,2.0,0.0,2.0,2275.0,1902.0,2001.0,1,B2,610000,2019-07-24,bronx,340 BEACH AVENUE NYC
2,THROGS NECK,02 TWO FAMILY DWELLINGS,1,5580,111,B1,313 SWINTON AVENUE,10465.0,2.0,0.0,2.0,3750.0,3686.0,2017.0,1,B1,999000,2019-07-30,bronx,313 SWINTON AVENUE NYC
3,CANARSIE,02 TWO FAMILY DWELLINGS,1,8283,57,B1,1346 EAST 100TH STREET,11236.0,2.0,0.0,2.0,2000.0,1760.0,1960.0,1,B1,761250,2019-03-28,brooklyn,1346 EAST 100TH STREET NYC
4,ROSEDALE,01 ONE FAMILY DWELLINGS,1,13482,17,A5,225-08 145TH AVENUE,11413.0,1.0,0.0,1.0,1900.0,1092.0,1960.0,1,A5,499999,2019-04-23,queens,225-08 145TH AVENUE NYC
3,CANARSIE,02 TWO FAMILY DWELLINGS,1,8207,15,B1,965 EAST 99TH STREET,11236.0,2.0,0.0,2.0,2000.0,1760.0,1960.0,1,B1,375000,2019-08-01,brooklyn,965 EAST 99TH STREET NYC
3,BENSONHURST,02 TWO FAMILY DWELLINGS,1,6201,59,B2,1443 74TH STREET,11228.0,2.0,0.0,2.0,4000.0,2444.0,1925.0,1,B2,1260000,2019-10-23,brooklyn,1443 74TH STREET NYC
4,WOODHAVEN,02 TWO FAMILY DWELLINGS,1,8900,27,B2,88-54 76TH STREET,11421.0,2.0,0.0,2.0,2396.0,2100.0,1910.0,1,B2,524398,2019-04-16,queens,88-54 76TH STREET NYC
4,SPRINGFIELD GARDENS,01 ONE FAMILY DWELLINGS,1,12527,80,A1,127-23 176TH ST,11434.0,1.0,0.0,1.0,4050.0,1378.0,1930.0,1,A1,625000,2019-05-24,queens,127-23 176TH ST NYC
2,THROGS NECK,01 ONE FAMILY DWELLINGS,1,5537,107,A5,942 BALCOM AVE,10465.0,1.0,0.0,1.0,2000.0,2020.0,1945.0,1,A5,500000,2019-12-12,bronx,942 BALCOM AVE NYC
3,BEDFORD STUYVESANT,07 RENTALS - WALKUP APARTMENTS,2A,1652,56,C3,759 JEFFERSON AVENUE,11221.0,4.0,0.0,4.0,2100.0,2200.0,1910.0,2,C3,1339325,2019-11-18,brooklyn,759 JEFFERSON AVENUE NYC
2,WAKEFIELD,01 ONE FAMILY DWELLINGS,1,5026,59,A1,2077 EDENWALD AVENUE,10466.0,1.0,0.0,1.0,1600.0,1600.0,2018.0,1,A1,630297,2019-02-20,bronx,2077 EDENWALD AVENUE NYC
3,EAST NEW YORK,02 TWO FAMILY DWELLINGS,1,3979,23,B2,250 SCHENCK AVENUE,11207.0,2.0,0.0,2.0,2500.0,2040.0,2004.0,1,B2,686500,2019-12-31,brooklyn,250 SCHENCK AVENUE NYC
4,ST. ALBANS,01 ONE FAMILY DWELLINGS,1,10314,31,A1,115-24 180TH STREET,11434.0,1.0,0.0,1.0,4000.0,1919.0,1920.0,1,A1,460000,2019-10-25,queens,115-24 180TH STREET NYC
4,JAMAICA,01 ONE FAMILY DWELLINGS,1,9698,52,A1,139-22 87TH DRIVE,11435.0,1.0,0.0,1.0,2156.0,1280.0,1920.0,1,A1,680000,2019-11-13,queens,139-22 87TH DRIVE NYC
3,OLD MILL BASIN,01 ONE FAMILY DWELLINGS,1,7851,10,A9,5301 AVENUE M,11234.0,1.0,0.0,1.0,1850.0,952.0,1925.0,1,A9,625000,2019-04-02,brooklyn,5301 AVENUE M NYC
3,BUSHWICK,02 TWO FAMILY DWELLINGS,1,3412,22,B9,1238 HALSEY STREET,11207.0,2.0,0.0,2.0,1900.0,2850.0,1910.0,1,B9,880000,2019-04-05,brooklyn,1238 HALSEY STREET NYC
5,PORT RICHMOND,01 ONE FAMILY DWELLINGS,1,1039,124,A5,23 BACHE STREET,10302.0,1.0,0.0,1.0,2725.0,1176.0,1970.0,1,A9,530000,2019-11-14,statenisland,23 BACHE STREET NYC
2,BAYCHESTER,02 TWO FAMILY DWELLINGS,1,4741,42,B1,3222 SEYMOUR AVENUE,10469.0,2.0,0.0,2.0,2500.0,2160.0,1920.0,1,B1,415000,2019-01-10,bronx,3222 SEYMOUR AVENUE NYC
4,SOUTH JAMAICA,02 TWO FAMILY DWELLINGS,1,10124,41,B2,106-35 156TH STREET,11433.0,2.0,0.0,2.0,1567.0,1266.0,1910.0,1,B2,600000,2019-05-02,queens,106-35 156TH STREET NYC
4,MIDDLE VILLAGE,01 ONE FAMILY DWELLINGS,1,2801,112,A5,69-80 58TH ROAD,11378.0,1.0,0.0,1.0,2125.0,1820.0,1940.0,1,A5,640000,2019-05-13,queens,69-80 58TH ROAD NYC
3,SUNSET PARK,02 TWO FAMILY DWELLINGS,1,729,18,B9,428 43RD STREET,11232.0,2.0,0.0,2.0,2003.0,3072.0,1901.0,1,B9,1550000,2019-05-24,brooklyn,428 43RD STREET NYC
4,ROSEDALE,02 TWO FAMILY DWELLINGS,1,13681,43,B3,259-23 147TH ROAD,11422.0,2.0,0.0,2.0,4990.0,1786.0,1955.0,1,B3,695000,2019-04-23,queens,259-23 147TH ROAD NYC
4,RIDGEWOOD,02 TWO FAMILY DWELLINGS,1,3565,5,B1,1701 NORMAN STREET,11385.0,2.0,0.0,2.0,2102.0,2460.0,1925.0,1,B1,1200000,2019-03-05,queens,1701 NORMAN STREET NYC
4,OZONE PARK,02 TWO FAMILY DWELLINGS,1,9011,9,B3,94-07 82ND PLACE,11416.0,2.0,0.0,2.0,1900.0,1280.0,1925.0,1,B3,514215,2019-10-18,queens,94-07 82ND PLACE NYC
2,MOTT HAVEN/PORT MORRIS,03 THREE FAMILY DWELLINGS,1,2285,124,C0,454 EAST 141 STREET,10454.0,3.0,0.0,3.0,2038.0,2700.0,1994.0,1,C0,907000,2019-02-27,bronx,454 EAST 141 STREET NYC
2,THROGS NECK,02 TWO FAMILY DWELLINGS,1,5421,78,B2,1018 LOGAN AVE,10465.0,2.0,0.0,2.0,4191.0,2240.0,1920.0,1,B2,635000,2019-07-18,bronx,1018 LOGAN AVE NYC
2,BRONXDALE,03 THREE FAMILY DWELLINGS,1,4605,34,C0,816 SOUTH OAK DRIVE,10467.0,3.0,0.0,3.0,3920.0,2173.0,1915.0,1,C0,820000,2019-07-12,bronx,816 SOUTH OAK DRIVE NYC
3,OLD MILL BASIN,03 THREE FAMILY DWELLINGS,1,8545,45,C0,2010 EAST 54TH STREET,11234.0,3.0,0.0,3.0,2000.0,2760.0,1960.0,1,C0,930000,2019-11-21,brooklyn,2010 EAST 54TH STREET NYC
2,MELROSE/CONCOURSE,03 THREE FAMILY DWELLINGS,1,2782,117,C0,1365 CLAY AVENUE,10456.0,3.0,0.0,3.0,1438.0,1512.0,1901.0,1,C0,434000,2019-11-05,bronx,1365 CLAY AVENUE NYC
3,BUSHWICK,01 ONE FAMILY DWELLINGS,1,3349,23,A5,82 PALMETTO STREET,11221.0,1.0,0.0,1.0,2500.0,1350.0,1910.0,1,A5,870000,2019-06-04,brooklyn,82 PALMETTO STREET NYC
4,FLUSHING-NORTH,01 ONE FAMILY DWELLINGS,1,5573,52,A0,49-20 170TH STREET,11365.0,1.0,0.0,1.0,4000.0,945.0,1955.0,1,A0,740000,2019-12-13,queens,49-20 170TH STREET NYC
4,BAYSIDE,02 TWO FAMILY DWELLINGS,1,6031,5,B2,201-10 32ND AVENUE,11361.0,2.0,0.0,2.0,3800.0,2500.0,1950.0,1,B2,1405000,2019-09-30,queens,201-10 32ND AVENUE NYC
2,EAST TREMONT,07 RENTALS - WALKUP APARTMENTS,2A,3117,106,C3,1980 MARMION AVENUE,10460.0,4.0,0.0,4.0,1920.0,4122.0,2003.0,2,C3,1400000,2019-05-30,bronx,1980 MARMION AVENUE NYC
4,LONG ISLAND CITY,02 TWO FAMILY DWELLINGS,1,341,39,B1,35-36 30TH STREET,11106.0,2.0,0.0,2.0,2500.0,1978.0,1925.0,1,B1,1560000,2019-04-24,queens,35-36 30TH STREET NYC
4,MIDDLE VILLAGE,01 ONE FAMILY DWELLINGS,1,3012,24,A5,64-38 84 STREET,11379.0,1.0,0.0,1.0,3983.0,1485.0,1930.0,1,A5,836000,2019-04-18,queens,64-38 84 STREET NYC
2,MORRIS PARK/VAN NEST,01 ONE FAMILY DWELLINGS,1,4064,1,A5,1024 PIERCE AVENUE,10461.0,1.0,0.0,1.0,2300.0,1714.0,1955.0,1,A5,600000,2019-11-05,bronx,1024 PIERCE AVENUE NYC
5,TOTTENVILLE,02 TWO FAMILY DWELLINGS,1,8039,48,B2,68 CRAIG AVENUE,10307.0,2.0,0.0,2.0,3993.0,2821.0,2005.0,1,B2,750000,2019-06-20,statenisland,68 CRAIG AVENUE NYC
4,SPRINGFIELD GARDENS,01 ONE FAMILY DWELLINGS,1,13051,30,A0,181-17 143RD AVENUE,11413.0,1.0,0.0,1.0,3550.0,1170.0,1950.0,1,A0,533000,2019-12-27,queens,181-17 143RD AVENUE NYC
5,GREAT KILLS,02 TWO FAMILY DWELLINGS,1,4570,19,B2,151 GIBSON AVENUE,10308.0,2.0,0.0,2.0,4050.0,2108.0,1960.0,1,B2,735000,2019-08-15,statenisland,151 GIBSON AVENUE NYC
4,CORONA,03 THREE FAMILY DWELLINGS,1,2011,23,C0,110-23 56TH AVENUE,11368.0,3.0,0.0,3.0,1833.0,2950.0,2004.0,1,C0,1300000,2019-04-25,queens,110-23 56TH AVENUE NYC
4,FOREST HILLS,01 ONE FAMILY DWELLINGS,1,3305,30,A3,45 MARKWOOD ROAD,11375.0,1.0,0.0,1.0,3975.0,2284.0,1920.0,1,A3,1756000,2019-04-22,queens,45 MARKWOOD ROAD NYC
4,COLLEGE POINT,01 ONE FAMILY DWELLINGS,1,4266,46,A2,25-61 125TH STREET,11354.0,1.0,0.0,1.0,2840.0,800.0,1910.0,1,A2,675000,2019-12-03,queens,25-61 125TH STREET NYC
3,FLATBUSH-CENTRAL,02 TWO FAMILY DWELLINGS,1,5168,33,B1,266 EAST 25TH STREET,11226.0,2.0,0.0,2.0,879.0,2560.0,1911.0,1,B1,730000,2019-12-05,brooklyn,266 EAST 25TH STREET NYC
4,LAURELTON,02 TWO FAMILY DWELLINGS,1,13182,6,B3,138-59 233RD STREET,11422.0,2.0,0.0,2.0,3217.0,1400.0,1925.0,1,B3,559019,2019-09-18,queens,138-59 233RD STREET NYC
4,SO. JAMAICA-BAISLEY PARK,01 ONE FAMILY DWELLINGS,1,12192,16,A1,150-18 115TH DRIVE,11434.0,1.0,0.0,1.0,2000.0,882.0,1930.0,1,A1,540000,2019-12-27,queens,150-18 115TH DRIVE NYC
4,SO. JAMAICA-BAISLEY PARK,02 TWO FAMILY DWELLINGS,1,12017,5,B3,143-12 FOCH BOULEVARD,11436.0,2.0,0.0,2.0,4025.0,1182.0,1945.0,1,B3,500000,2019-11-25,queens,143-12 FOCH BOULEVARD NYC
2,BEDFORD PARK/NORWOOD,02 TWO FAMILY DWELLINGS,1,3342,56,B2,307 EAST 206 STREET,10467.0,2.0,0.0,2.0,2500.0,2608.0,1925.0,1,B2,400000,2019-04-25,bronx,307 EAST 206 STREET NYC
5,HUGUENOT,01 ONE FAMILY DWELLINGS,1,6842,40,A2,106 ELLSWORTH AVENUE,10312.0,1.0,0.0,1.0,4360.0,2042.0,1970.0,1,A2,640000,2019-10-02,statenisland,106 ELLSWORTH AVENUE NYC
5,OAKWOOD-BEACH,02 TWO FAMILY DWELLINGS,1,4028,47,B2,463 RIGA STREET,10306.0,2.0,0.0,2.0,3800.0,2468.0,1983.0,1,B9,720000,2019-07-25,statenisland,463 RIGA STREET NYC
4,SO. JAMAICA-BAISLEY PARK,01 ONE FAMILY DWELLINGS,1,12064,1,A1,126-41 INWOOD STREET,11436.0,1.0,0.0,1.0,2850.0,1320.0,1930.0,1,A1,400000,2019-08-09,queens,126-41 INWOOD STREET NYC
4,ST. ALBANS,01 ONE FAMILY DWELLINGS,1,11001,16,A1,205-07 MURDOCK AVENUE,11412.0,1.0,0.0,1.0,3000.0,1995.0,1940.0,1,A1,650000,2019-05-30,queens,205-07 MURDOCK AVENUE NYC
3,CYPRESS HILLS,02 TWO FAMILY DWELLINGS,1,4106,77,B2,92 HEMLOCK STREET,11208.0,2.0,0.0,2.0,1600.0,2000.0,1920.0,1,B2,690000,2019-01-11,brooklyn,92 HEMLOCK STREET NYC
3,MADISON,01 ONE FAMILY DWELLINGS,1,6831,24,A1,1844 EAST 26TH STREET,11229.0,1.0,0.0,1.0,3000.0,2000.0,1940.0,1,A1,1300000,2019-12-06,brooklyn,1844 EAST 26TH STREET NYC
3,MARINE PARK,02 TWO FAMILY DWELLINGS,1,8539,61,B2,2160 KIMBALL STREET,11234.0,2.0,0.0,2.0,2500.0,1156.0,1925.0,1,B2,609000,2019-01-18,brooklyn,2160 KIMBALL STREET NYC
3,FLATBUSH-NORTH,07 RENTALS - WALKUP APARTMENTS,2A,4671,21,C3,380 ROCKAWAY PARKWAY,11212.0,4.0,0.0,4.0,2500.0,3198.0,1930.0,2,C3,945000,2019-04-16,brooklyn,380 ROCKAWAY PARKWAY NYC
3,BOROUGH PARK,02 TWO FAMILY DWELLINGS,1,5673,3,B1,5417 9 AVENUE,11220.0,2.0,0.0,2.0,2000.0,1994.0,1910.0,1,B1,1850000,2019-05-21,brooklyn,5417 9 AVENUE NYC
2,WESTCHESTER,02 TWO FAMILY DWELLINGS,1,3818,25,B3,2248 HAVILAND AVE,10462.0,2.0,0.0,2.0,3605.0,1600.0,1930.0,1,B3,610000,2019-10-28,bronx,2248 HAVILAND AVE NYC
4,ST. ALBANS,01 ONE FAMILY DWELLINGS,1,10272,122,A5,110-25 173RD STREET,11433.0,1.0,0.0,1.0,2000.0,800.0,1945.0,1,A5,416216,2019-08-29,queens,110-25 173RD STREET NYC
3,CONEY ISLAND,01 ONE FAMILY DWELLINGS,1,7013,49,A5,2892 WEST 25TH STREET,11224.0,1.0,0.0,1.0,1652.0,1344.0,1989.0,1,A5,550000,2019-01-22,brooklyn,2892 WEST 25TH STREET NYC
5,ARDEN HEIGHTS,02 TWO FAMILY DWELLINGS,1,6024,148,B9,102 STACK DRIVE,10312.0,2.0,0.0,2.0,2070.0,2392.0,1980.0,1,B9,570000,2019-04-11,statenisland,102 STACK DRIVE NYC
4,HOLLIS,01 ONE FAMILY DWELLINGS,1,10904,31,A1,204-11 109TH AVENUE,11412.0,1.0,0.0,1.0,3242.0,1772.0,1920.0,1,A1,650000,2019-06-12,queens,204-11 109TH AVENUE NYC
2,BEDFORD PARK/NORWOOD,22 STORE BUILDINGS,4,3320,6,K1,2962 JEROME AVENUE,10468.0,0.0,3.0,3.0,2856.0,2856.0,2000.0,4,K1,1450000,2019-06-20,bronx,2962 JEROME AVENUE NYC
4,LITTLE NECK,01 ONE FAMILY DWELLINGS,1,8127,54,A5,42-21 249TH STREET,11363.0,1.0,0.0,1.0,3440.0,990.0,1925.0,1,A5,798000,2019-11-27,queens,42-21 249TH STREET NYC
5,ARDEN HEIGHTS,02 TWO FAMILY DWELLINGS,1,6045,43,B9,34 EVERTON AVENUE,10312.0,2.0,0.0,2.0,3097.0,1800.0,1996.0,1,B9,665000,2019-01-17,statenisland,34 EVERTON AVENUE NYC
5,HUGUENOT,02 TWO FAMILY DWELLINGS,1,6828,12,B2,296 DARLINGTON AVENUE,10312.0,2.0,0.0,2.0,4676.0,2380.0,2005.0,1,B2,975000,2019-09-19,statenisland,296 DARLINGTON AVENUE NYC
4,SOUTH JAMAICA,01 ONE FAMILY DWELLINGS,1,10132,45,A1,150-42 YATES ROAD,11433.0,1.0,0.0,1.0,3038.0,1172.0,1920.0,1,A1,505000,2019-09-20,queens,150-42 YATES ROAD NYC
3,BERGEN BEACH,03 THREE FAMILY DWELLINGS,1,8365,36,C0,1307 EAST 65TH STREET,11234.0,3.0,0.0,3.0,3000.0,2268.0,1960.0,1,C0,800000,2019-11-14,brooklyn,1307 EAST 65TH STREET NYC
4,SO. JAMAICA-BAISLEY PARK,01 ONE FAMILY DWELLINGS,1,12082,35,A0,130-39 INWOOD STREET,11436.0,1.0,0.0,1.0,3800.0,1031.0,1950.0,1,A0,468000,2019-11-26,queens,130-39 INWOOD STREET NYC
3,EAST NEW YORK,02 TWO FAMILY DWELLINGS,1,4245,14,B2,259 MILFORD STREET,11208.0,2.0,0.0,2.0,2000.0,2860.0,2004.0,1,B2,530000,2019-09-10,brooklyn,259 MILFORD STREET NYC
3,OCEAN PARKWAY-SOUTH,01 ONE FAMILY DWELLINGS,1,7104,124,A5,1902 EAST 1ST STREET,11223.0,1.0,0.0,1.0,1200.0,1400.0,1945.0,1,A5,850000,2019-05-17,brooklyn,1902 EAST 1ST STREET NYC
4,OZONE PARK,02 TWO FAMILY DWELLINGS,1,9156,22,B3,107-28 92ND STREET,11417.0,2.0,0.0,2.0,2300.0,1427.0,1930.0,1,B3,560000,2019-08-30,queens,107-28 92ND STREET NYC
4,RIDGEWOOD,02 TWO FAMILY DWELLINGS,1,3494,39,B1,6022 BLEECKER STREET,11385.0,2.0,0.0,2.0,2125.0,2400.0,1920.0,1,B1,1050000,2019-04-02,queens,6022 BLEECKER STREET NYC
3,CANARSIE,01 ONE FAMILY DWELLINGS,1,8030,35,A5,76 PAERDEGAT 2ND STREET,11236.0,1.0,0.0,1.0,4850.0,1980.0,1965.0,1,A5,669500,2019-12-31,brooklyn,76 PAERDEGAT 2ND STREET NYC
4,LONG ISLAND CITY,02 TWO FAMILY DWELLINGS,1,382,15,B9,38-03 31ST STREET,11101.0,2.0,0.0,2.0,2242.0,1000.0,1910.0,1,B9,1750000,2019-06-04,queens,38-03 31ST STREET NYC
3,EAST NEW YORK,14 RENTALS - 4-10 UNIT,2A,3843,17,S3,481 NEW LOTS AVENUE,11207.0,3.0,1.0,4.0,909.0,2274.0,1930.0,2,S3,715000,2019-01-28,brooklyn,481 NEW LOTS AVENUE NYC
4,WOODHAVEN,01 ONE FAMILY DWELLINGS,1,8912,101,A5,78-14 87TH ROAD,11421.0,1.0,0.0,1.0,1650.0,1014.0,1910.0,1,A5,515000,2019-04-05,queens,78-14 87TH ROAD NYC
3,BUSHWICK,02 TWO FAMILY DWELLINGS,1,3383,19,B2,202 CORNELIA STREET,11221.0,2.0,0.0,2.0,1800.0,2430.0,1905.0,1,B2,735000,2019-08-28,brooklyn,202 CORNELIA STREET NYC
2,BEDFORD PARK/NORWOOD,02 TWO FAMILY DWELLINGS,1,3331,19,B3,3056 DECATUR AVENUE,10467.0,2.0,0.0,2.0,3000.0,1984.0,1915.0,1,B3,450000,2019-04-17,bronx,3056 DECATUR AVENUE NYC
4,BELLEROSE,01 ONE FAMILY DWELLINGS,1,8653,5,A1,88-38 COMMONWEALTH BLVD.,11426.0,1.0,0.0,1.0,3752.0,1430.0,1930.0,1,A1,580000,2019-10-09,queens,88-38 COMMONWEALTH BLVD. NYC
4,REGO PARK,01 ONE FAMILY DWELLINGS,1,3077,28,A1,61-44 BOOTH STREET,11374.0,1.0,0.0,1.0,2433.0,1344.0,1930.0,1,A1,900000,2019-10-16,queens,61-44 BOOTH STREET NYC
5,OAKWOOD,02 TWO FAMILY DWELLINGS,1,4655,83,B2,49 WINDEMERE AVENUE,10306.0,2.0,0.0,2.0,4000.0,2040.0,1975.0,1,B2,780000,2019-07-18,statenisland,49 WINDEMERE AVENUE NYC
2,BELMONT,02 TWO FAMILY DWELLINGS,1,3078,28,B1,2501 HUGHES AVENUE,10458.0,2.0,0.0,2.0,2185.0,2160.0,1920.0,1,B1,1100000,2019-06-06,bronx,2501 HUGHES AVENUE NYC
3,MADISON,02 TWO FAMILY DWELLINGS,1,7325,4,B2,2008 AVENUE T,11229.0,2.0,0.0,2.0,1500.0,1900.0,1930.0,1,B2,962000,2019-04-04,brooklyn,2008 AVENUE T NYC
5,SOUTH BEACH,01 ONE FAMILY DWELLINGS,1,3419,23,A5,74 VULCAN STREET,10305.0,1.0,0.0,1.0,2300.0,1290.0,2005.0,1,A5,595000,2019-11-21,statenisland,74 VULCAN STREET NYC
4,ARVERNE,02 TWO FAMILY DWELLINGS,1,16029,62,B9,615 BEACH 68TH ST,11692.0,2.0,0.0,2.0,3500.0,1932.0,1960.0,1,B9,520000,2019-02-12,queens,615 BEACH 68TH ST NYC
5,TOMPKINSVILLE,01 ONE FAMILY DWELLINGS,1,571,69,A1,192 ST PAULS AVENUE,10301.0,1.0,0.0,1.0,3900.0,1936.0,1930.0,1,A1,515000,2019-11-04,statenisland,192 ST PAULS AVENUE NYC
3,EAST NEW YORK,02 TWO FAMILY DWELLINGS,1,3775,44,B1,408 BRADFORD STREET,11207.0,2.0,0.0,2.0,2000.0,2000.0,1901.0,1,B1,800000,2019-04-08,brooklyn,408 BRADFORD STREET NYC
4,MASPETH,02 TWO FAMILY DWELLINGS,1,2783,49,B1,67-07 61ST ROAD,11379.0,2.0,0.0,2.0,2225.0,2530.0,1955.0,1,B1,950000,2019-02-20,queens,67-07 61ST ROAD NYC
4,QUEENS VILLAGE,01 ONE FAMILY DWELLINGS,1,10749,16,A1,222-22 DAVENPORT AVENUE,11428.0,1.0,0.0,1.0,2800.0,1683.0,1925.0,1,A1,575000,2019-11-27,queens,222-22 DAVENPORT AVENUE NYC
5,BULLS HEAD,01 ONE FAMILY DWELLINGS,1,2070,64,A5,33 ETON PLACE,10314.0,1.0,0.0,1.0,2376.0,1792.0,1980.0,1,A5,515000,2019-01-24,statenisland,33 ETON PLACE NYC
4,FLUSHING-SOUTH,01 ONE FAMILY DWELLINGS,1,6396,38,A5,63-25 137TH STREET,11367.0,1.0,0.0,1.0,3427.0,1296.0,1955.0,1,A5,760000,2019-09-09,queens,63-25 137TH STREET NYC
4,HOLLIS,02 TWO FAMILY DWELLINGS,1,10909,33,B3,104-47 205TH PLACE,11412.0,2.0,0.0,2.0,4000.0,1380.0,1925.0,1,B3,755000,2019-11-20,queens,104-47 205TH PLACE NYC
4,CORONA,02 TWO FAMILY DWELLINGS,1,1887,24,B2,50-24 JUNCTION BLVD,11373.0,2.0,0.0,2.0,2648.0,2580.0,1931.0,1,B2,1250000,2019-04-11,queens,50-24 JUNCTION BLVD NYC
5,WEST NEW BRIGHTON,01 ONE FAMILY DWELLINGS,1,224,28,A5,19 RAYFIELD COURT,10310.0,1.0,0.0,1.0,1050.0,1775.0,1999.0,1,A5,415000,2019-09-19,statenisland,19 RAYFIELD COURT NYC
3,SHEEPSHEAD BAY,01 ONE FAMILY DWELLINGS,1,7400,36,A9,2372 EAST 16TH STREET,11229.0,1.0,0.0,1.0,1063.0,1540.0,1965.0,1,A9,710000,2019-03-22,brooklyn,2372 EAST 16TH STREET NYC
5,ELTINGVILLE,02 TWO FAMILY DWELLINGS,1,5598,72,B2,10 SERRELL AVENUE,10312.0,2.0,0.0,2.0,4031.0,2200.0,2006.0,1,B2,919000,2019-06-24,statenisland,10 SERRELL AVENUE NYC
4,SOUTH OZONE PARK,01 ONE FAMILY DWELLINGS,1,11780,115,A1,131-13 135TH STREET,11420.0,1.0,0.0,1.0,1988.0,868.0,1920.0,1,A1,500000,2019-06-24,queens,131-13 135TH STREET NYC
5,GRANT CITY,01 ONE FAMILY DWELLINGS,1,899,64,A1,1229 TODT HILL ROAD,10304.0,1.0,0.0,1.0,4182.0,2132.0,1930.0,1,A1,963538,2019-01-23,statenisland,1229 TODT HILL ROAD NYC
4,ROSEDALE,02 TWO FAMILY DWELLINGS,1,13567,76,B3,243-44 MAYDA RD,11422.0,2.0,0.0,2.0,3000.0,1596.0,1928.0,1,B3,435000,2019-04-25,queens,243-44 MAYDA RD NYC
2,SOUNDVIEW,07 RENTALS - WALKUP APARTMENTS,2A,3862,8,C3,1501 E 172ND STREET,10472.0,4.0,0.0,4.0,2500.0,3900.0,1924.0,2,C3,775000,2019-11-01,bronx,1501 E 172ND STREET NYC
4,BAYSIDE,01 ONE FAMILY DWELLINGS,1,6339,92,A1,39-54 222ND STREET,11361.0,1.0,0.0,1.0,4000.0,2000.0,2016.0,1,A1,1395003,2019-09-26,queens,39-54 222ND STREET NYC
3,GOWANUS,29 COMMERCIAL GARAGES,4,1045,21,G9,46 15TH STREET,11215.0,0.0,1.0,1.0,2500.0,2500.0,1931.0,4,G9,1100000,2019-12-10,brooklyn,46 15TH STREET NYC
4,GLENDALE,02 TWO FAMILY DWELLINGS,1,3834,138,B2,78-60 84TH STREET,11385.0,2.0,0.0,2.0,2700.0,2480.0,1920.0,1,B2,860000,2019-04-30,queens,78-60 84TH STREET NYC
2,BAYCHESTER,01 ONE FAMILY DWELLINGS,1,4769,41,A5,3116 TIEMANN AVENUE,10469.0,1.0,0.0,1.0,1710.0,1080.0,1960.0,1,A5,510000,2019-03-05,bronx,3116 TIEMANN AVENUE NYC
4,ROSEDALE,01 ONE FAMILY DWELLINGS,1,13471,50,A2,145-52 224TH STREET,11413.0,1.0,0.0,1.0,4000.0,1672.0,1930.0,1,A2,450000,2019-03-18,queens,145-52 224TH STREET NYC
3,MIDWOOD,37 RELIGIOUS FACILITIES,4,7575,76,M1,2256 NOSTRAND AVENUE,11210.0,0.0,1.0,1.0,2000.0,2000.0,1965.0,4,M1,721000,2019-07-03,brooklyn,2256 NOSTRAND AVENUE NYC
2,SCHUYLERVILLE/PELHAM BAY,07 RENTALS - WALKUP APARTMENTS,2A,5348,39,C3,1367 ELLISON AVENUE,10461.0,4.0,0.0,4.0,2375.0,3150.0,1946.0,2,C3,823140,2019-10-17,bronx,1367 ELLISON AVENUE NYC
5,MARINERS HARBOR,01 ONE FAMILY DWELLINGS,1,1149,135,A5,5 WINANT STREET,10303.0,1.0,0.0,1.0,1092.0,1200.0,2003.0,1,A5,365000,2019-11-15,statenisland,5 WINANT STREET NYC
4,SO. JAMAICA-BAISLEY PARK,01 ONE FAMILY DWELLINGS,1,12027,71,A1,119-11 146TH STREET,11436.0,1.0,0.0,1.0,2000.0,896.0,1925.0,1,A1,495000,2019-08-12,queens,119-11 146TH STREET NYC
2,THROGS NECK,01 ONE FAMILY DWELLINGS,1,5500,2,A5,222 THROGS NECK BLVD,10465.0,1.0,0.0,1.0,2000.0,960.0,1950.0,1,A5,508000,2019-07-10,bronx,222 THROGS NECK BLVD NYC
4,MASPETH,02 TWO FAMILY DWELLINGS,1,2396,49,B2,66-26 HULL AVENUE,11378.0,2.0,0.0,2.0,2500.0,2160.0,1910.0,1,B2,920000,2019-06-26,queens,66-26 HULL AVENUE NYC
2,SOUNDVIEW,02 TWO FAMILY DWELLINGS,1,3781,31,B9,1281 CROES AVENUE,10472.0,2.0,0.0,2.0,2000.0,1840.0,1960.0,1,B9,700000,2019-10-24,bronx,1281 CROES AVENUE NYC
4,SPRINGFIELD GARDENS,02 TWO FAMILY DWELLINGS,1,13360,12,B3,183-04 146TH TERRACE,11413.0,2.0,0.0,2.0,2800.0,1632.0,1915.0,1,B3,512150,2019-08-16,queens,183-04 146TH TERRACE NYC
4,MIDDLE VILLAGE,02 TWO FAMILY DWELLINGS,1,3800,62,B3,79-51 69TH ROAD,11379.0,2.0,0.0,2.0,2042.0,1152.0,1930.0,1,B3,325000,2019-09-20,queens,79-51 69TH ROAD NYC
3,EAST NEW YORK,01 ONE FAMILY DWELLINGS,1,3965,22,A1,222 JEROME STREET,11207.0,1.0,0.0,1.0,2605.0,2475.0,1901.0,1,A1,615000,2019-11-05,brooklyn,222 JEROME STREET NYC
2,SOUNDVIEW,03 THREE FAMILY DWELLINGS,1,3871,63,C0,1317 CROES AVENUE,10472.0,3.0,0.0,3.0,2500.0,3500.0,1920.0,1,C0,805000,2019-10-03,bronx,1317 CROES AVENUE NYC
5,MANOR HEIGHTS,02 TWO FAMILY DWELLINGS,1,803,57,B9,260 SUFFOLK AVENUE,10314.0,2.0,0.0,2.0,3300.0,1020.0,1965.0,1,B9,518704,2019-08-29,statenisland,260 SUFFOLK AVENUE NYC
2,WAKEFIELD,01 ONE FAMILY DWELLINGS,1,5097,13,A2,4418 MURDOCK AVENUE,10466.0,1.0,0.0,1.0,3930.0,1200.0,1945.0,1,A2,516000,2019-09-13,bronx,4418 MURDOCK AVENUE NYC
3,FLATBUSH-EAST,01 ONE FAMILY DWELLINGS,1,7906,140,A9,5824 BEVERLY ROAD,11203.0,1.0,0.0,1.0,2300.0,991.0,1940.0,1,A9,570000,2019-03-15,brooklyn,5824 BEVERLY ROAD NYC
3,FLATLANDS,02 TWO FAMILY DWELLINGS,1,7777,20,B1,1299 EAST 51ST STREET,11234.0,2.0,0.0,2.0,3200.0,2009.0,1940.0,1,B1,320000,2019-04-29,brooklyn,1299 EAST 51ST STREET NYC
5,NEW SPRINGVILLE,01 ONE FAMILY DWELLINGS,1,2402,50,A5,384 NOME AVENUE,10314.0,1.0,0.0,1.0,2600.0,2441.0,1986.0,1,A5,699000,2019-04-01,statenisland,384 NOME AVENUE NYC
4,SO. JAMAICA-BAISLEY PARK,01 ONE FAMILY DWELLINGS,1,11991,54,A1,146-12 115TH AVENUE,11436.0,1.0,0.0,1.0,2500.0,1552.0,1925.0,1,A1,585000,2019-08-08,queens,146-12 115TH AVENUE NYC
4,FLUSHING-NORTH,01 ONE FAMILY DWELLINGS,1,5410,82,A1,43-63 149TH STREET,11355.0,1.0,0.0,1.0,3300.0,1618.0,1925.0,1,A1,915000,2019-07-31,queens,43-63 149TH STREET NYC
4,SOUTH JAMAICA,02 TWO FAMILY DWELLINGS,1,10122,29,B2,154-17 107TH AVENUE,11433.0,2.0,0.0,2.0,2002.0,2160.0,2000.0,1,B2,906541,2019-10-07,queens,154-17 107TH AVENUE NYC
4,SOUTH OZONE PARK,01 ONE FAMILY DWELLINGS,1,11660,24,A1,114-30 135TH STREET,11420.0,1.0,0.0,1.0,2200.0,896.0,1930.0,1,A1,587100,2019-07-29,queens,114-30 135TH STREET NYC
4,SOUTH JAMAICA,01 ONE FAMILY DWELLINGS,1,10183,15,A1,109-02 167TH STREET,11433.0,1.0,0.0,1.0,2375.0,1188.0,1925.0,1,A1,415000,2019-10-16,queens,109-02 167TH STREET NYC
4,MASPETH,01 ONE FAMILY DWELLINGS,1,2775,24,A5,66-02 58TH AVENUE,11378.0,1.0,0.0,1.0,2045.0,1016.0,1925.0,1,A5,436500,2019-08-08,queens,66-02 58TH AVENUE NYC
2,BAYCHESTER,02 TWO FAMILY DWELLINGS,1,4796,128,B2,2913 GRACE AVENUE,10469.0,2.0,0.0,2.0,2375.0,2040.0,2004.0,1,B2,700000,2019-08-19,bronx,2913 GRACE AVENUE NYC
4,QUEENS VILLAGE,01 ONE FAMILY DWELLINGS,1,11167,67,A1,220-22 106TH AVENUE,11429.0,1.0,0.0,1.0,4000.0,1806.0,1925.0,1,A1,500000,2019-03-27,queens,220-22 106TH AVENUE NYC
4,HILLCREST,02 TWO FAMILY DWELLINGS,1,7050,8,B1,82-03 172ND STREET,11432.0,2.0,0.0,2.0,4000.0,2400.0,2008.0,1,B1,825000,2019-03-21,queens,82-03 172ND STREET NYC
3,GERRITSEN BEACH,01 ONE FAMILY DWELLINGS,1,8900,50,A1,44 DARE COURT,11229.0,1.0,0.0,1.0,1800.0,1536.0,1925.0,1,A1,675000,2019-07-26,brooklyn,44 DARE COURT NYC
5,MIDLAND BEACH,01 ONE FAMILY DWELLINGS,1,3838,39,A1,707 OCEANSIDE AVENUE,10305.0,1.0,0.0,1.0,4210.0,1100.0,1930.0,1,A1,373678,2019-05-03,statenisland,707 OCEANSIDE AVENUE NYC
1,WASHINGTON HEIGHTS LOWER,01 ONE FAMILY DWELLINGS,1,2127,27,A1,565 WEST 170 STREET,10032.0,1.0,0.0,1.0,2500.0,1736.0,1925.0,1,A1,1825000,2019-05-23,manhattan,565 WEST 170 STREET NYC
3,CYPRESS HILLS,01 ONE FAMILY DWELLINGS,1,3920,14,A1,17 SCHENCK AVENUE,11207.0,1.0,0.0,1.0,2200.0,1512.0,1920.0,1,A1,450000,2019-12-13,brooklyn,17 SCHENCK AVENUE NYC
4,WOODHAVEN,01 ONE FAMILY DWELLINGS,1,8926,16,A1,88-22 89TH STREET,11421.0,1.0,0.0,1.0,2000.0,1646.0,1920.0,1,A1,659000,2019-11-21,queens,88-22 89TH STREET NYC
3,OCEAN PARKWAY-SOUTH,02 TWO FAMILY DWELLINGS,1,7219,13,B9,514 AVENUE Y,11223.0,2.0,0.0,2.0,4000.0,2328.0,1940.0,1,B9,1270000,2019-08-20,brooklyn,514 AVENUE Y NYC
2,PELHAM GARDENS,02 TWO FAMILY DWELLINGS,1,4395,3,B1,1591 PELHAM PARKWAY NORTH,10469.0,2.0,0.0,2.0,3232.0,3164.0,1950.0,1,B1,950000,2019-02-14,bronx,1591 PELHAM PARKWAY NORTH NYC
4,SOUTH JAMAICA,01 ONE FAMILY DWELLINGS,1,12175,37,A1,111-17 157TH STREET,11433.0,1.0,0.0,1.0,1875.0,1386.0,1925.0,1,A1,483000,2019-04-01,queens,111-17 157TH STREET NYC
3,CANARSIE,03 THREE FAMILY DWELLINGS,1,8113,60,C0,716 EAST 96TH STREET,11236.0,3.0,0.0,3.0,2828.0,4536.0,1940.0,1,C0,900000,2019-09-26,brooklyn,716 EAST 96TH STREET NYC
2,BRONXDALE,02 TWO FAMILY DWELLINGS,1,4563,143,B1,2949 BOUCK AVE,10469.0,2.0,0.0,2.0,2642.0,1892.0,1945.0,1,B1,650000,2019-01-18,bronx,2949 BOUCK AVE NYC
2,MELROSE/CONCOURSE,02 TWO FAMILY DWELLINGS,1,2410,8,S2,598 MORRIS AVENUE,10451.0,2.0,1.0,3.0,1756.0,3720.0,1931.0,1,S2,665000,2019-02-14,bronx,598 MORRIS AVENUE NYC
3,FLATBUSH-EAST,02 TWO FAMILY DWELLINGS,1,7633,43,B2,3304 AVENUE K,11210.0,2.0,0.0,2.0,2200.0,2304.0,1925.0,1,B2,958800,2019-02-13,brooklyn,3304 AVENUE K NYC
3,WINDSOR TERRACE,01 ONE FAMILY DWELLINGS,1,5278,10,A2,15 EAST 7TH STREET,11218.0,1.0,0.0,1.0,2500.0,698.0,1925.0,1,A2,1100000,2019-09-05,brooklyn,15 EAST 7TH STREET NYC
4,QUEENS VILLAGE,01 ONE FAMILY DWELLINGS,1,11208,14,A2,225-40 109TH AVENUE,11412.0,1.0,0.0,1.0,4000.0,1232.0,1950.0,1,A2,489600,2019-01-15,queens,225-40 109TH AVENUE NYC
4,WOODHAVEN,01 ONE FAMILY DWELLINGS,1,8994,60,A1,91-29 97TH STREET,11421.0,1.0,0.0,1.0,4000.0,1675.0,1920.0,1,A1,800000,2019-05-30,queens,91-29 97TH STREET NYC
3,BAY RIDGE,01 ONE FAMILY DWELLINGS,1,6106,6,A1,9309 RIDGE BOULEVARD,11209.0,1.0,0.0,1.0,4000.0,2816.0,1925.0,1,A1,1555000,2019-10-15,brooklyn,9309 RIDGE BOULEVARD NYC
3,BOROUGH PARK,02 TWO FAMILY DWELLINGS,1,5598,43,S2,4218 13TH AVENUE,11219.0,2.0,1.0,3.0,1600.0,2700.0,1930.0,1,S2,1250000,2019-05-23,brooklyn,4218 13TH AVENUE NYC
4,MASPETH,02 TWO FAMILY DWELLINGS,1,2403,6,B3,66-14 53RD ROAD,11378.0,2.0,0.0,2.0,3275.0,1312.0,1925.0,1,B3,838000,2019-05-08,queens,66-14 53RD ROAD NYC
4,BAYSIDE,02 TWO FAMILY DWELLINGS,1,6242,23,B2,39-12B 214TH PLACE,11361.0,2.0,0.0,2.0,1710.0,1702.0,1931.0,1,B2,858385,2019-07-15,queens,39-12B 214TH PLACE NYC
3,EAST NEW YORK,03 THREE FAMILY DWELLINGS,1,4268,10,C0,633 CRESCENT STREET,11208.0,3.0,0.0,3.0,2100.0,2024.0,1910.0,1,C0,501000,2019-03-21,brooklyn,633 CRESCENT STREET NYC
4,FOREST HILLS,02 TWO FAMILY DWELLINGS,1,3192,15,B1,68-55 SELFRIDGE STREET,11375.0,2.0,0.0,2.0,3096.0,1938.0,1940.0,1,B1,1095000,2019-08-13,queens,68-55 SELFRIDGE STREET NYC
3,SUNSET PARK,01 ONE FAMILY DWELLINGS,1,685,137,A5,816 A 5 AVENUE,11232.0,1.0,0.0,1.0,1700.0,1959.0,1920.0,1,A5,1775000,2019-01-24,brooklyn,816 A 5 AVENUE NYC
3,MARINE PARK,02 TWO FAMILY DWELLINGS,1,6840,140,B3,1882 STUART STREET,11229.0,2.0,0.0,2.0,1800.0,1890.0,1930.0,1,B3,755000,2019-07-12,brooklyn,1882 STUART STREET NYC
4,FLUSHING-SOUTH,01 ONE FAMILY DWELLINGS,1,6686,7,A5,147-14 76TH ROAD,11367.0,1.0,0.0,1.0,1800.0,1224.0,1945.0,1,A5,715000,2019-04-15,queens,147-14 76TH ROAD NYC
2,WILLIAMSBRIDGE,02 TWO FAMILY DWELLINGS,1,4831,83,B3,640 EAST 229TH STREET,10466.0,2.0,0.0,2.0,3804.0,1989.0,1920.0,1,B3,760000,2019-12-16,bronx,640 EAST 229TH STREET NYC
3,FLATLANDS,02 TWO FAMILY DWELLINGS,1,7802,53,B1,1188 EAST 55TH STREET,11234.0,2.0,0.0,2.0,2183.0,2524.0,1965.0,1,B1,885496,2019-12-04,brooklyn,1188 EAST 55TH STREET NYC
5,CLOVE LAKES,01 ONE FAMILY DWELLINGS,1,280,24,A2,803 DAVIS AVENUE,10310.0,1.0,0.0,1.0,4356.0,2134.0,1963.0,1,A2,595000,2019-10-04,statenisland,803 DAVIS AVENUE NYC
3,FLATBUSH-EAST,01 ONE FAMILY DWELLINGS,1,7770,36,A9,1747 TROY AVENUE,11234.0,1.0,0.0,1.0,1900.0,1428.0,1925.0,1,A9,515510,2019-02-07,brooklyn,1747 TROY AVENUE NYC
4,OZONE PARK,02 TWO FAMILY DWELLINGS,1,9064,8,B1,90-14 97TH AVENUE,11416.0,2.0,0.0,2.0,2500.0,1740.0,1920.0,1,B1,775000,2019-12-19,queens,90-14 97TH AVENUE NYC
5,MARINERS HARBOR,02 TWO FAMILY DWELLINGS,1,1147,11,B9,61 RENFREW PLACE,10303.0,2.0,0.0,2.0,2255.0,2100.0,2002.0,1,B9,515000,2019-07-01,statenisland,61 RENFREW PLACE NYC
5,DONGAN HILLS,02 TWO FAMILY DWELLINGS,1,3287,34,B3,101 WILSON STREET,10304.0,2.0,0.0,2.0,4530.0,840.0,1915.0,1,B3,520000,2019-07-31,statenisland,101 WILSON STREET NYC
5,GREAT KILLS,22 STORE BUILDINGS,4,5505,8,K1,3827 RICHMOND AVENUE,10312.0,0.0,3.0,3.0,4350.0,1920.0,1980.0,4,K1,700000,2019-05-29,statenisland,3827 RICHMOND AVENUE NYC
4,SOUTH JAMAICA,02 TWO FAMILY DWELLINGS,1,12320,92,B2,164-28 ODONNELL ROAD,11433.0,2.0,0.0,2.0,3829.0,2150.0,1995.0,1,B2,725000,2019-01-17,queens,164-28 ODONNELL ROAD NYC
2,HIGHBRIDGE/MORRIS HEIGHTS,03 THREE FAMILY DWELLINGS,1,2532,124,C0,1358 UNIVERSITY AVENUE,10452.0,3.0,0.0,3.0,1063.0,2679.0,2004.0,1,C0,864500,2019-07-02,bronx,1358 UNIVERSITY AVENUE NYC
4,EAST ELMHURST,01 ONE FAMILY DWELLINGS,1,1374,148,A1,2635 94TH STREET,11369.0,1.0,0.0,1.0,2808.0,1065.0,1925.0,1,A1,471000,2019-11-20,queens,2635 94TH STREET NYC
3,OCEAN HILL,02 TWO FAMILY DWELLINGS,1,1506,14,B9,664 DECATUR STREET,11233.0,2.0,0.0,2.0,1900.0,2565.0,1910.0,1,B9,1110000,2019-03-22,brooklyn,664 DECATUR STREET NYC
3,OCEAN HILL,02 TWO FAMILY DWELLINGS,1,1501,12,B9,678 MACDONOUGH STREET,11233.0,2.0,0.0,2.0,2000.0,3300.0,1910.0,1,B9,1065000,2019-08-08,brooklyn,678 MACDONOUGH STREET NYC
4,HOWARD BEACH,01 ONE FAMILY DWELLINGS,1,14082,18,A1,164-26 89TH STREET,11414.0,1.0,0.0,1.0,4000.0,2500.0,1960.0,1,A1,850000,2019-04-11,queens,164-26 89TH STREET NYC
3,FLATBUSH-EAST,01 ONE FAMILY DWELLINGS,1,4719,42,A1,4707 TILDEN AVENUE,11203.0,1.0,0.0,1.0,2500.0,840.0,1910.0,1,A1,629000,2019-11-06,brooklyn,4707 TILDEN AVENUE NYC
5,NEW DORP-BEACH,01 ONE FAMILY DWELLINGS,1,4131,64,A5,132 PELICAN CIRCLE,10306.0,1.0,0.0,1.0,1263.0,1425.0,1997.0,1,A5,330000,2019-03-22,statenisland,132 PELICAN CIRCLE NYC
4,FLUSHING-NORTH,01 ONE FAMILY DWELLINGS,1,5762,38,A5,22-04 169TH STREET,11357.0,1.0,0.0,1.0,1800.0,1188.0,1950.0,1,A5,720000,2019-11-19,queens,22-04 169TH STREET NYC
3,BENSONHURST,02 TWO FAMILY DWELLINGS,1,6194,56,B2,1839 73RD STREET,11204.0,2.0,0.0,2.0,2500.0,1860.0,1930.0,1,B2,1150000,2019-04-10,brooklyn,1839 73RD STREET NYC
4,SOUTH JAMAICA,02 TWO FAMILY DWELLINGS,1,12160,5,B3,110-39 156TH STREET,11433.0,2.0,0.0,2.0,2500.0,1188.0,1920.0,1,B3,688000,2019-10-23,queens,110-39 156TH STREET NYC
3,BOROUGH PARK,02 TWO FAMILY DWELLINGS,1,5687,68,B1,927 57TH STREET,11219.0,2.0,0.0,2.0,2500.0,2320.0,1930.0,1,B1,1870000,2019-08-28,brooklyn,927 57TH STREET NYC
5,MARINERS HARBOR,01 ONE FAMILY DWELLINGS,1,1184,7,A5,318 LAKE AVENUE,10303.0,1.0,0.0,1.0,2200.0,2112.0,1988.0,1,A5,320424,2019-06-10,statenisland,318 LAKE AVENUE NYC
3,FLATLANDS,01 ONE FAMILY DWELLINGS,1,7773,34,A1,1751 SCHENECTADY AVENUE,11234.0,1.0,0.0,1.0,2067.0,1664.0,1930.0,1,A1,344500,2019-06-03,brooklyn,1751 SCHENECTADY AVENUE NYC
3,BOROUGH PARK,03 THREE FAMILY DWELLINGS,1,5649,49,C0,1371 51ST STREET,11219.0,3.0,0.0,3.0,2003.0,3120.0,1975.0,1,C0,503000,2019-04-03,brooklyn,1371 51ST STREET NYC
5,GREAT KILLS,02 TWO FAMILY DWELLINGS,1,4477,12,B2,34 BLYTHE PLACE,10306.0,2.0,0.0,2.0,3488.0,2330.0,1986.0,1,B2,454521,2019-01-25,statenisland,34 BLYTHE PLACE NYC
4,BAYSIDE,01 ONE FAMILY DWELLINGS,1,6052,6,A1,29-37 212 STREET,11360.0,1.0,0.0,1.0,3742.0,1202.0,1930.0,1,A1,975000,2019-06-03,queens,29-37 212 STREET NYC
4,ST. ALBANS,01 ONE FAMILY DWELLINGS,1,10964,130,A5,111-41 205TH ST,11412.0,1.0,0.0,1.0,1800.0,1080.0,1940.0,1,A5,471000,2019-04-12,queens,111-41 205TH ST NYC
5,BULLS HEAD,01 ONE FAMILY DWELLINGS,1,1681,133,A5,43 DOREEN DRIVE,10303.0,1.0,0.0,1.0,3003.0,1159.0,1988.0,1,A5,400000,2019-12-17,statenisland,43 DOREEN DRIVE NYC
3,BOROUGH PARK,03 THREE FAMILY DWELLINGS,1,6582,101,C0,6018 24TH AVENUE,11204.0,3.0,0.0,3.0,2784.0,4266.0,1930.0,1,C0,1175000,2019-09-24,brooklyn,6018 24TH AVENUE NYC
4,ST. ALBANS,02 TWO FAMILY DWELLINGS,1,12619,36,B2,117-11 198TH STREET,11412.0,2.0,0.0,2.0,4000.0,1764.0,1960.0,1,B2,565000,2019-05-08,queens,117-11 198TH STREET NYC
2,PELHAM PARKWAY NORTH,02 TWO FAMILY DWELLINGS,1,4452,50,B1,1080 ALLERTON AVE,10469.0,2.0,0.0,2.0,1900.0,1966.0,1965.0,1,B1,665000,2019-10-29,bronx,1080 ALLERTON AVE NYC
4,SOUTH OZONE PARK,01 ONE FAMILY DWELLINGS,1,11670,35,A1,126-11 116TH AVENUE,11420.0,1.0,0.0,1.0,2000.0,896.0,1930.0,1,A1,465000,2019-02-04,queens,126-11 116TH AVENUE NYC
5,TOMPKINSVILLE,02 TWO FAMILY DWELLINGS,1,576,132,B2,9 ROSEWOOD PLACE,10304.0,2.0,0.0,2.0,2800.0,2300.0,1910.0,1,B2,690000,2019-02-25,statenisland,9 ROSEWOOD PLACE NYC
4,HOWARD BEACH,01 ONE FAMILY DWELLINGS,1,14069,139,A1,85-11 164TH AVENUE,11414.0,1.0,0.0,1.0,4000.0,2192.0,1965.0,1,A1,730000,2019-07-02,queens,85-11 164TH AVENUE NYC
5,TOTTENVILLE,01 ONE FAMILY DWELLINGS,1,7899,39,A5,17 BRIGHTON STREET,10307.0,1.0,0.0,1.0,2312.0,1744.0,2005.0,1,A5,385320,2019-08-16,statenisland,17 BRIGHTON STREET NYC
4,ST. ALBANS,01 ONE FAMILY DWELLINGS,1,10427,4,A1,188-08 MANGIN AVENUE,11412.0,1.0,0.0,1.0,3000.0,1324.0,1930.0,1,A1,370000,2019-05-02,queens,188-08 MANGIN AVENUE NYC
5,PORT RICHMOND,02 TWO FAMILY DWELLINGS,1,1092,64,B2,105 HATFIELD PLACE,10302.0,2.0,0.0,2.0,3742.0,1804.0,1925.0,1,B2,602000,2019-11-12,statenisland,105 HATFIELD PLACE NYC
4,BAYSIDE,01 ONE FAMILY DWELLINGS,1,6145,40,A5,36-37 FRANCIS LEWIS BOULEVARD,11358.0,1.0,0.0,1.0,1444.0,1260.0,1965.0,1,A5,755000,2019-04-10,queens,36-37 FRANCIS LEWIS BOULEVARD NYC
4,RICHMOND HILL,01 ONE FAMILY DWELLINGS,1,9604,14,A1,107-16 125TH STREET,11419.0,1.0,0.0,1.0,2000.0,1170.0,1925.0,1,A1,570000,2019-06-26,queens,107-16 125TH STREET NYC
4,QUEENS VILLAGE,01 ONE FAMILY DWELLINGS,1,11089,9,A1,99-21 215TH STREET,11429.0,1.0,0.0,1.0,3750.0,1624.0,1930.0,1,A1,580000,2019-07-19,queens,99-21 215TH STREET NYC
4,RICHMOND HILL,01 ONE FAMILY DWELLINGS,1,9183,39,A1,102-31 85TH ROAD,11418.0,1.0,0.0,1.0,2000.0,1225.0,1905.0,1,A1,530000,2019-10-04,queens,102-31 85TH ROAD NYC
2,WAKEFIELD,01 ONE FAMILY DWELLINGS,1,5091,17,A1,4424 BRUNER AVENUE,10466.0,1.0,0.0,1.0,2435.0,1122.0,1925.0,1,A1,440000,2019-05-20,bronx,4424 BRUNER AVENUE NYC
5,MIDLAND BEACH,01 ONE FAMILY DWELLINGS,1,3809,22,A5,214 COLONY AVENUE,10306.0,1.0,0.0,1.0,2000.0,1140.0,1987.0,1,A5,307000,2019-01-22,statenisland,214 COLONY AVENUE NYC
4,ROSEDALE,01 ONE FAMILY DWELLINGS,1,13587,13,A2,144-31 256 STREET,11422.0,1.0,0.0,1.0,4200.0,900.0,1945.0,1,A2,420000,2019-02-08,queens,144-31 256 STREET NYC
3,FLATLANDS,01 ONE FAMILY DWELLINGS,1,7752,34,A5,1187 EAST 48TH,11234.0,1.0,0.0,1.0,2350.0,1341.0,1940.0,1,A5,570000,2019-08-30,brooklyn,1187 EAST 48TH NYC
4,SOUTH OZONE PARK,01 ONE FAMILY DWELLINGS,1,11658,32,A1,11448 133 STREET,11420.0,1.0,0.0,1.0,2367.0,1568.0,1930.0,1,A1,656000,2019-01-25,queens,11448 133 STREET NYC
5,NEW SPRINGVILLE,01 ONE FAMILY DWELLINGS,1,2118,61,A5,181 PARK DRIVE NORTH,10314.0,1.0,0.0,1.0,2300.0,1246.0,1975.0,1,A5,510000,2019-04-29,statenisland,181 PARK DRIVE NORTH NYC
4,WOODHAVEN,02 TWO FAMILY DWELLINGS,1,8963,94,S2,90-38 84TH STREET,11421.0,2.0,1.0,3.0,1029.0,1900.0,1920.0,1,S2,684000,2019-01-09,queens,90-38 84TH STREET NYC
5,GREAT KILLS,01 ONE FAMILY DWELLINGS,1,5515,1,A1,465 LAMOKA AVENUE,10312.0,1.0,0.0,1.0,4200.0,2380.0,2004.0,1,A1,754900,2019-06-21,statenisland,465 LAMOKA AVENUE NYC
2,WILLIAMSBRIDGE,02 TWO FAMILY DWELLINGS,1,4820,9,B2,3985 CARPENTER AVENUE,10466.0,2.0,0.0,2.0,2581.0,2180.0,1901.0,1,B2,775000,2019-09-27,bronx,3985 CARPENTER AVENUE NYC
3,CROWN HEIGHTS,22 STORE BUILDINGS,4,1384,45,K2,242 UTICA AVENUE,11213.0,0.0,2.0,2.0,1406.0,2040.0,1925.0,4,K2,1100000,2019-04-08,brooklyn,242 UTICA AVENUE NYC
2,MORRISANIA/LONGWOOD,02 TWO FAMILY DWELLINGS,1,2684,136,B2,563 FOX STREET,10455.0,2.0,0.0,2.0,3500.0,2340.0,1990.0,1,B2,720000,2019-07-26,bronx,563 FOX STREET NYC
4,FLORAL PARK,01 ONE FAMILY DWELLINGS,1,8693,8,A0,79-11 256TH STREET,11004.0,1.0,0.0,1.0,4000.0,1128.0,1945.0,1,A0,660000,2019-03-28,queens,79-11 256TH STREET NYC
5,TOTTENVILLE,01 ONE FAMILY DWELLINGS,1,7862,58,A1,615 YETMAN AVE,10307.0,1.0,0.0,1.0,2500.0,1620.0,2002.0,1,A1,685000,2019-07-26,statenisland,615 YETMAN AVE NYC
4,ST. ALBANS,01 ONE FAMILY DWELLINGS,1,11030,90,A1,11450 212TH STREET,11411.0,1.0,0.0,1.0,2400.0,1280.0,1930.0,1,A1,450000,2019-09-17,queens,11450 212TH STREET NYC
3,CROWN HEIGHTS,33 EDUCATIONAL FACILITIES,4,1414,51,W2,771 CROWN STREET,11213.0,0.0,2.0,2.0,3258.0,3200.0,1930.0,4,W2,1600000,2019-07-02,brooklyn,771 CROWN STREET NYC
2,COUNTRY CLUB,02 TWO FAMILY DWELLINGS,1,5406,128,B1,3214 RAWLINS AVENUE,10465.0,2.0,0.0,2.0,2913.0,1805.0,1965.0,1,B1,710000,2019-06-05,bronx,3214 RAWLINS AVENUE NYC
4,FLUSHING-NORTH,02 TWO FAMILY DWELLINGS,1,4998,34,B1,34-22 149TH PLACE,11354.0,2.0,0.0,2.0,3250.0,1624.0,2008.0,1,B1,1286000,2019-09-24,queens,34-22 149TH PLACE NYC
3,OLD MILL BASIN,02 TWO FAMILY DWELLINGS,1,7877,48,B2,5224 AVENUE M,11234.0,2.0,0.0,2.0,3200.0,2178.0,1932.0,1,B2,661863,2019-05-01,brooklyn,5224 AVENUE M NYC
2,MELROSE/CONCOURSE,03 THREE FAMILY DWELLINGS,1,2423,15,C0,291 BONNER PLACE,10456.0,3.0,0.0,3.0,1875.0,3339.0,1901.0,1,C0,630000,2019-02-28,bronx,291 BONNER PLACE NYC
4,FLUSHING-NORTH,01 ONE FAMILY DWELLINGS,1,5566,27,A5,47-10 169TH STREET,11358.0,1.0,0.0,1.0,2500.0,1020.0,1955.0,1,A5,655000,2019-05-17,queens,47-10 169TH STREET NYC
2,BAYCHESTER,02 TWO FAMILY DWELLINGS,1,4799,103,B1,2885 GRACE AVENUE,10469.0,2.0,0.0,2.0,1588.0,3201.0,2006.0,1,B1,499000,2019-04-05,bronx,2885 GRACE AVENUE NYC
4,CORONA,03 THREE FAMILY DWELLINGS,1,1726,27,C0,33-32 112TH STREET,11368.0,3.0,0.0,3.0,1477.0,2141.0,2007.0,1,C0,980000,2019-10-09,queens,33-32 112TH STREET NYC
3,MARINE PARK,01 ONE FAMILY DWELLINGS,1,7887,57,A1,1728 COLEMAN STREET,11234.0,1.0,0.0,1.0,2000.0,1372.0,1920.0,1,A1,650000,2019-04-16,brooklyn,1728 COLEMAN STREET NYC
2,WAKEFIELD,02 TWO FAMILY DWELLINGS,1,5076,62,B3,4565 MATILDA AVENUE,10470.0,2.0,0.0,2.0,1700.0,1728.0,1910.0,1,B3,475000,2019-10-31,bronx,4565 MATILDA AVENUE NYC
4,HOWARD BEACH,01 ONE FAMILY DWELLINGS,1,13980,52,A1,158-23 81 STREET,11414.0,1.0,0.0,1.0,4400.0,2400.0,1955.0,1,A1,365000,2019-10-23,queens,158-23 81 STREET NYC
3,DYKER HEIGHTS,02 TWO FAMILY DWELLINGS,1,5902,37,B1,7112 10TH AVENUE,11228.0,2.0,0.0,2.0,1600.0,2820.0,1910.0,1,B1,1250000,2019-04-02,brooklyn,7112 10TH AVENUE NYC
5,PRINCES BAY,02 TWO FAMILY DWELLINGS,1,6979,33,B9,47 SANTA MONICA LANE,10309.0,2.0,0.0,2.0,2968.0,1492.0,2004.0,1,B9,730000,2019-08-22,statenisland,47 SANTA MONICA LANE NYC
4,FAR ROCKAWAY,02 TWO FAMILY DWELLINGS,1,15754,35,B2,661 NASBY PLACE,11691.0,2.0,0.0,2.0,2538.0,1870.0,2000.0,1,B2,550000,2019-02-25,queens,661 NASBY PLACE NYC
5,MARINERS HARBOR,01 ONE FAMILY DWELLINGS,1,1181,9,A1,69 WESTBROOK AVENUE,10303.0,1.0,0.0,1.0,2500.0,1584.0,1925.0,1,A1,440000,2019-10-02,statenisland,69 WESTBROOK AVENUE NYC
4,CAMBRIA HEIGHTS,01 ONE FAMILY DWELLINGS,1,11295,45,A2,115-18 CROSS ISLAND PARKWAY,11411.0,1.0,0.0,1.0,4180.0,995.0,1945.0,1,A2,575000,2019-07-02,queens,115-18 CROSS ISLAND PARKWAY NYC
5,CASTLETON CORNERS,01 ONE FAMILY DWELLINGS,1,374,133,A1,16 ELMIRA AVENUE,10314.0,1.0,0.0,1.0,4000.0,1416.0,1930.0,1,A1,665000,2019-05-31,statenisland,16 ELMIRA AVENUE NYC
4,ST. ALBANS,01 ONE FAMILY DWELLINGS,1,11033,32,A1,191-54 115TH ROAD,11412.0,1.0,0.0,1.0,2650.0,1846.0,1930.0,1,A1,390000,2019-07-11,queens,191-54 115TH ROAD NYC
5,WESTERLEIGH,01 ONE FAMILY DWELLINGS,1,1436,21,A1,63 RIEGELMANN STREET,10302.0,1.0,0.0,1.0,4770.0,2592.0,1930.0,1,A1,730000,2019-11-13,statenisland,63 RIEGELMANN STREET NYC
3,BENSONHURST,02 TWO FAMILY DWELLINGS,1,6162,31,B2,1960 BAY RIDGE AVENUE,11204.0,2.0,0.0,2.0,4000.0,1980.0,1930.0,1,B2,1500000,2019-12-19,brooklyn,1960 BAY RIDGE AVENUE NYC
3,CYPRESS HILLS,01 ONE FAMILY DWELLINGS,1,3927,20,A1,143 LINWOOD STREET,11208.0,1.0,0.0,1.0,2180.0,1190.0,1910.0,1,A1,670000,2019-06-17,brooklyn,143 LINWOOD STREET NYC
4,JACKSON HEIGHTS,02 TWO FAMILY DWELLINGS,1,1120,22,B1,30-22 72ND STREET,11370.0,2.0,0.0,2.0,2200.0,1736.0,1960.0,1,B1,965000,2019-06-28,queens,30-22 72ND STREET NYC
4,FLUSHING-NORTH,01 ONE FAMILY DWELLINGS,1,4880,22,A2,160-39 23RD AVENUE,11357.0,1.0,0.0,1.0,3564.0,1200.0,1960.0,1,A2,825000,2019-06-25,queens,160-39 23RD AVENUE NYC
3,BEDFORD STUYVESANT,02 TWO FAMILY DWELLINGS,1,1791,19,B2,720 LAFAYETTE AVENUE,11221.0,2.0,0.0,2.0,1942.0,2409.0,2017.0,1,B2,993810,2019-08-20,brooklyn,720 LAFAYETTE AVENUE NYC
3,BAY RIDGE,01 ONE FAMILY DWELLINGS,1,5988,54,A5,367 81ST STREET,11209.0,1.0,0.0,1.0,2187.0,1328.0,1910.0,1,A5,1115000,2019-07-12,brooklyn,367 81ST STREET NYC
2,MORRISANIA/LONGWOOD,37 RELIGIOUS FACILITIES,4,2621,64,M1,959 CAULDWELL AVENUE,10456.0,0.0,1.0,1.0,3717.0,3404.0,1968.0,4,M1,1010000,2019-08-27,bronx,959 CAULDWELL AVENUE NYC
3,MARINE PARK,01 ONE FAMILY DWELLINGS,1,8519,44,A5,2006 EAST 34TH STREET,11234.0,1.0,0.0,1.0,1800.0,1939.0,1935.0,1,A5,700000,2019-04-08,brooklyn,2006 EAST 34TH STREET NYC
2,SOUNDVIEW,02 TWO FAMILY DWELLINGS,1,3752,6,B9,1767 WATSON AVE,10472.0,2.0,0.0,2.0,1975.0,2650.0,1955.0,1,B9,750000,2019-10-08,bronx,1767 WATSON AVE NYC
3,EAST NEW YORK,02 TWO FAMILY DWELLINGS,1,4169,22,B1,160 WELDON ST,11208.0,2.0,0.0,2.0,2392.0,2886.0,2002.0,1,B1,810000,2019-08-26,brooklyn,160 WELDON ST NYC
3,MARINE PARK,01 ONE FAMILY DWELLINGS,1,8477,31,A9,1821 EAST 33RD STREET,11234.0,1.0,0.0,1.0,1950.0,1218.0,1925.0,1,A9,700000,2019-11-14,brooklyn,1821 EAST 33RD STREET NYC
4,SO. JAMAICA-BAISLEY PARK,01 ONE FAMILY DWELLINGS,1,11996,115,A1,116-36 139TH STREET,11436.0,1.0,0.0,1.0,2496.0,1043.0,1920.0,1,A1,315000,2019-10-29,queens,116-36 139TH STREET NYC
3,SHEEPSHEAD BAY,03 THREE FAMILY DWELLINGS,1,7349,51,C0,2165 EAST 16TH STREET,11229.0,3.0,0.0,3.0,2000.0,3400.0,1960.0,1,C0,1350000,2019-10-21,brooklyn,2165 EAST 16TH STREET NYC
3,BOROUGH PARK,02 TWO FAMILY DWELLINGS,1,5687,31,B1,958 56TH STREET,11219.0,2.0,0.0,2.0,2329.0,1856.0,1925.0,1,B1,1500000,2019-12-27,brooklyn,958 56TH STREET NYC
3,CANARSIE,02 TWO FAMILY DWELLINGS,1,8262,65,B2,1446 E 98TH STREET,11236.0,2.0,0.0,2.0,1986.0,1512.0,1925.0,1,B2,383500,2019-08-21,brooklyn,1446 E 98TH STREET NYC
5,ROSSVILLE,01 ONE FAMILY DWELLINGS,1,7066,6,A5,1066 ROSSVILLE AVE,10309.0,1.0,0.0,1.0,1625.0,2045.0,2005.0,1,A5,515000,2019-10-15,statenisland,1066 ROSSVILLE AVE NYC
3,OCEAN PARKWAY-NORTH,01 ONE FAMILY DWELLINGS,1,5373,23,A1,520 EAST 5TH STREET,11218.0,1.0,0.0,1.0,2025.0,1154.0,1925.0,1,A1,900000,2019-02-12,brooklyn,520 EAST 5TH STREET NYC
3,CANARSIE,02 TWO FAMILY DWELLINGS,1,8217,39,B1,1293 REMSEN AVENUE,11236.0,2.0,0.0,2.0,1992.0,1850.0,1960.0,1,B1,750000,2019-04-23,brooklyn,1293 REMSEN AVENUE NYC
5,NEW DORP-HEIGHTS,01 ONE FAMILY DWELLINGS,1,949,107,A5,96 BEACON AVENUE,10306.0,1.0,0.0,1.0,2500.0,1216.0,1960.0,1,A5,435901,2019-04-26,statenisland,96 BEACON AVENUE NYC
4,LAURELTON,01 ONE FAMILY DWELLINGS,1,13124,1,A2,137-48 220TH STREET,11413.0,1.0,0.0,1.0,4400.0,1063.0,1955.0,1,A2,465000,2019-09-18,queens,137-48 220TH STREET NYC
5,WILLOWBROOK,01 ONE FAMILY DWELLINGS,1,1977,31,A1,44 DOROTHY STREET,10314.0,1.0,0.0,1.0,4000.0,2130.0,1965.0,1,A1,750000,2019-08-01,statenisland,44 DOROTHY STREET NYC
4,ASTORIA,03 THREE FAMILY DWELLINGS,1,567,20,C0,23-11A BROADWAY,11106.0,3.0,0.0,3.0,3975.0,2862.0,1927.0,1,C0,1500000,2019-06-20,queens,23-11A BROADWAY NYC
3,PARK SLOPE SOUTH,02 TWO FAMILY DWELLINGS,1,1108,72,B9,19 WINDSOR PLACE,11215.0,2.0,0.0,2.0,1883.0,2268.0,1901.0,1,B9,1971000,2019-10-28,brooklyn,19 WINDSOR PLACE NYC
5,NEW SPRINGVILLE,01 ONE FAMILY DWELLINGS,1,2376,127,A5,249 MONAHAN AVENUE,10314.0,1.0,0.0,1.0,2523.0,1452.0,1980.0,1,A5,420810,2019-01-23,statenisland,249 MONAHAN AVENUE NYC
2,BRONXDALE,02 TWO FAMILY DWELLINGS,1,4586,8,B1,1281 ARNOW AVENUE,10469.0,2.0,0.0,2.0,2200.0,1886.0,1950.0,1,B1,496353,2019-11-15,bronx,1281 ARNOW AVENUE NYC
2,PELHAM PARKWAY NORTH,01 ONE FAMILY DWELLINGS,1,4457,19,A5,2536 YATES AVENUE,10469.0,1.0,0.0,1.0,2500.0,1980.0,1940.0,1,A5,635000,2019-10-29,bronx,2536 YATES AVENUE NYC
4,HILLCREST,02 TWO FAMILY DWELLINGS,1,7041,5,B3,82-41 166TH STREET,11432.0,2.0,0.0,2.0,3512.0,1758.0,1940.0,1,B3,720000,2019-12-23,queens,82-41 166TH STREET NYC
2,WILLIAMSBRIDGE,07 RENTALS - WALKUP APARTMENTS,2A,4867,43,C3,4154 BRONXWOOD AVE,10466.0,4.0,0.0,4.0,3400.0,2226.0,1934.0,2,C3,340000,2019-10-31,bronx,4154 BRONXWOOD AVE NYC
4,ST. ALBANS,02 TWO FAMILY DWELLINGS,1,11071,50,B1,116-40 200TH STREET,11412.0,2.0,0.0,2.0,3000.0,1920.0,2010.0,1,B1,855000,2019-11-12,queens,116-40 200TH STREET NYC
3,GRAVESEND,01 ONE FAMILY DWELLINGS,1,7169,43,A5,501 VAN SICKLEN STREET,11223.0,1.0,0.0,1.0,1404.0,1962.0,1901.0,1,A5,775000,2019-12-03,brooklyn,501 VAN SICKLEN STREET NYC
3,BROWNSVILLE,03 THREE FAMILY DWELLINGS,1,3554,28,C0,2020 STRAUSS STREET,11212.0,3.0,0.0,3.0,2900.0,3600.0,2002.0,1,C0,1046348,2019-03-29,brooklyn,2020 STRAUSS STREET NYC
3,MIDWOOD,02 TWO FAMILY DWELLINGS,1,6749,37,B2,1470 EAST 12TH STREET,11230.0,2.0,0.0,2.0,2667.0,2360.0,1925.0,1,B2,1390000,2019-12-24,brooklyn,1470 EAST 12TH STREET NYC
4,ASTORIA,02 TWO FAMILY DWELLINGS,1,758,22,B1,22-15 48TH STREET,11105.0,2.0,0.0,2.0,2200.0,2000.0,1960.0,1,B1,1155000,2019-10-15,queens,22-15 48TH STREET NYC
4,HOWARD BEACH,02 TWO FAMILY DWELLINGS,1,14166,46,B2,158-31 96TH STREET,11414.0,2.0,0.0,2.0,4000.0,2288.0,1950.0,1,B2,680000,2019-01-11,queens,158-31 96TH STREET NYC
4,SOUTH JAMAICA,03 THREE FAMILY DWELLINGS,1,10043,20,C0,144-27 105TH AVENUE,11435.0,3.0,0.0,3.0,2500.0,1784.0,1920.0,1,C0,819000,2019-11-18,queens,144-27 105TH AVENUE NYC
5,GREAT KILLS,01 ONE FAMILY DWELLINGS,1,5275,99,A5,37 OSBORN AVENUE,10308.0,1.0,0.0,1.0,2900.0,1340.0,1990.0,1,A5,535000,2019-11-07,statenisland,37 OSBORN AVENUE NYC
2,PELHAM PARKWAY NORTH,01 ONE FAMILY DWELLINGS,1,4463,30,A5,2558 STEDMAN PLACE,10469.0,1.0,0.0,1.0,2250.0,1584.0,1960.0,1,A5,515000,2019-02-15,bronx,2558 STEDMAN PLACE NYC
5,PORT RICHMOND,01 ONE FAMILY DWELLINGS,1,1046,71,A1,55 CLINTON PLACE,10302.0,1.0,0.0,1.0,3742.0,1472.0,1910.0,1,A1,575000,2019-06-13,statenisland,55 CLINTON PLACE NYC
4,ARVERNE,01 ONE FAMILY DWELLINGS,1,16031,15,A9,5-34 BEACH 65 STREET,11692.0,1.0,0.0,1.0,2500.0,1925.0,1960.0,1,A9,440000,2019-11-14,queens,5-34 BEACH 65 STREET NYC
2,MORRIS PARK/VAN NEST,02 TWO FAMILY DWELLINGS,1,4271,31,B3,1911 HAIGHT AVENUE,10461.0,2.0,0.0,2.0,2500.0,1704.0,1925.0,1,B3,645000,2019-06-28,bronx,1911 HAIGHT AVENUE NYC
5,MARINERS HARBOR,01 ONE FAMILY DWELLINGS,1,1165,59,A5,132 LAKE AVENUE,10303.0,1.0,0.0,1.0,1750.0,1500.0,2000.0,1,A5,455000,2019-05-01,statenisland,132 LAKE AVENUE NYC
3,MADISON,01 ONE FAMILY DWELLINGS,1,7301,22,A1,1940 EAST 23RD STREET,11229.0,1.0,0.0,1.0,2850.0,1762.0,1920.0,1,A1,999000,2019-12-11,brooklyn,1940 EAST 23RD STREET NYC
4,FLUSHING-NORTH,01 ONE FAMILY DWELLINGS,1,5615,5,A5,47-59 196TH STREET,11358.0,1.0,0.0,1.0,2000.0,960.0,1960.0,1,A5,665000,2019-08-02,queens,47-59 196TH STREET NYC
3,OCEAN PARKWAY-SOUTH,02 TWO FAMILY DWELLINGS,1,7204,18,B1,746 AVENUE X,11235.0,2.0,0.0,2.0,3383.0,2566.0,1945.0,1,B1,1200000,2019-11-05,brooklyn,746 AVENUE X NYC
3,BAY RIDGE,01 ONE FAMILY DWELLINGS,1,5942,73,A1,537 76TH STREET,11209.0,1.0,0.0,1.0,3000.0,1716.0,1920.0,1,A1,1090000,2019-06-27,brooklyn,537 76TH STREET NYC
5,WESTERLEIGH,01 ONE FAMILY DWELLINGS,1,390,16,A1,18 BURNSIDE AVENUE,10302.0,1.0,0.0,1.0,3200.0,1008.0,1920.0,1,A1,499900,2019-06-21,statenisland,18 BURNSIDE AVENUE NYC
3,FLATBUSH-EAST,01 ONE FAMILY DWELLINGS,1,4993,34,A1,1424 SCHENECTADY AVENUE,11203.0,1.0,0.0,1.0,3000.0,1098.0,1925.0,1,A1,560000,2019-02-28,brooklyn,1424 SCHENECTADY AVENUE NYC
3,WINDSOR TERRACE,02 TWO FAMILY DWELLINGS,1,872,50,B1,607 17TH STREET,11218.0,2.0,0.0,2.0,1803.0,1920.0,1960.0,1,B9,1650000,2019-07-25,brooklyn,607 17TH STREET NYC
5,OAKWOOD,01 ONE FAMILY DWELLINGS,1,4666,28,A1,269 ADELAIDE AVENUE,10306.0,1.0,0.0,1.0,4500.0,1584.0,1965.0,1,A1,650000,2019-08-20,statenisland,269 ADELAIDE AVENUE NYC
4,MIDDLE VILLAGE,03 THREE FAMILY DWELLINGS,1,3775,140,C0,67-66 78TH STREET,11379.0,3.0,0.0,3.0,2400.0,2160.0,1955.0,1,C0,885000,2019-05-01,queens,67-66 78TH STREET NYC
3,CANARSIE,02 TWO FAMILY DWELLINGS,1,8303,29,B1,1439 EAST 100TH STREET,11236.0,2.0,0.0,2.0,2000.0,1560.0,1960.0,1,B1,640000,2019-09-10,brooklyn,1439 EAST 100TH STREET NYC
3,MARINE PARK,01 ONE FAMILY DWELLINGS,1,8502,19,A9,1953 EAST 35TH STREET,11234.0,1.0,0.0,1.0,2350.0,1064.0,1925.0,1,A9,715000,2019-03-29,brooklyn,1953 EAST 35TH STREET NYC
4,MASPETH,02 TWO FAMILY DWELLINGS,1,2692,108,B1,59-15 57TH ROAD,11378.0,2.0,0.0,2.0,2525.0,1800.0,1940.0,1,B1,871325,2019-03-15,queens,59-15 57TH ROAD NYC
4,COLLEGE POINT,02 TWO FAMILY DWELLINGS,1,4019,114,B1,114-36 TAIPEI COURT,11356.0,2.0,0.0,2.0,1400.0,2400.0,2017.0,1,B1,875695,2019-12-10,queens,114-36 TAIPEI COURT NYC
4,SPRINGFIELD GARDENS,02 TWO FAMILY DWELLINGS,1,12270,49,B3,161-44 128TH AVENUE,11434.0,2.0,0.0,2.0,3040.0,1198.0,1945.0,1,B3,324247,2019-08-30,queens,161-44 128TH AVENUE NYC
4,SOUTH OZONE PARK,01 ONE FAMILY DWELLINGS,1,11698,39,A1,134-05 120TH AVENUE,11420.0,1.0,0.0,1.0,2000.0,920.0,1905.0,1,A1,415000,2019-12-30,queens,134-05 120TH AVENUE NYC
3,CANARSIE,02 TWO FAMILY DWELLINGS,1,8296,32,B9,1621 CANARSIE ROAD,11236.0,2.0,0.0,2.0,2275.0,3300.0,1960.0,1,B9,795000,2019-02-22,brooklyn,1621 CANARSIE ROAD NYC
3,BENSONHURST,02 TWO FAMILY DWELLINGS,1,6204,48,S2,7318 18TH AVENUE,11204.0,2.0,1.0,3.0,1449.0,3534.0,1931.0,1,S2,1250000,2019-08-09,brooklyn,7318 18TH AVENUE NYC
4,FLUSHING-NORTH,01 ONE FAMILY DWELLINGS,1,5621,8,A2,48-44 186TH STREET,11365.0,1.0,0.0,1.0,3478.0,1306.0,1920.0,1,A2,725000,2019-10-30,queens,48-44 186TH STREET NYC
5,OAKWOOD,01 ONE FAMILY DWELLINGS,1,4268,30,A5,8 PENN AVENUE,10306.0,1.0,0.0,1.0,2640.0,1848.0,1970.0,1,A5,670000,2019-12-16,statenisland,8 PENN AVENUE NYC
2,WAKEFIELD,01 ONE FAMILY DWELLINGS,1,5050,23,A5,4346 BOYD AVENUE,10466.0,1.0,0.0,1.0,2450.0,1568.0,1925.0,1,A5,555000,2019-09-26,bronx,4346 BOYD AVENUE NYC
5,NEW DORP-BEACH,01 ONE FAMILY DWELLINGS,1,4043,13,A5,35 MILTON AVENUE,10306.0,1.0,0.0,1.0,3000.0,1700.0,2005.0,1,A5,665000,2019-12-09,statenisland,35 MILTON AVENUE NYC
3,CROWN HEIGHTS,03 THREE FAMILY DWELLINGS,1,1346,6,C0,139 ALBANY AVE,11213.0,3.0,0.0,3.0,2250.0,3900.0,2004.0,1,C0,1020000,2019-02-26,brooklyn,139 ALBANY AVE NYC
3,FLATBUSH-EAST,02 TWO FAMILY DWELLINGS,1,7769,39,B1,1035 EAST 43RD STREET,11210.0,2.0,0.0,2.0,2000.0,2220.0,1940.0,1,B1,400000,2019-12-16,brooklyn,1035 EAST 43RD STREET NYC
4,CORONA,02 TWO FAMILY DWELLINGS,1,1972,15,B3,58-17 VAN CLEEF STREET,11368.0,2.0,0.0,2.0,1800.0,1974.0,1950.0,1,B3,860000,2019-07-31,queens,58-17 VAN CLEEF STREET NYC
3,BRIGHTON BEACH,22 STORE BUILDINGS,4,8670,44,K2,225 BRIGHTON BEACH AVENUE,11235.0,0.0,2.0,2.0,2000.0,2480.0,1925.0,4,K2,1500000,2019-10-08,brooklyn,225 BRIGHTON BEACH AVENUE NYC
4,ASTORIA,01 ONE FAMILY DWELLINGS,1,865,105,A5,23-83 24TH STREET,11105.0,1.0,0.0,1.0,2000.0,1827.0,1935.0,1,A5,1150000,2019-12-12,queens,23-83 24TH STREET NYC
3,BEDFORD STUYVESANT,03 THREE FAMILY DWELLINGS,1,1869,13,C0,292 HERKIMER STREET,11216.0,3.0,0.0,3.0,1505.0,2268.0,1901.0,1,C0,1350000,2019-07-01,brooklyn,292 HERKIMER STREET NYC
4,ASTORIA,02 TWO FAMILY DWELLINGS,1,773,49,B1,20-44 46TH STREET,11105.0,2.0,0.0,2.0,2500.0,2400.0,1935.0,1,B1,1075000,2019-05-29,queens,20-44 46TH STREET NYC
3,EAST NEW YORK,02 TWO FAMILY DWELLINGS,1,4263,36,B3,318 FOUNTAIN AVENUE,11208.0,2.0,0.0,2.0,2650.0,2000.0,1921.0,1,B3,400000,2019-07-25,brooklyn,318 FOUNTAIN AVENUE NYC
4,ST. ALBANS,01 ONE FAMILY DWELLINGS,1,10969,82,A1,19127 113TH AVENUE,11412.0,1.0,0.0,1.0,3600.0,1568.0,1930.0,1,A1,410000,2019-05-23,queens,19127 113TH AVENUE NYC
2,PELHAM PARKWAY SOUTH,02 TWO FAMILY DWELLINGS,1,4301,11,B1,2035 PAULDING AVENUE,10462.0,2.0,0.0,2.0,2500.0,1793.0,1940.0,1,B1,490000,2019-01-18,bronx,2035 PAULDING AVENUE NYC
4,ST. ALBANS,02 TWO FAMILY DWELLINGS,1,11005,69,B3,113-06 210TH STREET,11429.0,2.0,0.0,2.0,2950.0,1620.0,1920.0,1,B3,540000,2019-07-18,queens,113-06 210TH STREET NYC
5,WILLOWBROOK,01 ONE FAMILY DWELLINGS,1,1971,10,A5,54 RUPERT AVENUE,10314.0,1.0,0.0,1.0,2014.0,1738.0,1988.0,1,A5,545000,2019-07-15,statenisland,54 RUPERT AVENUE NYC
3,FLATBUSH-EAST,02 TWO FAMILY DWELLINGS,1,4950,64,B2,1269 NEW YORK AVENUE,11203.0,2.0,0.0,2.0,2000.0,1800.0,1920.0,1,B2,875000,2019-05-21,brooklyn,1269 NEW YORK AVENUE NYC
5,GREAT KILLS,01 ONE FAMILY DWELLINGS,1,5311,51,A5,65 WALNUT AVENUE,10308.0,1.0,0.0,1.0,3402.0,1298.0,1975.0,1,A5,477000,2019-01-23,statenisland,65 WALNUT AVENUE NYC
4,SO. JAMAICA-BAISLEY PARK,02 TWO FAMILY DWELLINGS,1,12365,5,B3,168-12 FOCH BOULEVARD,11434.0,2.0,0.0,2.0,2200.0,902.0,1945.0,1,B3,308105,2019-04-18,queens,168-12 FOCH BOULEVARD NYC
4,RICHMOND HILL,01 ONE FAMILY DWELLINGS,1,9303,62,A1,87-27 113TH STREET,11418.0,1.0,0.0,1.0,4000.0,2058.0,1910.0,1,A1,377500,2019-02-15,queens,87-27 113TH STREET NYC
2,MOUNT HOPE/MOUNT EDEN,02 TWO FAMILY DWELLINGS,1,2800,48,B2,247 EAST 175 STREET,10457.0,2.0,0.0,2.0,1967.0,2080.0,1901.0,1,B2,445000,2019-10-18,bronx,247 EAST 175 STREET NYC
3,EAST NEW YORK,02 TWO FAMILY DWELLINGS,1,3996,22,B3,364 BARBEY STREET,11207.0,2.0,0.0,2.0,2500.0,1176.0,1901.0,1,B3,350000,2019-08-20,brooklyn,364 BARBEY STREET NYC
4,OZONE PARK,02 TWO FAMILY DWELLINGS,1,9153,60,B3,105-39 88TH STREET,11417.0,2.0,0.0,2.0,2000.0,1584.0,1925.0,1,B3,685000,2019-03-29,queens,105-39 88TH STREET NYC
3,BUSHWICK,03 THREE FAMILY DWELLINGS,1,3392,39,C0,470 IRVING AVENUE,11237.0,3.0,0.0,3.0,1900.0,3300.0,1901.0,1,C0,1150000,2019-09-12,brooklyn,470 IRVING AVENUE NYC
3,EAST NEW YORK,03 THREE FAMILY DWELLINGS,1,4170,3,C0,397 CRESCENT STREET,11208.0,3.0,0.0,3.0,1707.0,3240.0,1930.0,1,C0,650000,2019-06-10,brooklyn,397 CRESCENT STREET NYC
4,JAMAICA,02 TWO FAMILY DWELLINGS,1,10004,47,B3,138-41 97TH AVENUE,11435.0,2.0,0.0,2.0,2575.0,2120.0,1920.0,1,B3,550000,2019-12-13,queens,138-41 97TH AVENUE NYC
4,RICHMOND HILL,02 TWO FAMILY DWELLINGS,1,9350,50,B2,91-31 118TH STREET,11418.0,2.0,0.0,2.0,3680.0,3040.0,1975.0,1,B2,1085000,2019-01-18,queens,91-31 118TH STREET NYC
3,WILLIAMSBURG-EAST,01 ONE FAMILY DWELLINGS,1,2875,29,A9,211 JACKSON STREET,11211.0,1.0,0.0,1.0,2500.0,1304.0,1910.0,1,A9,1240000,2019-09-13,brooklyn,211 JACKSON STREET NYC
4,QUEENS VILLAGE,01 ONE FAMILY DWELLINGS,1,11266,56,A2,11464 223RD STREET,11411.0,1.0,0.0,1.0,4400.0,945.0,1950.0,1,A2,485000,2019-12-30,queens,11464 223RD STREET NYC
4,GLENDALE,02 TWO FAMILY DWELLINGS,1,3827,37,B1,78-52 79TH STREET,11385.0,2.0,0.0,2.0,2825.0,2204.0,1920.0,1,B1,750000,2019-11-26,queens,78-52 79TH STREET NYC
4,ROSEDALE,01 ONE FAMILY DWELLINGS,1,13215,3,A2,244-15 135 AVENUE,11422.0,1.0,0.0,1.0,3300.0,1478.0,1925.0,1,A2,635000,2019-04-30,queens,244-15 135 AVENUE NYC
5,WILLOWBROOK,01 ONE FAMILY DWELLINGS,1,790,113,A2,240 MARTIN AVENUE,10314.0,1.0,0.0,1.0,4000.0,2180.0,1970.0,1,A2,725000,2019-12-18,statenisland,240 MARTIN AVENUE NYC
3,OCEAN HILL,02 TWO FAMILY DWELLINGS,1,1515,54,B1,359 MARION STREET,11233.0,2.0,0.0,2.0,1250.0,2400.0,1910.0,1,B1,1195000,2019-11-14,brooklyn,359 MARION STREET NYC
4,SPRINGFIELD GARDENS,01 ONE FAMILY DWELLINGS,1,12675,77,A2,120-15 193RD STREET,11412.0,1.0,0.0,1.0,3300.0,1110.0,1920.0,1,A2,540000,2019-06-28,queens,120-15 193RD STREET NYC
3,SUNSET PARK,01 ONE FAMILY DWELLINGS,1,899,45,A1,291 23RD STREET,11215.0,1.0,0.0,1.0,850.0,1326.0,1910.0,1,A1,1325000,2019-12-12,brooklyn,291 23RD STREET NYC
4,HOLLIS,01 ONE FAMILY DWELLINGS,1,10481,71,A1,90-48 199TH STREET,11423.0,1.0,0.0,1.0,2400.0,1280.0,1925.0,1,A1,595000,2019-12-16,queens,90-48 199TH STREET NYC
5,MIDLAND BEACH,02 TWO FAMILY DWELLINGS,1,3717,14,B2,428 STOBE AVENUE,10306.0,2.0,0.0,2.0,2688.0,1512.0,1980.0,1,B2,660000,2019-06-10,statenisland,428 STOBE AVENUE NYC
3,BAY RIDGE,02 TWO FAMILY DWELLINGS,1,5990,7,S2,8009 5 AVENUE,11209.0,2.0,1.0,3.0,1847.0,3654.0,1910.0,1,S2,1490000,2019-02-08,brooklyn,8009 5 AVENUE NYC
3,BENSONHURST,27 FACTORIES,4,6158,46,F5,6905 NEW UTRECHT AVENUE,11228.0,0.0,1.0,1.0,4302.0,3541.0,1931.0,4,F5,1850000,2019-09-04,brooklyn,6905 NEW UTRECHT AVENUE NYC
2,CASTLE HILL/UNIONPORT,02 TWO FAMILY DWELLINGS,1,3694,36,B2,2260 BRUCKNER BLVD,10473.0,2.0,0.0,2.0,2575.0,2830.0,1920.0,1,B2,460000,2019-04-25,bronx,2260 BRUCKNER BLVD NYC
2,SCHUYLERVILLE/PELHAM BAY,07 RENTALS - WALKUP APARTMENTS,2A,5389,39,C3,2875 ROEBLING AVENUE,10461.0,4.0,0.0,4.0,2375.0,2600.0,1924.0,2,C3,968889,2019-09-05,bronx,2875 ROEBLING AVENUE NYC
3,BUSHWICK,02 TWO FAMILY DWELLINGS,1,3382,43,B2,1223 JEFFERSON AVENUE,11221.0,2.0,0.0,2.0,2000.0,2700.0,1905.0,1,B2,900000,2019-12-05,brooklyn,1223 JEFFERSON AVENUE NYC
5,GREAT KILLS-BAY TERRACE,01 ONE FAMILY DWELLINGS,1,5102,28,A5,90 CRANFORD STREET,10308.0,1.0,0.0,1.0,2500.0,1176.0,1975.0,1,A5,572000,2019-08-29,statenisland,90 CRANFORD STREET NYC
5,NEW DORP-BEACH,02 TWO FAMILY DWELLINGS,1,4067,18,B2,80 HETT AVENUE,10306.0,2.0,0.0,2.0,4000.0,1550.0,1910.0,1,B2,480000,2019-11-05,statenisland,80 HETT AVENUE NYC
4,ST. ALBANS,01 ONE FAMILY DWELLINGS,1,10997,23,A1,11302 203RD STREET,11412.0,1.0,0.0,1.0,3000.0,1551.0,1925.0,1,A1,510000,2019-12-04,queens,11302 203RD STREET NYC
4,FLUSHING-NORTH,02 TWO FAMILY DWELLINGS,1,5207,44,B2,146-21 HOLLY AVENUE,11355.0,2.0,0.0,2.0,3520.0,1997.0,1945.0,1,B2,1250000,2019-12-16,queens,146-21 HOLLY AVENUE NYC
5,BULLS HEAD,01 ONE FAMILY DWELLINGS,1,2197,96,A5,3303 VICTORY BOULEVARD,10314.0,1.0,0.0,1.0,2925.0,1360.0,1970.0,1,A5,470000,2019-04-10,statenisland,3303 VICTORY BOULEVARD NYC
3,SHEEPSHEAD BAY,01 ONE FAMILY DWELLINGS,1,7381,43,A9,2306 EAST 21ST STREET,11229.0,1.0,0.0,1.0,2223.0,1440.0,1930.0,1,A9,895000,2019-12-18,brooklyn,2306 EAST 21ST STREET NYC
3,BOROUGH PARK,27 FACTORIES,4,5734,4,F9,6215 14 AVENUE,11219.0,2.0,1.0,3.0,2000.0,3142.0,1931.0,4,F9,1100000,2019-06-20,brooklyn,6215 14 AVENUE NYC
5,WESTERLEIGH,01 ONE FAMILY DWELLINGS,1,429,21,A1,272 DEEMS AVENUE,10314.0,1.0,0.0,1.0,3000.0,1632.0,1915.0,1,A1,635000,2019-07-22,statenisland,272 DEEMS AVENUE NYC
4,RICHMOND HILL,01 ONE FAMILY DWELLINGS,1,9202,73,A1,86-11 106TH STREET,11418.0,1.0,0.0,1.0,3739.0,1714.0,1915.0,1,A1,800000,2019-04-01,queens,86-11 106TH STREET NYC
3,DYKER HEIGHTS,07 RENTALS - WALKUP APARTMENTS,2A,5760,74,C3,1203 67TH STREET,11219.0,4.0,0.0,4.0,2400.0,4480.0,1920.0,2,C3,1730000,2019-01-16,brooklyn,1203 67TH STREET NYC
4,FLUSHING-NORTH,01 ONE FAMILY DWELLINGS,1,6725,38,A0,57-41 PARSONS BLVD,11365.0,1.0,0.0,1.0,4100.0,1183.0,1950.0,1,A0,1015000,2019-06-28,queens,57-41 PARSONS BLVD NYC
4,BELLEROSE,01 ONE FAMILY DWELLINGS,1,8634,74,A1,86-02 253 ST,11426.0,1.0,0.0,1.0,3742.0,1220.0,1935.0,1,A1,692000,2019-04-03,queens,86-02 253 ST NYC
3,CANARSIE,01 ONE FAMILY DWELLINGS,1,7908,130,A5,131 BRANTON STREET,11236.0,1.0,0.0,1.0,1440.0,960.0,1940.0,1,A5,540000,2019-11-26,brooklyn,131 BRANTON STREET NYC
4,SOUTH JAMAICA,03 THREE FAMILY DWELLINGS,1,10122,37,C0,106-29 154TH STREET,11433.0,3.0,0.0,3.0,4000.0,2216.0,1925.0,1,C0,820000,2019-01-31,queens,106-29 154TH STREET NYC
5,PORT IVORY,02 TWO FAMILY DWELLINGS,1,1263,1,B2,115 ARLINGTON AVENUE,10303.0,2.0,0.0,2.0,4460.0,2448.0,2019.0,1,B2,763688,2019-08-02,statenisland,115 ARLINGTON AVENUE NYC
3,BENSONHURST,02 TWO FAMILY DWELLINGS,1,6306,20,B3,1636 82ND STREET,11214.0,2.0,0.0,2.0,2250.0,1697.0,1930.0,1,B3,847500,2019-04-10,brooklyn,1636 82ND STREET NYC
3,GREENPOINT,02 TWO FAMILY DWELLINGS,1,2836,28,B9,137 BEADEL STREET,11222.0,2.0,0.0,2.0,1800.0,2000.0,1910.0,1,B9,962500,2019-05-22,brooklyn,137 BEADEL STREET NYC
4,ST. ALBANS,01 ONE FAMILY DWELLINGS,1,10276,22,A2,110-18 178TH STREET,11433.0,1.0,0.0,1.0,3742.0,864.0,1955.0,1,A2,400000,2019-10-16,queens,110-18 178TH STREET NYC
3,FLATBUSH-EAST,01 ONE FAMILY DWELLINGS,1,4960,49,A1,543 EAST 43RD STREET,11203.0,1.0,0.0,1.0,2000.0,1488.0,1925.0,1,A1,690000,2019-02-19,brooklyn,543 EAST 43RD STREET NYC
2,SCHUYLERVILLE/PELHAM BAY,01 ONE FAMILY DWELLINGS,1,4231,14,A5,1930 MULFORD AVENUE,10461.0,1.0,0.0,1.0,2660.0,1836.0,1950.0,1,A5,549000,2019-05-20,bronx,1930 MULFORD AVENUE NYC
3,BROWNSVILLE,01 ONE FAMILY DWELLINGS,1,3537,20,A5,136 SUTTER AVENUE,11212.0,1.0,0.0,1.0,2800.0,1116.0,1986.0,1,A5,675000,2019-12-18,brooklyn,136 SUTTER AVENUE NYC
4,BELLEROSE,01 ONE FAMILY DWELLINGS,1,8662,9,A1,90-03 247TH STREET,11426.0,1.0,0.0,1.0,2500.0,1232.0,1930.0,1,A1,640000,2019-07-19,queens,90-03 247TH STREET NYC
4,SOUTH OZONE PARK,02 TWO FAMILY DWELLINGS,1,11772,35,B3,133-15 131 AVENUE,11420.0,2.0,0.0,2.0,4333.0,1248.0,1925.0,1,B3,710000,2019-07-31,queens,133-15 131 AVENUE NYC
3,SHEEPSHEAD BAY,01 ONE FAMILY DWELLINGS,1,7382,54,A5,2283 EAST 23RD STREET,11229.0,1.0,0.0,1.0,2000.0,1392.0,1930.0,1,A5,792500,2019-08-13,brooklyn,2283 EAST 23RD STREET NYC
3,GRAVESEND,03 THREE FAMILY DWELLINGS,1,7078,13,C0,1918 WEST 10TH STREET,11223.0,3.0,0.0,3.0,2300.0,2340.0,1925.0,1,C0,1390000,2019-09-06,brooklyn,1918 WEST 10TH STREET NYC
2,COUNTRY CLUB,02 TWO FAMILY DWELLINGS,1,5410,39,B3,1424 ROBERTSON PLACE,10465.0,2.0,0.0,2.0,3124.0,1512.0,1925.0,1,B3,550000,2019-10-28,bronx,1424 ROBERTSON PLACE NYC
3,MARINE PARK,01 ONE FAMILY DWELLINGS,1,8478,83,A9,1854 EAST 35TH STREET,11234.0,1.0,0.0,1.0,1800.0,1116.0,1925.0,1,A9,500000,2019-04-08,brooklyn,1854 EAST 35TH STREET NYC
4,MASPETH,02 TWO FAMILY DWELLINGS,1,2410,32,B2,67-30 52ND ROAD,11378.0,2.0,0.0,2.0,2975.0,1584.0,1930.0,1,B2,969888,2019-01-16,queens,67-30 52ND ROAD NYC
2,WILLIAMSBRIDGE,07 RENTALS - WALKUP APARTMENTS,2A,4865,32,C3,929 EAST 229 STREET,10466.0,4.0,0.0,4.0,2735.0,3292.0,1931.0,2,C3,805000,2019-11-19,bronx,929 EAST 229 STREET NYC
3,FLATBUSH-NORTH,02 TWO FAMILY DWELLINGS,1,4857,36,B2,134 EAST 37TH STREET,11203.0,2.0,0.0,2.0,3000.0,2160.0,1910.0,1,B2,602500,2019-10-02,brooklyn,134 EAST 37TH STREET NYC
5,NEW DORP-HEIGHTS,01 ONE FAMILY DWELLINGS,1,4349,51,A5,118 EAST BROADWAY,10306.0,1.0,0.0,1.0,2800.0,1600.0,1965.0,1,A5,590000,2019-02-01,statenisland,118 EAST BROADWAY NYC
3,WILLIAMSBURG-EAST,01 ONE FAMILY DWELLINGS,1,2772,4,A9,338 HUMBOLDT STREET,11211.0,1.0,0.0,1.0,1000.0,960.0,1901.0,1,A9,1875000,2019-10-17,brooklyn,338 HUMBOLDT STREET NYC
4,WOODHAVEN,03 THREE FAMILY DWELLINGS,1,8884,5,C0,94-20 86 AVENUE,11421.0,3.0,0.0,3.0,4033.0,2446.0,1920.0,1,C0,900000,2019-06-25,queens,94-20 86 AVENUE NYC
3,BUSHWICK,03 THREE FAMILY DWELLINGS,1,3435,47,C0,173 COOPER STREET,11207.0,3.0,0.0,3.0,1875.0,2632.0,1901.0,1,C0,1700000,2019-09-27,brooklyn,173 COOPER STREET NYC
4,LAURELTON,02 TWO FAMILY DWELLINGS,1,13158,3,B3,134-52 231ST STREET,11413.0,2.0,0.0,2.0,3200.0,1352.0,1930.0,1,B3,535000,2019-10-28,queens,134-52 231ST STREET NYC
5,MIDLAND BEACH,02 TWO FAMILY DWELLINGS,1,3730,4,B9,122 MORELAND STREET,10306.0,2.0,0.0,2.0,2375.0,2100.0,2004.0,1,B9,670000,2019-02-08,statenisland,122 MORELAND STREET NYC
3,EAST NEW YORK,02 TWO FAMILY DWELLINGS,1,3758,41,B1,360 BRADFORD STREET,11207.0,2.0,0.0,2.0,1900.0,1900.0,1901.0,1,B1,400000,2019-04-16,brooklyn,360 BRADFORD STREET NYC
3,GRAVESEND,02 TWO FAMILY DWELLINGS,1,6869,17,B9,59 BAY 41ST STREET,11214.0,2.0,0.0,2.0,1920.0,2280.0,1960.0,1,B9,1150000,2019-07-25,brooklyn,59 BAY 41ST STREET NYC
4,FRESH MEADOWS,02 TWO FAMILY DWELLINGS,1,7185,10,B1,73-14 198TH STREET,11366.0,2.0,0.0,2.0,2925.0,1600.0,1955.0,1,B1,987500,2019-03-22,queens,73-14 198TH STREET NYC
2,BAYCHESTER,01 ONE FAMILY DWELLINGS,1,4881,95,A1,3344 EDSON AVENUE,10469.0,1.0,0.0,1.0,2905.0,1260.0,1975.0,1,A1,445000,2019-08-02,bronx,3344 EDSON AVENUE NYC
4,LAURELTON,01 ONE FAMILY DWELLINGS,1,12860,74,A2,121-60 234TH STREET,11422.0,1.0,0.0,1.0,3840.0,1063.0,1950.0,1,A2,457920,2019-02-06,queens,121-60 234TH STREET NYC
4,MIDDLE VILLAGE,02 TWO FAMILY DWELLINGS,1,3795,33,B3,69-46 78TH ST,11379.0,2.0,0.0,2.0,1900.0,1272.0,1930.0,1,B3,725000,2019-05-23,queens,69-46 78TH ST NYC
5,SOUTH BEACH,01 ONE FAMILY DWELLINGS,1,3419,22,A5,72 VULCAN STREET,10305.0,1.0,0.0,1.0,2300.0,1290.0,2005.0,1,A5,620000,2019-12-16,statenisland,72 VULCAN STREET NYC
5,BULLS HEAD,01 ONE FAMILY DWELLINGS,1,1605,101,A5,132 ROMAN AVENUE,10314.0,1.0,0.0,1.0,2538.0,1304.0,1965.0,1,A5,568750,2019-03-22,statenisland,132 ROMAN AVENUE NYC
4,ROSEDALE,01 ONE FAMILY DWELLINGS,1,13492,24,A2,144-46 223 ST,11413.0,1.0,0.0,1.0,2850.0,797.0,1935.0,1,A2,499999,2019-12-11,queens,144-46 223 ST NYC
4,BAYSIDE,01 ONE FAMILY DWELLINGS,1,7368,9,A5,48-06 210TH STREET,11364.0,1.0,0.0,1.0,1280.0,1496.0,1960.0,1,A5,668000,2019-07-24,queens,48-06 210TH STREET NYC
2,PELHAM PARKWAY NORTH,01 ONE FAMILY DWELLINGS,1,4457,52,A5,1140 ALLERTON AVENUE,10469.0,1.0,0.0,1.0,1800.0,1180.0,1960.0,1,A5,489000,2019-03-14,bronx,1140 ALLERTON AVENUE NYC
5,LIVINGSTON,02 TWO FAMILY DWELLINGS,1,138,110,B2,118 BARD AVENUE,10310.0,2.0,0.0,2.0,3232.0,1461.0,2018.0,1,B2,621133,2019-07-19,statenisland,118 BARD AVENUE NYC
3,MARINE PARK,01 ONE FAMILY DWELLINGS,1,8481,69,A9,1840 EAST 38TH STREET,11234.0,1.0,0.0,1.0,1800.0,924.0,1925.0,1,A9,572000,2019-09-19,brooklyn,1840 EAST 38TH STREET NYC
2,MORRIS PARK/VAN NEST,03 THREE FAMILY DWELLINGS,1,4116,20,C0,1713 TENBROECK AVENUE,10461.0,3.0,0.0,3.0,2506.0,2592.0,1920.0,1,C0,1050000,2019-10-10,bronx,1713 TENBROECK AVENUE NYC
3,BUSHWICK,03 THREE FAMILY DWELLINGS,1,3392,36,C0,464 IRVING AVENUE,11237.0,3.0,0.0,3.0,1900.0,3300.0,1901.0,1,C0,1100000,2019-06-18,brooklyn,464 IRVING AVENUE NYC
4,CORONA,03 THREE FAMILY DWELLINGS,1,1740,30,C0,99-15 37TH AVENUE,11368.0,3.0,0.0,3.0,2500.0,2240.0,1930.0,1,C0,1132000,2019-05-31,queens,99-15 37TH AVENUE NYC
2,MORRIS PARK/VAN NEST,01 ONE FAMILY DWELLINGS,1,4273,27,A2,1927 WILLIAMSBRIDGE ROAD,10461.0,1.0,0.0,1.0,2500.0,1540.0,1950.0,1,A2,625000,2019-10-10,bronx,1927 WILLIAMSBRIDGE ROAD NYC
4,JAMAICA ESTATES,01 ONE FAMILY DWELLINGS,1,7231,99,A2,180-24 80TH DRIVE,11432.0,1.0,0.0,1.0,3984.0,880.0,1945.0,1,A2,998000,2019-01-03,queens,180-24 80TH DRIVE NYC
4,OZONE PARK,02 TWO FAMILY DWELLINGS,1,9175,79,B3,109-25 97TH STREET,11417.0,2.0,0.0,2.0,4000.0,2040.0,1920.0,1,B3,800000,2019-12-27,queens,109-25 97TH STREET NYC
2,BAYCHESTER,02 TWO FAMILY DWELLINGS,1,4773,9,B1,3057 GUNTHER AVENUE,10469.0,2.0,0.0,2.0,1853.0,1596.0,1960.0,1,B1,465000,2019-11-12,bronx,3057 GUNTHER AVENUE NYC
4,RIDGEWOOD,02 TWO FAMILY DWELLINGS,1,3555,66,B2,1669 DECATUR STREET,11385.0,2.0,0.0,2.0,2500.0,1760.0,1910.0,1,B2,775000,2019-03-04,queens,1669 DECATUR STREET NYC
3,OLD MILL BASIN,01 ONE FAMILY DWELLINGS,1,7883,61,A9,1338 EAST 59TH STREET,11234.0,1.0,0.0,1.0,2000.0,1308.0,1920.0,1,A9,650000,2019-11-15,brooklyn,1338 EAST 59TH STREET NYC
4,FLUSHING-NORTH,01 ONE FAMILY DWELLINGS,1,5623,60,A0,4866 188TH STREET,11365.0,1.0,0.0,1.0,4000.0,1045.0,1945.0,1,A0,865000,2019-12-27,queens,4866 188TH STREET NYC
3,EAST NEW YORK,02 TWO FAMILY DWELLINGS,1,4175,37,B2,325 GRANT AVENUE,11208.0,2.0,0.0,2.0,2302.0,2280.0,1910.0,1,B2,824000,2019-12-24,brooklyn,325 GRANT AVENUE NYC
5,ELTINGVILLE,01 ONE FAMILY DWELLINGS,1,5619,136,A5,53 ADLAI CIRCLE,10312.0,1.0,0.0,1.0,3695.0,1080.0,1970.0,1,A5,567500,2019-06-11,statenisland,53 ADLAI CIRCLE NYC
4,QUEENS VILLAGE,01 ONE FAMILY DWELLINGS,1,11151,50,A1,107-13 MONTEREY STREET,11429.0,1.0,0.0,1.0,3094.0,1860.0,1920.0,1,A1,550000,2019-10-30,queens,107-13 MONTEREY STREET NYC
4,JAMAICA BAY,01 ONE FAMILY DWELLINGS,1,15315,19,A2,36 WEST 10TH ROAD,11693.0,1.0,0.0,1.0,2500.0,720.0,1920.0,1,A2,395000,2019-08-20,queens,36 WEST 10TH ROAD NYC
3,BENSONHURST,03 THREE FAMILY DWELLINGS,1,5569,17,C0,1834 67 STREET,11204.0,3.0,0.0,3.0,2733.0,3036.0,1925.0,1,C0,1300000,2019-01-15,brooklyn,1834 67 STREET NYC
4,SPRINGFIELD GARDENS,01 ONE FAMILY DWELLINGS,1,12537,77,A2,176-44 130 AVE,11434.0,1.0,0.0,1.0,4000.0,1399.0,1930.0,1,A2,939000,2019-02-26,queens,176-44 130 AVE NYC
5,WOODROW,02 TWO FAMILY DWELLINGS,1,7022,75,B2,19 BROOKSIDE LOOP,10309.0,2.0,0.0,2.0,4777.0,2536.0,2009.0,1,B2,925000,2019-08-15,statenisland,19 BROOKSIDE LOOP NYC
4,ROSEDALE,01 ONE FAMILY DWELLINGS,1,13468,49,A2,145-50 221ST STREET,11413.0,1.0,0.0,1.0,4000.0,1100.0,1950.0,1,A2,547500,2019-01-31,queens,145-50 221ST STREET NYC
4,WOODSIDE,01 ONE FAMILY DWELLINGS,1,1333,6,A1,58-57 44TH AVENUE,11377.0,1.0,0.0,1.0,3000.0,1508.0,1910.0,1,A1,820000,2019-03-07,queens,58-57 44TH AVENUE NYC
5,ELTINGVILLE,01 ONE FAMILY DWELLINGS,1,5674,79,A5,73 SHOTWELL AVENUE,10312.0,1.0,0.0,1.0,3125.0,1564.0,1980.0,1,A5,560000,2019-01-14,statenisland,73 SHOTWELL AVENUE NYC
3,EAST NEW YORK,01 ONE FAMILY DWELLINGS,1,4480,18,A2,778 LOGAN STREET,11208.0,1.0,0.0,1.0,2000.0,1200.0,1920.0,1,A2,550000,2019-07-17,brooklyn,778 LOGAN STREET NYC
4,ST. ALBANS,01 ONE FAMILY DWELLINGS,1,10978,37,A1,11230 203RD STREET,11412.0,1.0,0.0,1.0,3000.0,1514.0,1925.0,1,A1,493000,2019-11-06,queens,11230 203RD STREET NYC
4,JAMAICA,03 THREE FAMILY DWELLINGS,1,10011,28,C0,138-29 101ST AVENUE,11435.0,3.0,0.0,3.0,2632.0,3816.0,2002.0,1,C0,800000,2019-01-29,queens,138-29 101ST AVENUE NYC
3,OLD MILL BASIN,01 ONE FAMILY DWELLINGS,1,7851,70,A9,1436 EAST 54TH STREET,11234.0,1.0,0.0,1.0,1800.0,952.0,1925.0,1,A9,590000,2019-03-27,brooklyn,1436 EAST 54TH STREET NYC
4,FLUSHING-NORTH,02 TWO FAMILY DWELLINGS,1,5384,15,B3,15332 SANFORD AVENUE,11355.0,2.0,0.0,2.0,3908.0,1570.0,1930.0,1,B3,990000,2019-10-30,queens,15332 SANFORD AVENUE NYC
5,MANOR HEIGHTS,01 ONE FAMILY DWELLINGS,1,761,33,A0,224 GANSEVOORT BOULEVARD,10314.0,1.0,0.0,1.0,4840.0,1170.0,1945.0,1,A0,645000,2019-08-12,statenisland,224 GANSEVOORT BOULEVARD NYC
4,EAST ELMHURST,02 TWO FAMILY DWELLINGS,1,1670,54,B2,29-21 ERICSSON STREET,11369.0,2.0,0.0,2.0,4000.0,2821.0,1925.0,1,B2,980000,2019-04-03,queens,29-21 ERICSSON STREET NYC
4,GLENDALE,01 ONE FAMILY DWELLINGS,1,3865,42,A5,89-36 83RD AVENUE,11385.0,1.0,0.0,1.0,2000.0,1312.0,1920.0,1,A5,685000,2019-10-28,queens,89-36 83RD AVENUE NYC
4,OZONE PARK,01 ONE FAMILY DWELLINGS,1,11356,21,A2,133-30 77 STREET,11414.0,1.0,0.0,1.0,4037.0,436.0,1910.0,1,A2,380000,2019-02-01,queens,133-30 77 STREET NYC
3,BENSONHURST,01 ONE FAMILY DWELLINGS,1,6192,36,A5,1660 72ND STREET,11204.0,1.0,0.0,1.0,1750.0,1020.0,1930.0,1,A5,700000,2019-10-07,brooklyn,1660 72ND STREET NYC
3,GRAVESEND,02 TWO FAMILY DWELLINGS,1,6878,30,B1,121 BAY 38TH STREET,11214.0,2.0,0.0,2.0,2900.0,2256.0,1930.0,1,B1,1250000,2019-07-08,brooklyn,121 BAY 38TH STREET NYC
4,QUEENS VILLAGE,02 TWO FAMILY DWELLINGS,1,10629,47,B3,92-40 215TH STREET,11428.0,2.0,0.0,2.0,2500.0,1243.0,1930.0,1,B3,540000,2019-08-23,queens,92-40 215TH STREET NYC
3,FLATBUSH-EAST,01 ONE FAMILY DWELLINGS,1,4954,38,A9,558 EAST 38TH STREET,11203.0,1.0,0.0,1.0,2000.0,1280.0,1920.0,1,A9,720000,2019-09-18,brooklyn,558 EAST 38TH STREET NYC
2,PARKCHESTER,03 THREE FAMILY DWELLINGS,1,4026,11,C0,624 MEAD STREET,10460.0,3.0,0.0,3.0,2500.0,3048.0,1915.0,1,C0,650000,2019-10-25,bronx,624 MEAD STREET NYC
3,BAY RIDGE,01 ONE FAMILY DWELLINGS,1,5916,38,A1,7302 RIDGE BLVD.,11209.0,1.0,0.0,1.0,2500.0,1890.0,1925.0,1,A1,1300000,2019-04-10,brooklyn,7302 RIDGE BLVD. NYC
4,SOUTH JAMAICA,01 ONE FAMILY DWELLINGS,1,10190,36,A1,110-11 GUY R BREWER BLVD,11433.0,1.0,0.0,1.0,2000.0,1268.0,1910.0,1,A1,459000,2019-09-18,queens,110-11 GUY R BREWER BLVD NYC
4,RICHMOND HILL,02 TWO FAMILY DWELLINGS,1,9602,24,B2,107-32 123 STREET,11419.0,2.0,0.0,2.0,2325.0,1938.0,1920.0,1,B2,750000,2019-12-19,queens,107-32 123 STREET NYC
3,CYPRESS HILLS,02 TWO FAMILY DWELLINGS,1,3671,40,S2,2679 ATLANTIC AVENUE,11207.0,2.0,1.0,3.0,2800.0,4500.0,1920.0,1,S2,999000,2019-09-11,brooklyn,2679 ATLANTIC AVENUE NYC
4,RICHMOND HILL,02 TWO FAMILY DWELLINGS,1,9399,34,B3,113-01 95TH AVENUE,11419.0,2.0,0.0,2.0,2500.0,1391.0,1955.0,1,B3,570000,2019-06-14,queens,113-01 95TH AVENUE NYC
4,COLLEGE POINT,01 ONE FAMILY DWELLINGS,1,4041,7,A1,120-10 12TH AVENUE,11356.0,1.0,0.0,1.0,2500.0,1610.0,2004.0,1,A1,880888,2019-01-09,queens,120-10 12TH AVENUE NYC
4,ROSEDALE,01 ONE FAMILY DWELLINGS,1,13539,64,A5,146-11 BROOKVILLE BOULEVARD,11422.0,1.0,0.0,1.0,2332.0,1831.0,1945.0,1,A5,455000,2019-05-20,queens,146-11 BROOKVILLE BOULEVARD NYC
5,CASTLETON CORNERS,01 ONE FAMILY DWELLINGS,1,712,65,A5,10 PENN STREET,10314.0,1.0,0.0,1.0,2300.0,1216.0,1994.0,1,A5,499900,2019-10-18,statenisland,10 PENN STREET NYC
2,WILLIAMSBRIDGE,02 TWO FAMILY DWELLINGS,1,4662,25,B1,713 EAST 214 STREET,10467.0,2.0,0.0,2.0,3125.0,3000.0,1925.0,1,B1,610000,2019-04-18,bronx,713 EAST 214 STREET NYC
4,MASPETH,02 TWO FAMILY DWELLINGS,1,2773,80,B1,62-68 MT OLIVET CRESCENT,11379.0,2.0,0.0,2.0,2506.0,2572.0,1950.0,1,B1,998000,2019-07-16,queens,62-68 MT OLIVET CRESCENT NYC
3,CANARSIE,02 TWO FAMILY DWELLINGS,1,8148,29,B2,9804 FOSTER AVENUE,11236.0,2.0,0.0,2.0,2315.0,1940.0,1920.0,1,B2,699000,2019-02-13,brooklyn,9804 FOSTER AVENUE NYC
4,WOODSIDE,02 TWO FAMILY DWELLINGS,1,1217,3,B1,62-15 39TH AVENUE,11377.0,2.0,0.0,2.0,2000.0,2080.0,1901.0,1,B1,720000,2019-10-22,queens,62-15 39TH AVENUE NYC
2,WAKEFIELD,01 ONE FAMILY DWELLINGS,1,5013,1,A5,4238 BRUNER AVENUE,10466.0,1.0,0.0,1.0,2500.0,992.0,1950.0,1,A5,550000,2019-11-27,bronx,4238 BRUNER AVENUE NYC
5,CLOVE LAKES,02 TWO FAMILY DWELLINGS,1,309,12,B9,547 CLOVE ROAD,10310.0,2.0,0.0,2.0,4360.0,1880.0,1970.0,1,B9,590000,2019-12-27,statenisland,547 CLOVE ROAD NYC
5,GREAT KILLS,02 TWO FAMILY DWELLINGS,1,4575,79,B9,94 SANDALWOOD DRIVE,10308.0,2.0,0.0,2.0,2500.0,1932.0,1984.0,1,B9,609500,2019-08-06,statenisland,94 SANDALWOOD DRIVE NYC
5,GRANT CITY,01 ONE FAMILY DWELLINGS,1,3559,41,A9,174 STOBE AVENUE,10306.0,1.0,0.0,1.0,2968.0,1332.0,1970.0,1,A9,555000,2019-01-24,statenisland,174 STOBE AVENUE NYC
3,GRAVESEND,02 TWO FAMILY DWELLINGS,1,7121,43,B1,193 AVENUE V,11223.0,2.0,0.0,2.0,2075.0,1512.0,1930.0,1,B1,945000,2019-05-06,brooklyn,193 AVENUE V NYC
4,FAR ROCKAWAY,03 THREE FAMILY DWELLINGS,1,15544,48,C0,1145 NAMEOKE STREET,11691.0,3.0,0.0,3.0,3319.0,4068.0,2005.0,1,C0,695000,2019-08-05,queens,1145 NAMEOKE STREET NYC
3,EAST NEW YORK,02 TWO FAMILY DWELLINGS,1,3834,107,B1,537 SNEDIKER,11207.0,2.0,0.0,2.0,1700.0,2652.0,2004.0,1,B1,665000,2019-09-23,brooklyn,537 SNEDIKER NYC
2,MORRISANIA/LONGWOOD,22 STORE BUILDINGS,4,2976,81,K1,908 JENNINGS STREET,10460.0,0.0,2.0,2.0,2317.0,2200.0,1931.0,4,K1,400000,2019-03-19,bronx,908 JENNINGS STREET NYC
4,WOODHAVEN,02 TWO FAMILY DWELLINGS,1,8935,55,B3,87-91 94TH STREET,11421.0,2.0,0.0,2.0,4000.0,1698.0,1930.0,1,B3,918000,2019-11-20,queens,87-91 94TH STREET NYC
3,OLD MILL BASIN,02 TWO FAMILY DWELLINGS,1,7902,50,B9,5724 AVENUE N,11234.0,2.0,0.0,2.0,2000.0,2520.0,1955.0,1,B9,875000,2019-11-20,brooklyn,5724 AVENUE N NYC
4,SOUTH OZONE PARK,02 TWO FAMILY DWELLINGS,1,11641,17,B3,114-06 LINDEN BOULEVARD,11420.0,2.0,0.0,2.0,2600.0,1512.0,1935.0,1,B3,780000,2019-07-09,queens,114-06 LINDEN BOULEVARD NYC
4,FLUSHING-NORTH,01 ONE FAMILY DWELLINGS,1,4886,67,A1,160-15 27TH AVENUE,11358.0,1.0,0.0,1.0,3800.0,1824.0,1960.0,1,A1,990000,2019-03-19,queens,160-15 27TH AVENUE NYC
2,BAYCHESTER,02 TWO FAMILY DWELLINGS,1,4761,60,B1,1467 HAMMERSLEY AVENUE,10469.0,2.0,0.0,2.0,2395.0,2720.0,1960.0,1,B1,720000,2019-04-19,bronx,1467 HAMMERSLEY AVENUE NYC
2,BAYCHESTER,02 TWO FAMILY DWELLINGS,1,4893,30,B1,3523 EDSON AVENUE,10466.0,2.0,0.0,2.0,3610.0,1992.0,1960.0,1,B1,580000,2019-12-18,bronx,3523 EDSON AVENUE NYC
3,OCEAN PARKWAY-NORTH,02 TWO FAMILY DWELLINGS,1,5403,7,B2,918 DITMAS AVENUE,11218.0,2.0,0.0,2.0,4200.0,3085.0,1925.0,1,B2,1450000,2019-05-20,brooklyn,918 DITMAS AVENUE NYC
3,CLINTON HILL,02 TWO FAMILY DWELLINGS,1,1891,69,B3,118 RYERSON STREET,11205.0,2.0,0.0,2.0,2000.0,2230.0,1901.0,1,B3,1210000,2019-07-11,brooklyn,118 RYERSON STREET NYC
4,FLUSHING-SOUTH,01 ONE FAMILY DWELLINGS,1,6965,14,A5,164-27 75TH AVENUE,11366.0,1.0,0.0,1.0,1840.0,1280.0,1940.0,1,A5,725000,2019-03-12,queens,164-27 75TH AVENUE NYC
3,FLATBUSH-EAST,01 ONE FAMILY DWELLINGS,1,4739,26,A9,430 EAST 55TH,11203.0,1.0,0.0,1.0,2000.0,1156.0,1920.0,1,A9,551000,2019-10-08,brooklyn,430 EAST 55TH NYC
4,MASPETH,02 TWO FAMILY DWELLINGS,1,2726,45,B2,60-27 59TH AVENUE,11378.0,2.0,0.0,2.0,2000.0,1562.0,1940.0,1,B2,785000,2019-01-07,queens,60-27 59TH AVENUE NYC
4,WOODHAVEN,02 TWO FAMILY DWELLINGS,1,8894,88,B2,88-59 ELDERT LANE,11421.0,2.0,0.0,2.0,1822.0,1444.0,1915.0,1,B2,745000,2019-06-28,queens,88-59 ELDERT LANE NYC
4,BAYSIDE,01 ONE FAMILY DWELLINGS,1,7454,23,A0,58-36 204 STREET,11364.0,1.0,0.0,1.0,3800.0,1114.0,1945.0,1,A0,770000,2019-05-22,queens,58-36 204 STREET NYC
5,WOODROW,01 ONE FAMILY DWELLINGS,1,7319,7,A5,34 MALLARD LANE,10309.0,1.0,0.0,1.0,1442.0,1672.0,1992.0,1,A5,464000,2019-06-17,statenisland,34 MALLARD LANE NYC
2,PELHAM GARDENS,01 ONE FAMILY DWELLINGS,1,4487,40,A5,2570 WESTERVELT AVENUE,10469.0,1.0,0.0,1.0,2500.0,1680.0,1950.0,1,A5,590000,2019-09-27,bronx,2570 WESTERVELT AVENUE NYC
4,FLUSHING-NORTH,01 ONE FAMILY DWELLINGS,1,5667,4,A0,53-41 196TH STREET,11365.0,1.0,0.0,1.0,4800.0,1206.0,1950.0,1,A0,900000,2019-09-16,queens,53-41 196TH STREET NYC
3,BOROUGH PARK,01 ONE FAMILY DWELLINGS,1,6561,57,A2,2411 64TH STREET,11204.0,1.0,0.0,1.0,3200.0,828.0,1930.0,1,A2,1200000,2019-06-19,brooklyn,2411 64TH STREET NYC
4,CAMBRIA HEIGHTS,01 ONE FAMILY DWELLINGS,1,11284,18,A1,115-35 220TH ST,11411.0,1.0,0.0,1.0,4000.0,1666.0,1940.0,1,A1,535000,2019-12-20,queens,115-35 220TH ST NYC
4,MASPETH,02 TWO FAMILY DWELLINGS,1,2775,33,B3,66-16 58TH AVENUE,11378.0,2.0,0.0,2.0,2700.0,1596.0,1935.0,1,B3,900000,2019-11-22,queens,66-16 58TH AVENUE NYC
3,BERGEN BEACH,01 ONE FAMILY DWELLINGS,1,8411,36,A9,2028 EAST 71 STREET,11234.0,1.0,0.0,1.0,2000.0,1036.0,1925.0,1,A9,590000,2019-01-16,brooklyn,2028 EAST 71 STREET NYC
5,PORT RICHMOND,03 THREE FAMILY DWELLINGS,1,1026,14,C0,89 SIMONSON PLACE,10302.0,3.0,0.0,3.0,4356.0,1550.0,1925.0,1,C0,630000,2019-01-17,statenisland,89 SIMONSON PLACE NYC
4,SOUTH OZONE PARK,02 TWO FAMILY DWELLINGS,1,11862,11,B2,128-03 NORTH CONDUIT AVE,11420.0,2.0,0.0,2.0,4455.0,2280.0,1960.0,1,B2,820000,2019-04-11,queens,128-03 NORTH CONDUIT AVE NYC
3,CYPRESS HILLS,03 THREE FAMILY DWELLINGS,1,4101,9,C0,15 NORWOOD AVENUE,11208.0,3.0,0.0,3.0,3563.0,3840.0,1920.0,1,C0,650000,2019-01-30,brooklyn,15 NORWOOD AVENUE NYC
3,MARINE PARK,02 TWO FAMILY DWELLINGS,1,7885,136,B9,1717 EAST 38TH STREET,11234.0,2.0,0.0,2.0,2717.0,2148.0,1955.0,1,B9,805000,2019-08-15,brooklyn,1717 EAST 38TH STREET NYC
3,MIDWOOD,01 ONE FAMILY DWELLINGS,1,7647,19,A1,1261 EAST 29TH STREET,11210.0,1.0,0.0,1.0,3238.0,2016.0,1925.0,1,A1,1400000,2019-03-26,brooklyn,1261 EAST 29TH STREET NYC
5,PORT IVORY,01 ONE FAMILY DWELLINGS,1,1318,128,A1,80 HOLLAND AVENUE,10303.0,1.0,0.0,1.0,2525.0,1484.0,2018.0,1,A1,448000,2019-07-29,statenisland,80 HOLLAND AVENUE NYC
4,RICHMOND HILL,01 ONE FAMILY DWELLINGS,1,9429,30,A1,10150 112 STREET,11419.0,1.0,0.0,1.0,2000.0,1328.0,1925.0,1,A1,499750,2019-03-06,queens,10150 112 STREET NYC
3,BENSONHURST,01 ONE FAMILY DWELLINGS,1,5575,27,A9,1642 68TH STREET,11204.0,1.0,0.0,1.0,3500.0,3690.0,1920.0,1,A9,1600000,2019-04-02,brooklyn,1642 68TH STREET NYC
3,DYKER HEIGHTS,01 ONE FAMILY DWELLINGS,1,6012,2,A9,8219 10TH AVENUE,11228.0,1.0,0.0,1.0,2750.0,1296.0,1925.0,1,A9,1400000,2019-02-08,brooklyn,8219 10TH AVENUE NYC
3,DYKER HEIGHTS,02 TWO FAMILY DWELLINGS,1,5903,15,B1,1022 71ST STREET,11228.0,2.0,0.0,2.0,2000.0,2200.0,1915.0,1,B1,1220000,2019-08-09,brooklyn,1022 71ST STREET NYC
4,SOUTH JAMAICA,01 ONE FAMILY DWELLINGS,1,11944,4,A1,146-08 LAKEWOOD AVENUE,11435.0,1.0,0.0,1.0,1930.0,912.0,1925.0,1,A1,451000,2019-12-23,queens,146-08 LAKEWOOD AVENUE NYC
4,QUEENS VILLAGE,02 TWO FAMILY DWELLINGS,1,11173,32,B3,223-35 107TH AVENUE,11429.0,2.0,0.0,2.0,4123.0,2450.0,1988.0,1,B3,650000,2019-03-01,queens,223-35 107TH AVENUE NYC
2,BRONXDALE,01 ONE FAMILY DWELLINGS,1,4557,16,A5,2922 LURTING AVENUE,10469.0,1.0,0.0,1.0,1775.0,1683.0,1950.0,1,A5,490000,2019-10-31,bronx,2922 LURTING AVENUE NYC
4,BAYSIDE,01 ONE FAMILY DWELLINGS,1,5801,1,A2,201-03 24TH ROAD,11360.0,1.0,0.0,1.0,4600.0,1222.0,1960.0,1,A2,900000,2019-06-11,queens,201-03 24TH ROAD NYC
3,FLATBUSH-CENTRAL,02 TWO FAMILY DWELLINGS,1,5198,15,B2,554 ARGYLE ROAD,11230.0,2.0,0.0,2.0,4000.0,3792.0,1910.0,1,B2,1290000,2019-10-29,brooklyn,554 ARGYLE ROAD NYC
2,MELROSE/CONCOURSE,02 TWO FAMILY DWELLINGS,1,2782,39,B1,1377 TELLER AVENUE,10456.0,2.0,0.0,2.0,2787.0,2200.0,2001.0,1,B1,650000,2019-12-26,bronx,1377 TELLER AVENUE NYC
2,BRONXDALE,01 ONE FAMILY DWELLINGS,1,4510,51,A1,2727 HOLLAND AVENUE,10467.0,1.0,0.0,1.0,2500.0,1524.0,1925.0,1,A1,560000,2019-08-19,bronx,2727 HOLLAND AVENUE NYC
3,OCEAN PARKWAY-SOUTH,01 ONE FAMILY DWELLINGS,1,7177,13,A1,2330 EAST 2ND STREET,11223.0,1.0,0.0,1.0,2668.0,1272.0,1920.0,1,A1,1425000,2019-04-16,brooklyn,2330 EAST 2ND STREET NYC
4,OAKLAND GARDENS,01 ONE FAMILY DWELLINGS,1,7625,80,A5,67-10 214TH STREET,11364.0,1.0,0.0,1.0,3000.0,1116.0,1955.0,1,A5,820000,2019-09-05,queens,67-10 214TH STREET NYC
3,BEDFORD STUYVESANT,01 ONE FAMILY DWELLINGS,1,1927,49,A1,212 SKILLMAN STREET,11205.0,1.0,0.0,1.0,2700.0,1560.0,1901.0,1,A1,1200000,2019-06-24,brooklyn,212 SKILLMAN STREET NYC
3,CANARSIE,02 TWO FAMILY DWELLINGS,1,8214,19,B9,955 EAST 106TH STREET,11236.0,2.0,0.0,2.0,2000.0,2320.0,1960.0,1,B9,730000,2019-11-06,brooklyn,955 EAST 106TH STREET NYC
4,LAURELTON,01 ONE FAMILY DWELLINGS,1,13031,4,A1,217-03 138TH AVENUE,11413.0,1.0,0.0,1.0,2240.0,1215.0,1920.0,1,A1,370000,2019-08-28,queens,217-03 138TH AVENUE NYC
3,FLATLANDS,01 ONE FAMILY DWELLINGS,1,7735,74,A9,1094 EAST 52ND STREET,11234.0,1.0,0.0,1.0,2150.0,906.0,1950.0,1,A9,550000,2019-10-17,brooklyn,1094 EAST 52ND STREET NYC
4,SO. JAMAICA-BAISLEY PARK,01 ONE FAMILY DWELLINGS,1,12005,11,A1,116-12 146TH STREET,11436.0,1.0,0.0,1.0,2000.0,1120.0,1920.0,1,A1,365625,2019-02-07,queens,116-12 146TH STREET NYC
4,RIDGEWOOD,07 RENTALS - WALKUP APARTMENTS,2A,3548,106,C3,16-13 HANCOCK STREET,11385.0,4.0,0.0,4.0,2508.0,3250.0,1931.0,2,C3,1300000,2019-05-03,queens,16-13 HANCOCK STREET NYC
4,JACKSON HEIGHTS,02 TWO FAMILY DWELLINGS,1,1367,76,B2,26-45 93RD STREET,11369.0,2.0,0.0,2.0,2342.0,1620.0,1920.0,1,B2,755000,2019-02-28,queens,26-45 93RD STREET NYC
5,GREAT KILLS,01 ONE FAMILY DWELLINGS,1,4610,39,A2,154 JUMEL STREET,10308.0,1.0,0.0,1.0,4000.0,880.0,1960.0,1,A2,630000,2019-08-19,statenisland,154 JUMEL STREET NYC
3,SHEEPSHEAD BAY,01 ONE FAMILY DWELLINGS,1,7439,73,A5,2519 EAST 18TH STREET,11235.0,1.0,0.0,1.0,1600.0,1548.0,1950.0,1,A5,852500,2019-11-22,brooklyn,2519 EAST 18TH STREET NYC
4,LITTLE NECK,01 ONE FAMILY DWELLINGS,1,8260,13,S1,253-30 NORTHERN BOULEVARD,11362.0,1.0,1.0,2.0,1620.0,2090.0,1925.0,1,S1,1200000,2019-04-08,queens,253-30 NORTHERN BOULEVARD NYC
4,SO. JAMAICA-BAISLEY PARK,01 ONE FAMILY DWELLINGS,1,12103,60,A1,126-44 149TH STREET,11436.0,1.0,0.0,1.0,2000.0,930.0,1925.0,1,A1,361000,2019-01-15,queens,126-44 149TH STREET NYC
4,JAMAICA,01 ONE FAMILY DWELLINGS,1,9699,50,A1,87-31 139TH STREET,11435.0,1.0,0.0,1.0,1940.0,1296.0,1920.0,1,A1,450000,2019-04-24,queens,87-31 139TH STREET NYC
2,MORRIS PARK/VAN NEST,02 TWO FAMILY DWELLINGS,1,4116,18,B2,1717 TENBROECK AVE,10461.0,2.0,0.0,2.0,2648.0,2437.0,1925.0,1,B2,575000,2019-11-18,bronx,1717 TENBROECK AVE NYC
4,ASTORIA,02 TWO FAMILY DWELLINGS,1,829,107,B1,20-59 32ND STREET,11105.0,2.0,0.0,2.0,1260.0,1728.0,1930.0,1,B1,1400000,2019-05-17,queens,20-59 32ND STREET NYC
3,MANHATTAN BEACH,01 ONE FAMILY DWELLINGS,1,8740,92,A9,217 BEAUMONT STREET,11235.0,1.0,0.0,1.0,4000.0,2802.0,2004.0,1,A9,1800000,2019-05-24,brooklyn,217 BEAUMONT STREET NYC
2,COUNTRY CLUB,01 ONE FAMILY DWELLINGS,1,5345,5,A1,3183 BAISLEY AVENUE,10465.0,1.0,0.0,1.0,2025.0,1300.0,1920.0,1,A1,570000,2019-07-19,bronx,3183 BAISLEY AVENUE NYC
4,QUEENS VILLAGE,01 ONE FAMILY DWELLINGS,1,10631,13,A1,92-30 215 PLACE,11428.0,1.0,0.0,1.0,2500.0,1288.0,1920.0,1,A1,545000,2019-02-19,queens,92-30 215 PLACE NYC
3,BEDFORD STUYVESANT,02 TWO FAMILY DWELLINGS,1,1641,68,B1,633 MADISON STREET,11221.0,2.0,0.0,2.0,2500.0,3072.0,2018.0,1,B1,998980,2019-10-30,brooklyn,633 MADISON STREET NYC
2,BAYCHESTER,01 ONE FAMILY DWELLINGS,1,4769,52,A5,3140 TIEMANN AVENUE,10469.0,1.0,0.0,1.0,1963.0,1890.0,1960.0,1,A5,434000,2019-05-31,bronx,3140 TIEMANN AVENUE NYC
4,SOUTH OZONE PARK,01 ONE FAMILY DWELLINGS,1,11726,21,A1,130-33 LEFFERTS BOULEVARD,11420.0,1.0,0.0,1.0,2296.0,1234.0,1925.0,1,A1,646000,2019-01-07,queens,130-33 LEFFERTS BOULEVARD NYC
3,BROWNSVILLE,07 RENTALS - WALKUP APARTMENTS,2A,3609,27,C3,2259 STRAUSS STREET,11212.0,4.0,0.0,4.0,2500.0,4000.0,1930.0,2,C3,850000,2019-07-15,brooklyn,2259 STRAUSS STREET NYC
4,ST. ALBANS,02 TWO FAMILY DWELLINGS,1,12646,14,B2,119-16 191ST STREET,11412.0,2.0,0.0,2.0,4000.0,2142.0,1930.0,1,B2,720000,2019-08-09,queens,119-16 191ST STREET NYC
4,GLENDALE,02 TWO FAMILY DWELLINGS,1,3652,53,B2,70-09 67TH STREET,11385.0,2.0,0.0,2.0,2304.0,1680.0,1930.0,1,B2,880000,2019-11-04,queens,70-09 67TH STREET NYC
5,PORT RICHMOND,02 TWO FAMILY DWELLINGS,1,1116,114,B2,32 RIVERSIDE LANE,10302.0,2.0,0.0,2.0,3713.0,1550.0,2018.0,1,B2,519306,2019-02-14,statenisland,32 RIVERSIDE LANE NYC
5,ANNADALE,01 ONE FAMILY DWELLINGS,1,6260,14,A2,242 EDGEGROVE AVENUE,10312.0,1.0,0.0,1.0,4000.0,1092.0,1955.0,1,A2,535000,2019-11-22,statenisland,242 EDGEGROVE AVENUE NYC
4,ROSEDALE,02 TWO FAMILY DWELLINGS,1,13473,57,B2,145-88 226TH STREET,11413.0,2.0,0.0,2.0,2680.0,2100.0,1960.0,1,B2,810000,2019-04-30,queens,145-88 226TH STREET NYC
4,FOREST HILLS,01 ONE FAMILY DWELLINGS,1,3225,20,A3,7032 JUNO STREET,11375.0,1.0,0.0,1.0,4000.0,2268.0,1940.0,1,A3,1490000,2019-01-04,queens,7032 JUNO STREET NYC
3,MADISON,01 ONE FAMILY DWELLINGS,1,7322,57,A1,2057 EAST 17TH STREET,11229.0,1.0,0.0,1.0,3200.0,2599.0,1915.0,1,A1,1110000,2019-07-09,brooklyn,2057 EAST 17TH STREET NYC
4,OZONE PARK,22 STORE BUILDINGS,4,9033,9,K4,94-10 WOODHAVEN BOULEVARD,11416.0,1.0,1.0,2.0,800.0,1232.0,1931.0,4,K4,399000,2019-05-31,queens,94-10 WOODHAVEN BOULEVARD NYC
4,SO. JAMAICA-BAISLEY PARK,01 ONE FAMILY DWELLINGS,1,12043,90,A5,120-39 INWOOD STREET,11436.0,1.0,0.0,1.0,2600.0,1056.0,1960.0,1,A5,525000,2019-03-22,queens,120-39 INWOOD STREET NYC
4,FLUSHING-NORTH,01 ONE FAMILY DWELLINGS,1,5153,35,A0,137-19 OAK AVE,11355.0,1.0,0.0,1.0,3120.0,1356.0,1950.0,1,A0,1150000,2019-07-02,queens,137-19 OAK AVE NYC
2,THROGS NECK,02 TWO FAMILY DWELLINGS,1,5589,22,B1,4186 EAST TREMONT AVENUE,10465.0,2.0,0.0,2.0,2673.0,1872.0,1950.0,1,B1,638000,2019-06-03,bronx,4186 EAST TREMONT AVENUE NYC
5,ELTINGVILLE,01 ONE FAMILY DWELLINGS,1,5653,15,A5,106 LADD AVENUE,10312.0,1.0,0.0,1.0,3589.0,2088.0,1978.0,1,A5,650000,2019-06-11,statenisland,106 LADD AVENUE NYC
2,MORRIS PARK/VAN NEST,03 THREE FAMILY DWELLINGS,1,4116,20,C0,1713 TENBROECK AVENUE,10461.0,3.0,0.0,3.0,2506.0,2592.0,1920.0,1,C0,600000,2019-03-13,bronx,1713 TENBROECK AVENUE NYC
5,ROSSVILLE,01 ONE FAMILY DWELLINGS,1,7085,112,A5,175 WIRT AVENUE,10309.0,1.0,0.0,1.0,1425.0,1720.0,1992.0,1,A5,453000,2019-09-09,statenisland,175 WIRT AVENUE NYC
4,WOODSIDE,03 THREE FAMILY DWELLINGS,1,1214,48,C0,37-11 59TH STREET,11377.0,3.0,0.0,3.0,2500.0,2080.0,1925.0,1,C0,1441179,2019-02-22,queens,37-11 59TH STREET NYC
4,SOUTH OZONE PARK,21 OFFICE BUILDINGS,4,11756,3,O2,132-18 ROCKAWAY BOULEVARD,11420.0,0.0,2.0,2.0,2090.0,2400.0,1910.0,4,O2,875000,2019-11-26,queens,132-18 ROCKAWAY BOULEVARD NYC
4,OZONE PARK,02 TWO FAMILY DWELLINGS,1,11405,61,B1,89-19 ALBERT ROAD,11417.0,2.0,0.0,2.0,2344.0,2400.0,1960.0,1,B1,860000,2019-05-06,queens,89-19 ALBERT ROAD NYC
4,SOUTH JAMAICA,01 ONE FAMILY DWELLINGS,1,10150,25,A1,108-11 UNION HALL STREET,11433.0,1.0,0.0,1.0,2776.0,1116.0,1910.0,1,A1,505000,2019-02-22,queens,108-11 UNION HALL STREET NYC
5,MANOR HEIGHTS,01 ONE FAMILY DWELLINGS,1,768,17,A0,29 GRAVES STREET,10314.0,1.0,0.0,1.0,4000.0,944.0,1945.0,1,A0,405000,2019-07-15,statenisland,29 GRAVES STREET NYC
4,EAST ELMHURST,01 ONE FAMILY DWELLINGS,1,1372,6,A5,98-12 25 AVE,11369.0,1.0,0.0,1.0,2500.0,1056.0,1958.0,1,A5,586000,2019-03-12,queens,98-12 25 AVE NYC
3,BERGEN BEACH,01 ONE FAMILY DWELLINGS,1,8456,35,A5,2412 EAST 70TH STREET,11234.0,1.0,0.0,1.0,2483.0,1440.0,1986.0,1,A5,650000,2019-05-16,brooklyn,2412 EAST 70TH STREET NYC
4,FLUSHING-SOUTH,01 ONE FAMILY DWELLINGS,1,6665,54,A5,144-13 76TH AVENUE,11367.0,1.0,0.0,1.0,2000.0,1600.0,1950.0,1,A5,840000,2019-09-20,queens,144-13 76TH AVENUE NYC
3,BOROUGH PARK,03 THREE FAMILY DWELLINGS,1,5474,53,C0,1869 53RD STREET,11204.0,3.0,0.0,3.0,2404.0,2280.0,1925.0,1,C0,1300000,2019-01-17,brooklyn,1869 53RD STREET NYC
3,EAST NEW YORK,02 TWO FAMILY DWELLINGS,1,4360,53,B1,911 CLEVELAND STREET,11208.0,2.0,0.0,2.0,2000.0,2640.0,1970.0,1,B1,820000,2019-11-08,brooklyn,911 CLEVELAND STREET NYC
3,BEDFORD STUYVESANT,02 TWO FAMILY DWELLINGS,1,1791,40,B1,754 LAFAYETTE AVE,11221.0,2.0,0.0,2.0,1433.0,2885.0,2018.0,1,B1,1740000,2019-09-26,brooklyn,754 LAFAYETTE AVE NYC
3,CANARSIE,01 ONE FAMILY DWELLINGS,1,8262,25,A2,1787 ROCKAWAY PARKWAY,11236.0,1.0,0.0,1.0,2750.0,720.0,1920.0,1,A2,474000,2019-02-19,brooklyn,1787 ROCKAWAY PARKWAY NYC
4,CORONA,02 TWO FAMILY DWELLINGS,1,1748,28,B2,34-40 107TH STREET,11368.0,2.0,0.0,2.0,2470.0,1954.0,1925.0,1,B2,980000,2019-10-29,queens,34-40 107TH STREET NYC
4,BELLEROSE,01 ONE FAMILY DWELLINGS,1,8654,55,A9,247-21 89TH AVENUE,11426.0,1.0,0.0,1.0,1900.0,1280.0,1930.0,1,A9,558000,2019-08-12,queens,247-21 89TH AVENUE NYC
5,CASTLETON CORNERS,01 ONE FAMILY DWELLINGS,1,707,53,A1,88 WINTHROP PLACE,10314.0,1.0,0.0,1.0,2064.0,1014.0,1925.0,1,A1,525000,2019-08-01,statenisland,88 WINTHROP PLACE NYC
4,OZONE PARK,02 TWO FAMILY DWELLINGS,1,9047,13,B1,97-14 76 STREET,11416.0,2.0,0.0,2.0,2000.0,2048.0,1920.0,1,B1,670100,2019-09-26,queens,97-14 76 STREET NYC
3,CANARSIE,02 TWO FAMILY DWELLINGS,1,8208,36,B1,100-02 FLATLANDS AVENUE,11236.0,2.0,0.0,2.0,2930.0,1760.0,1955.0,1,B1,498500,2019-09-09,brooklyn,100-02 FLATLANDS AVENUE NYC
4,QUEENS VILLAGE,01 ONE FAMILY DWELLINGS,1,7942,27,A1,86-54 WINCHESTER BOULEVARD,11427.0,1.0,0.0,1.0,2785.0,1680.0,1940.0,1,A1,457821,2019-03-22,queens,86-54 WINCHESTER BOULEVARD NYC
5,MIDLAND BEACH,01 ONE FAMILY DWELLINGS,1,3798,33,A5,524 BEDFORD AVENUE,10306.0,1.0,0.0,1.0,2997.0,1756.0,2017.0,1,A5,672045,2019-03-06,statenisland,524 BEDFORD AVENUE NYC
4,FOREST HILLS,01 ONE FAMILY DWELLINGS,1,3276,10,A5,48 SLOCUM CRESCENT,11375.0,1.0,0.0,1.0,1751.0,1765.0,1925.0,1,A5,1510000,2019-05-13,queens,48 SLOCUM CRESCENT NYC
4,SO. JAMAICA-BAISLEY PARK,01 ONE FAMILY DWELLINGS,1,11970,42,A1,114-43 140TH STREET,11436.0,1.0,0.0,1.0,2500.0,1593.0,1920.0,1,A1,615000,2019-11-15,queens,114-43 140TH STREET NYC
4,HOLLIS,01 ONE FAMILY DWELLINGS,1,10353,36,A5,183-19 HENDERSON AVENUE,11423.0,1.0,0.0,1.0,1800.0,1683.0,1950.0,1,A5,470000,2019-06-14,queens,183-19 HENDERSON AVENUE NYC
3,BUSHWICK,02 TWO FAMILY DWELLINGS,1,3418,22,B2,278 ELDERT STREET,11207.0,2.0,0.0,2.0,2017.0,2724.0,1910.0,1,B2,800000,2019-04-11,brooklyn,278 ELDERT STREET NYC
2,WAKEFIELD,02 TWO FAMILY DWELLINGS,1,5003,45,B3,4118 DIGNEY AVENUE,10466.0,2.0,0.0,2.0,2500.0,1434.0,1932.0,1,B3,730000,2019-05-07,bronx,4118 DIGNEY AVENUE NYC
3,OCEAN PARKWAY-NORTH,01 ONE FAMILY DWELLINGS,1,6570,45,A1,717 RODER AVENUE,11230.0,1.0,0.0,1.0,2496.0,1200.0,1920.0,1,A1,990000,2019-04-02,brooklyn,717 RODER AVENUE NYC
2,BAYCHESTER,02 TWO FAMILY DWELLINGS,1,5655,1,B9,2541 HOLLERS AVENUE,10475.0,2.0,0.0,2.0,1565.0,2160.0,1965.0,1,B9,395000,2019-11-07,bronx,2541 HOLLERS AVENUE NYC
3,FLATBUSH-EAST,03 THREE FAMILY DWELLINGS,1,4997,20,C0,1455 NEW YORK AVENUE,11210.0,3.0,0.0,3.0,2308.0,2360.0,1920.0,1,C0,700000,2019-01-15,brooklyn,1455 NEW YORK AVENUE NYC
5,PORT RICHMOND,02 TWO FAMILY DWELLINGS,1,1096,79,B3,169 NICHOLAS AVENUE,10302.0,2.0,0.0,2.0,4956.0,2048.0,1901.0,1,B3,345000,2019-04-10,statenisland,169 NICHOLAS AVENUE NYC
3,FLATBUSH-EAST,02 TWO FAMILY DWELLINGS,1,4955,21,B2,586 EAST 39TH STREET,11203.0,2.0,0.0,2.0,2000.0,1802.0,1920.0,1,B2,553000,2019-01-31,brooklyn,586 EAST 39TH STREET NYC
4,SOUTH OZONE PARK,01 ONE FAMILY DWELLINGS,1,11767,8,A1,129-05 133RD AVENUE,11420.0,1.0,0.0,1.0,2540.0,998.0,1920.0,1,A1,410000,2019-04-11,queens,129-05 133RD AVENUE NYC
3,OCEAN PARKWAY-NORTH,01 ONE FAMILY DWELLINGS,1,6583,37,A9,1520 EAST 2ND STREET,11230.0,1.0,0.0,1.0,2800.0,1440.0,1930.0,1,A9,1490000,2019-11-08,brooklyn,1520 EAST 2ND STREET NYC
2,SOUNDVIEW,02 TWO FAMILY DWELLINGS,1,3473,47,B2,333 BOLTON AVENUE,10473.0,2.0,0.0,2.0,2500.0,2650.0,1935.0,1,B2,690000,2019-10-09,bronx,333 BOLTON AVENUE NYC
4,SO. JAMAICA-BAISLEY PARK,02 TWO FAMILY DWELLINGS,1,12351,114,B3,169-12 116TH AVENUE,11434.0,2.0,0.0,2.0,3000.0,1424.0,1920.0,1,B3,575000,2019-09-27,queens,169-12 116TH AVENUE NYC
2,COUNTRY CLUB,03 THREE FAMILY DWELLINGS,1,5469,42,C0,948 CLARENCE AVENUE,10465.0,3.0,0.0,3.0,2782.0,3266.0,1979.0,1,C0,800000,2019-01-30,bronx,948 CLARENCE AVENUE NYC
4,FLUSHING-SOUTH,01 ONE FAMILY DWELLINGS,1,6642,48,A5,144-13 70TH AVENUE,11367.0,1.0,0.0,1.0,1800.0,1424.0,1935.0,1,A5,860000,2019-11-05,queens,144-13 70TH AVENUE NYC
4,SUNNYSIDE,01 ONE FAMILY DWELLINGS,1,154,82,A5,3954 46TH STREET,11104.0,1.0,0.0,1.0,1742.0,952.0,1940.0,1,A5,875000,2019-07-10,queens,3954 46TH STREET NYC
2,MORRIS PARK/VAN NEST,01 ONE FAMILY DWELLINGS,1,4101,26,A5,985 VAN NEST AVENUE,10462.0,1.0,0.0,1.0,1700.0,1968.0,1955.0,1,A5,369770,2019-02-15,bronx,985 VAN NEST AVENUE NYC
3,BROWNSVILLE,02 TWO FAMILY DWELLINGS,1,3581,52,B1,340 LEGION STREET,11212.0,2.0,0.0,2.0,2500.0,2400.0,1930.0,1,B1,375000,2019-05-06,brooklyn,340 LEGION STREET NYC
4,CAMBRIA HEIGHTS,01 ONE FAMILY DWELLINGS,1,12764,81,A1,118-34 228TH STREET,11411.0,1.0,0.0,1.0,4000.0,1512.0,1950.0,1,A1,590000,2019-08-19,queens,118-34 228TH STREET NYC
3,MIDWOOD,02 TWO FAMILY DWELLINGS,1,6765,69,B2,1573 EAST 18 STREET,11230.0,2.0,0.0,2.0,4000.0,2352.0,1925.0,1,B2,1560000,2019-06-03,brooklyn,1573 EAST 18 STREET NYC
4,LAURELTON,01 ONE FAMILY DWELLINGS,1,13156,10,A5,134-43 229TH STREET,11413.0,1.0,0.0,1.0,2542.0,1368.0,1930.0,1,A5,375000,2019-10-11,queens,134-43 229TH STREET NYC
4,MIDDLE VILLAGE,02 TWO FAMILY DWELLINGS,1,3788,29,B3,68-72 76TH STREET,11379.0,2.0,0.0,2.0,2000.0,1800.0,1920.0,1,B3,580000,2019-08-23,queens,68-72 76TH STREET NYC
3,BENSONHURST,07 RENTALS - WALKUP APARTMENTS,2A,6250,14,C3,1920 77TH STREET,11214.0,4.0,0.0,4.0,3000.0,3536.0,1931.0,2,C3,1780000,2019-12-23,brooklyn,1920 77TH STREET NYC
3,MARINE PARK,01 ONE FAMILY DWELLINGS,1,7718,66,A9,1736 EAST 36TH STREET,11234.0,1.0,0.0,1.0,1800.0,1092.0,1935.0,1,A9,680000,2019-07-29,brooklyn,1736 EAST 36TH STREET NYC
4,BAYSIDE,03 THREE FAMILY DWELLINGS,1,6224,33,C0,209-31 41ST AVENUE,11361.0,3.0,0.0,3.0,2772.0,3202.0,1975.0,1,C0,1649000,2019-01-25,queens,209-31 41ST AVENUE NYC
4,WHITESTONE,01 ONE FAMILY DWELLINGS,1,4507,43,A1,15092 POWELLS COVE BOULEVARD,11357.0,1.0,0.0,1.0,4334.0,2780.0,2002.0,1,A1,1340000,2019-05-17,queens,15092 POWELLS COVE BOULEVARD NYC
4,LAURELTON,01 ONE FAMILY DWELLINGS,1,12936,68,A5,131-25 226TH STREET,11413.0,1.0,0.0,1.0,2000.0,1420.0,1935.0,1,A5,529000,2019-12-27,queens,131-25 226TH STREET NYC
5,HUGUENOT,02 TWO FAMILY DWELLINGS,1,6886,58,B2,859 RATHBUN AVENUE,10309.0,2.0,0.0,2.0,4385.0,2376.0,2006.0,1,B2,1125000,2019-12-30,statenisland,859 RATHBUN AVENUE NYC
4,SPRINGFIELD GARDENS,01 ONE FAMILY DWELLINGS,1,12287,104,A2,133-19 160TH STREET,11434.0,1.0,0.0,1.0,4000.0,1304.0,1945.0,1,A2,430000,2019-01-15,queens,133-19 160TH STREET NYC
4,EAST ELMHURST,01 ONE FAMILY DWELLINGS,1,1089,19,A5,2328 96 STREET,11369.0,1.0,0.0,1.0,1900.0,1392.0,1945.0,1,A5,695000,2019-10-15,queens,2328 96 STREET NYC
2,BATHGATE,02 TWO FAMILY DWELLINGS,1,2927,119,B1,1497 CROTONA PLACE,10456.0,2.0,0.0,2.0,1900.0,2394.0,1994.0,1,B1,535000,2019-05-08,bronx,1497 CROTONA PLACE NYC
4,JACKSON HEIGHTS,02 TWO FAMILY DWELLINGS,1,1433,16,B3,33-20 86TH STREET,11372.0,2.0,0.0,2.0,3500.0,2750.0,1940.0,1,B3,1375000,2019-06-10,queens,33-20 86TH STREET NYC
5,CONCORD,01 ONE FAMILY DWELLINGS,1,647,27,A1,317 HILLSIDE AVENUE,10304.0,1.0,0.0,1.0,2500.0,1500.0,2018.0,1,A1,605859,2019-09-09,statenisland,317 HILLSIDE AVENUE NYC
4,GLENDALE,02 TWO FAMILY DWELLINGS,1,3854,97,B3,88-41 74TH AVENUE,11385.0,2.0,0.0,2.0,1900.0,2400.0,1930.0,1,B3,748500,2019-09-17,queens,88-41 74TH AVENUE NYC
5,MIDLAND BEACH,01 ONE FAMILY DWELLINGS,1,3885,14,A5,976 NUGENT AVENUE,10306.0,1.0,0.0,1.0,1300.0,1200.0,2003.0,1,A5,487000,2019-08-29,statenisland,976 NUGENT AVENUE NYC
4,RICHMOND HILL,02 TWO FAMILY DWELLINGS,1,9591,8,S2,131-20 LIBERTY AVENUE,11419.0,2.0,1.0,3.0,2630.0,2750.0,1935.0,1,S2,1400000,2019-09-12,queens,131-20 LIBERTY AVENUE NYC
3,MARINE PARK,01 ONE FAMILY DWELLINGS,1,8534,13,A5,2165 EAST 34TH STREET,11234.0,1.0,0.0,1.0,2050.0,1536.0,1940.0,1,A5,735000,2019-03-15,brooklyn,2165 EAST 34TH STREET NYC
2,CASTLE HILL/UNIONPORT,01 ONE FAMILY DWELLINGS,1,3791,44,A5,1994A POWELL AVENUE,10472.0,1.0,0.0,1.0,1854.0,1714.0,1955.0,1,A5,555000,2019-03-01,bronx,1994A POWELL AVENUE NYC
5,WESTERLEIGH,01 ONE FAMILY DWELLINGS,1,435,15,A1,238 WILLARD AVENUE,10314.0,1.0,0.0,1.0,3000.0,1640.0,1965.0,1,A1,638000,2019-09-04,statenisland,238 WILLARD AVENUE NYC
4,COLLEGE POINT,02 TWO FAMILY DWELLINGS,1,4202,19,B3,22-15 126TH STREET,11356.0,2.0,0.0,2.0,2500.0,3000.0,1910.0,1,B3,765000,2019-08-22,queens,22-15 126TH STREET NYC
3,BEDFORD STUYVESANT,02 TWO FAMILY DWELLINGS,1,1767,27,B2,554 WILLOUGHBY AVENUE,11206.0,2.0,0.0,2.0,2000.0,2700.0,1910.0,1,B2,1100000,2019-10-03,brooklyn,554 WILLOUGHBY AVENUE NYC
3,OCEAN PARKWAY-NORTH,02 TWO FAMILY DWELLINGS,1,5377,36,B2,372 EAST 9TH STREET,11218.0,2.0,0.0,2.0,2000.0,1849.0,1925.0,1,B2,1450000,2019-09-03,brooklyn,372 EAST 9TH STREET NYC
3,CYPRESS HILLS,02 TWO FAMILY DWELLINGS,1,3911,6,B3,37 ESSEX STREET,11208.0,2.0,0.0,2.0,2000.0,1220.0,1910.0,1,B3,440000,2019-03-19,brooklyn,37 ESSEX STREET NYC
5,MIDLAND BEACH,01 ONE FAMILY DWELLINGS,1,3730,140,A5,157B KISWICK STREET,10306.0,1.0,0.0,1.0,2300.0,1728.0,2005.0,1,A5,595000,2019-02-12,statenisland,157B KISWICK STREET NYC
5,WEST NEW BRIGHTON,02 TWO FAMILY DWELLINGS,1,178,24,B2,38 BRITTON STREET,10310.0,2.0,0.0,2.0,3299.0,1948.0,2018.0,1,B2,809509,2019-09-26,statenisland,38 BRITTON STREET NYC
4,MASPETH,01 ONE FAMILY DWELLINGS,1,2768,7,S1,62-09 FRESH POND ROAD,11379.0,1.0,1.0,2.0,3200.0,2132.0,1940.0,1,S1,1100000,2019-08-30,queens,62-09 FRESH POND ROAD NYC
4,FLUSHING-NORTH,01 ONE FAMILY DWELLINGS,1,4812,30,A5,26-04 150TH STREET,11354.0,1.0,0.0,1.0,3192.0,1400.0,1930.0,1,A5,748000,2019-03-19,queens,26-04 150TH STREET NYC
3,BUSHWICK,02 TWO FAMILY DWELLINGS,1,3359,45,B2,1119 MADISON STREET,11221.0,2.0,0.0,2.0,1667.0,1102.0,1905.0,1,B2,740000,2019-07-29,brooklyn,1119 MADISON STREET NYC
4,JACKSON HEIGHTS,02 TWO FAMILY DWELLINGS,1,1271,52,B1,35-51 71ST STREET,11372.0,2.0,0.0,2.0,2642.0,2536.0,1930.0,1,B1,1175000,2019-12-06,queens,35-51 71ST STREET NYC
3,MARINE PARK,01 ONE FAMILY DWELLINGS,1,7709,35,A9,1621 EAST 36TH STREET,11234.0,1.0,0.0,1.0,1800.0,1084.0,1920.0,1,A9,525000,2019-10-24,brooklyn,1621 EAST 36TH STREET NYC
3,OCEAN HILL,02 TWO FAMILY DWELLINGS,1,1506,51,B9,535 BAINBRIDGE STREET,11233.0,2.0,0.0,2.0,2000.0,2700.0,1910.0,1,B9,820000,2019-04-30,brooklyn,535 BAINBRIDGE STREET NYC
4,SOUTH JAMAICA,01 ONE FAMILY DWELLINGS,1,12171,1,A1,111-51 156TH STREET,11433.0,1.0,0.0,1.0,2500.0,1344.0,1925.0,1,A1,424000,2019-02-13,queens,111-51 156TH STREET NYC
4,SOUTH JAMAICA,01 ONE FAMILY DWELLINGS,1,10041,119,A5,143-07 105TH AVENUE,11435.0,1.0,0.0,1.0,1340.0,1314.0,1930.0,1,A5,495000,2019-11-13,queens,143-07 105TH AVENUE NYC
3,BEDFORD STUYVESANT,02 TWO FAMILY DWELLINGS,1,1599,122,B9,456 PULASKI STREET,11221.0,2.0,0.0,2.0,2000.0,2000.0,1991.0,1,B9,810000,2019-11-05,brooklyn,456 PULASKI STREET NYC
3,BEDFORD STUYVESANT,02 TWO FAMILY DWELLINGS,1,1673,13,B3,616 MACON STREET,11233.0,2.0,0.0,2.0,1800.0,2376.0,1901.0,1,B3,1315000,2019-07-17,brooklyn,616 MACON STREET NYC
5,GRANT CITY,01 ONE FAMILY DWELLINGS,1,3587,24,A5,34 EDISON STREET,10306.0,1.0,0.0,1.0,1806.0,1050.0,1990.0,1,A5,539000,2019-01-11,statenisland,34 EDISON STREET NYC
4,QUEENS VILLAGE,01 ONE FAMILY DWELLINGS,1,11227,86,A0,227-26 112 AVENUE,11429.0,1.0,0.0,1.0,4000.0,1020.0,1945.0,1,A0,525000,2019-02-20,queens,227-26 112 AVENUE NYC
4,DOUGLASTON,01 ONE FAMILY DWELLINGS,1,8288,2,A5,240-02 65TH AVENUE,11362.0,1.0,0.0,1.0,3096.0,1520.0,1970.0,1,A5,830000,2019-04-15,queens,240-02 65TH AVENUE NYC
3,BEDFORD STUYVESANT,02 TWO FAMILY DWELLINGS,1,1770,78,B2,39 PULASKI STREET,11206.0,2.0,0.0,2.0,1825.0,2082.0,1915.0,1,B2,775000,2019-02-20,brooklyn,39 PULASKI STREET NYC
4,SOUTH JAMAICA,02 TWO FAMILY DWELLINGS,1,10039,7,B3,106-18 142ND STREET,11435.0,2.0,0.0,2.0,2280.0,1248.0,1915.0,1,B3,770000,2019-10-11,queens,106-18 142ND STREET NYC
4,JAMAICA,02 TWO FAMILY DWELLINGS,1,10011,31,B3,97-27 SANDERS PLACE,11435.0,2.0,0.0,2.0,3060.0,1719.0,1925.0,1,B3,720000,2019-09-19,queens,97-27 SANDERS PLACE NYC
5,WILLOWBROOK,01 ONE FAMILY DWELLINGS,1,1965,96,A5,27 GWENN LOOP,10314.0,1.0,0.0,1.0,3590.0,1400.0,2005.0,1,A5,560000,2019-10-30,statenisland,27 GWENN LOOP NYC
4,FLUSHING-SOUTH,01 ONE FAMILY DWELLINGS,1,6584,29,A1,75-14 137TH STREET,11367.0,1.0,0.0,1.0,4000.0,1344.0,1940.0,1,A1,1250000,2019-05-23,queens,75-14 137TH STREET NYC
2,WILLIAMSBRIDGE,02 TWO FAMILY DWELLINGS,1,4662,61,B2,3639 BARNES AVENUE,10467.0,2.0,0.0,2.0,2106.0,1444.0,1901.0,1,B2,625000,2019-02-28,bronx,3639 BARNES AVENUE NYC
5,SOUTH BEACH,01 ONE FAMILY DWELLINGS,1,3124,75,A2,26 ROBIN ROAD,10305.0,1.0,0.0,1.0,2250.0,640.0,1940.0,1,A2,550000,2019-05-17,statenisland,26 ROBIN ROAD NYC
5,BULLS HEAD,01 ONE FAMILY DWELLINGS,1,1681,65,A5,55 CAROL PLACE,10303.0,1.0,0.0,1.0,1456.0,1324.0,1988.0,1,A5,389900,2019-09-27,statenisland,55 CAROL PLACE NYC
4,SOUTH OZONE PARK,01 ONE FAMILY DWELLINGS,1,11725,3,A1,130-52 LEFFERTS BLVD.,11420.0,1.0,0.0,1.0,2114.0,1608.0,1920.0,1,A1,451230,2019-03-22,queens,130-52 LEFFERTS BLVD. NYC
3,CYPRESS HILLS,02 TWO FAMILY DWELLINGS,1,4140,24,B2,234 RICHMOND STREET,11208.0,2.0,0.0,2.0,1552.0,1224.0,1910.0,1,B2,685000,2019-05-16,brooklyn,234 RICHMOND STREET NYC
3,FLATBUSH-EAST,01 ONE FAMILY DWELLINGS,1,4956,28,A9,538 EAST 40TH STREET,11203.0,1.0,0.0,1.0,2000.0,1280.0,1920.0,1,A9,587000,2019-07-09,brooklyn,538 EAST 40TH STREET NYC
4,ROSEDALE,01 ONE FAMILY DWELLINGS,1,12981,39,A2,243-11 132ND ROAD,11422.0,1.0,0.0,1.0,4000.0,1128.0,1950.0,1,A2,707533,2019-04-02,queens,243-11 132ND ROAD NYC
5,WEST NEW BRIGHTON,02 TWO FAMILY DWELLINGS,1,225,50,S2,903 FOREST AVENUE,10310.0,2.0,1.0,3.0,4255.0,2376.0,1930.0,1,S2,615000,2019-08-27,statenisland,903 FOREST AVENUE NYC
3,FLATBUSH-EAST,01 ONE FAMILY DWELLINGS,1,7729,85,A5,1560 SCHENECTADY AVENUE,11234.0,1.0,0.0,1.0,1600.0,1452.0,1950.0,1,A5,520000,2019-02-28,brooklyn,1560 SCHENECTADY AVENUE NYC
2,COUNTRY CLUB,02 TWO FAMILY DWELLINGS,1,5464,51,B2,1028 WILCOX AVE,10465.0,2.0,0.0,2.0,2375.0,1711.0,1920.0,1,B2,635000,2019-05-15,bronx,1028 WILCOX AVE NYC
3,EAST NEW YORK,01 ONE FAMILY DWELLINGS,1,4164,53,A9,79 MC KINLEY AVENUE,11208.0,1.0,0.0,1.0,1825.0,1176.0,1910.0,1,A9,670000,2019-11-06,brooklyn,79 MC KINLEY AVENUE NYC
4,OZONE PARK,02 TWO FAMILY DWELLINGS,1,9162,38,B3,105-33 93RD STREET,11417.0,2.0,0.0,2.0,2500.0,1733.0,1920.0,1,B3,650000,2019-01-31,queens,105-33 93RD STREET NYC
2,EAST TREMONT,03 THREE FAMILY DWELLINGS,1,3068,32,C0,2015 ARTHUR AVENUE,10457.0,3.0,0.0,3.0,2348.0,3547.0,2007.0,1,C0,948888,2019-09-25,bronx,2015 ARTHUR AVENUE NYC
3,CANARSIE,02 TWO FAMILY DWELLINGS,1,8230,32,B1,1025 EAST 103RD,11236.0,2.0,0.0,2.0,4000.0,2156.0,1965.0,1,B1,748580,2019-05-23,brooklyn,1025 EAST 103RD NYC
3,PARK SLOPE SOUTH,02 TWO FAMILY DWELLINGS,1,1108,6,S2,465A 7 AVENUE,11215.0,2.0,1.0,3.0,1231.0,3200.0,1901.0,1,S2,1700000,2019-06-28,brooklyn,465A 7 AVENUE NYC
4,MIDDLE VILLAGE,01 ONE FAMILY DWELLINGS,1,2827,20,A5,58-32 80TH STREET,11379.0,1.0,0.0,1.0,1800.0,1593.0,1940.0,1,A5,830000,2019-08-08,queens,58-32 80TH STREET NYC
5,MIDLAND BEACH,01 ONE FAMILY DWELLINGS,1,3655,24,A9,348 DONGAN HILLS AVENUE,10305.0,1.0,0.0,1.0,3480.0,1008.0,1970.0,1,A9,618000,2019-06-27,statenisland,348 DONGAN HILLS AVENUE NYC
5,CASTLETON CORNERS,01 ONE FAMILY DWELLINGS,1,376,9,A1,781 JEWETT AVENUE,10314.0,1.0,0.0,1.0,4880.0,1296.0,1955.0,1,A1,575000,2019-07-17,statenisland,781 JEWETT AVENUE NYC
4,JAMAICA,02 TWO FAMILY DWELLINGS,1,9830,26,B1,173-06 WARWICK CRESCENT,11432.0,2.0,0.0,2.0,1485.0,2151.0,2007.0,1,B1,880000,2019-03-12,queens,173-06 WARWICK CRESCENT NYC
4,GLENDALE,01 ONE FAMILY DWELLINGS,1,3634,44,A5,68-32 65TH PLACE,11385.0,1.0,0.0,1.0,2000.0,1248.0,1925.0,1,A5,670000,2019-04-11,queens,68-32 65TH PLACE NYC
5,STAPLETON,01 ONE FAMILY DWELLINGS,1,562,85,A1,139 FULTON STREET,10304.0,1.0,0.0,1.0,3000.0,1048.0,1920.0,1,A1,357000,2019-10-18,statenisland,139 FULTON STREET NYC
4,ARVERNE,02 TWO FAMILY DWELLINGS,1,16053,37,B2,69-06 BEACH CHANNEL DR,11692.0,2.0,0.0,2.0,2600.0,1852.0,2006.0,1,B2,500000,2019-07-31,queens,69-06 BEACH CHANNEL DR NYC
3,CANARSIE,03 THREE FAMILY DWELLINGS,1,8022,24,C0,941 E. 85TH STREET,11236.0,3.0,0.0,3.0,2700.0,3583.0,1960.0,1,C0,880000,2019-02-04,brooklyn,941 E. 85TH STREET NYC
4,SOUTH OZONE PARK,01 ONE FAMILY DWELLINGS,1,11748,28,A1,117-35 126TH STREET,11420.0,1.0,0.0,1.0,4000.0,1140.0,1920.0,1,A1,640000,2019-08-01,queens,117-35 126TH STREET NYC
3,BEDFORD STUYVESANT,03 THREE FAMILY DWELLINGS,1,1814,75,C0,811 MARCY AVENUE,11216.0,3.0,0.0,3.0,1250.0,2819.0,2004.0,1,C0,1275000,2019-03-08,brooklyn,811 MARCY AVENUE NYC
4,FLUSHING-NORTH,02 TWO FAMILY DWELLINGS,1,5184,49,B2,143-35 ASH AVENUE,11355.0,2.0,0.0,2.0,3418.0,2088.0,1965.0,1,B2,1433000,2019-10-17,queens,143-35 ASH AVENUE NYC
3,SHEEPSHEAD BAY,01 ONE FAMILY DWELLINGS,1,7343,29,A1,2154 EAST 12TH STREET,11229.0,1.0,0.0,1.0,2260.0,1380.0,1920.0,1,A1,1525000,2019-03-28,brooklyn,2154 EAST 12TH STREET NYC
5,NEW SPRINGVILLE,01 ONE FAMILY DWELLINGS,1,2384,24,A1,181 MERRYMOUNT STREET,10314.0,1.0,0.0,1.0,3990.0,2264.0,1970.0,1,A1,770000,2019-09-12,statenisland,181 MERRYMOUNT STREET NYC
4,FLUSHING-NORTH,02 TWO FAMILY DWELLINGS,1,6367,48,B3,132-37 60TH AVENUE,11355.0,2.0,0.0,2.0,2000.0,1960.0,1935.0,1,B3,920000,2019-09-30,queens,132-37 60TH AVENUE NYC
4,JAMAICA,02 TWO FAMILY DWELLINGS,1,9699,43,B3,139-11 87TH DRIVE,11435.0,2.0,0.0,2.0,2200.0,1664.0,1920.0,1,B3,642781,2019-03-22,queens,139-11 87TH DRIVE NYC
3,CANARSIE,02 TWO FAMILY DWELLINGS,1,8036,19,B2,1047 EAST 84TH STREET,11236.0,2.0,0.0,2.0,4000.0,2696.0,1935.0,1,B2,765000,2019-07-23,brooklyn,1047 EAST 84TH STREET NYC
4,WHITESTONE,01 ONE FAMILY DWELLINGS,1,4649,37,A1,147-28 16 ROAD,11357.0,1.0,0.0,1.0,3000.0,1282.0,1930.0,1,A1,865000,2019-04-16,queens,147-28 16 ROAD NYC
2,THROGS NECK,02 TWO FAMILY DWELLINGS,1,5531,44,B1,1010 REVERE AVENUE,10465.0,2.0,0.0,2.0,2500.0,2800.0,1960.0,1,B1,775000,2019-09-16,bronx,1010 REVERE AVENUE NYC
5,MIDLAND BEACH,01 ONE FAMILY DWELLINGS,1,3809,31,A5,141 BADEN PLACE,10306.0,1.0,0.0,1.0,1800.0,1000.0,1989.0,1,A5,315000,2019-09-17,statenisland,141 BADEN PLACE NYC
3,OCEAN HILL,02 TWO FAMILY DWELLINGS,1,1449,57,B3,2380 DEAN STREET,11233.0,2.0,0.0,2.0,4715.0,2600.0,1925.0,1,B3,1700000,2019-01-03,brooklyn,2380 DEAN STREET NYC
4,ROSEDALE,01 ONE FAMILY DWELLINGS,1,13649,53,A5,254-22 147TH AVENUE,11422.0,1.0,0.0,1.0,3450.0,1440.0,1960.0,1,A5,525000,2019-11-18,queens,254-22 147TH AVENUE NYC
3,CANARSIE,02 TWO FAMILY DWELLINGS,1,4747,2,B3,8719 AVENUE B,11236.0,2.0,0.0,2.0,2200.0,1872.0,1940.0,1,B3,440000,2019-11-21,brooklyn,8719 AVENUE B NYC
2,THROGS NECK,02 TWO FAMILY DWELLINGS,1,5501,16,B1,191 MEAGHER AVENUE,10465.0,2.0,0.0,2.0,2500.0,2835.0,1960.0,1,B1,584875,2019-11-06,bronx,191 MEAGHER AVENUE NYC
2,BAYCHESTER,02 TWO FAMILY DWELLINGS,1,4799,104,B1,2881 GRACE AVENUE,10469.0,2.0,0.0,2.0,2223.0,3201.0,2006.0,1,B1,499000,2019-04-05,bronx,2881 GRACE AVENUE NYC
4,FLUSHING-NORTH,01 ONE FAMILY DWELLINGS,1,5222,47,A1,49-03 KISSENA BOULEVARD,11355.0,1.0,0.0,1.0,4939.0,2140.0,1901.0,1,A1,1180000,2019-12-19,queens,49-03 KISSENA BOULEVARD NYC
4,SO. JAMAICA-BAISLEY PARK,01 ONE FAMILY DWELLINGS,1,12248,29,A1,119-36 GUY R. BREWER BLVD.,11434.0,1.0,0.0,1.0,2325.0,1440.0,1998.0,1,A1,365000,2019-10-24,queens,119-36 GUY R. BREWER BLVD. NYC
5,WESTERLEIGH,01 ONE FAMILY DWELLINGS,1,1468,19,A1,252 WATERS AVENUE,10314.0,1.0,0.0,1.0,2375.0,1044.0,1930.0,1,A1,490000,2019-09-23,statenisland,252 WATERS AVENUE NYC
5,GREAT KILLS,02 TWO FAMILY DWELLINGS,1,4550,71,B9,97 REDWOOD AVENUE,10308.0,2.0,0.0,2.0,4864.0,2533.0,1980.0,1,B9,720000,2019-04-03,statenisland,97 REDWOOD AVENUE NYC
5,TOTTENVILLE,01 ONE FAMILY DWELLINGS,1,8025,64,A2,110 YETMAN AVENUE,10307.0,1.0,0.0,1.0,2500.0,655.0,1950.0,1,A2,545487,2019-06-17,statenisland,110 YETMAN AVENUE NYC
3,FLATBUSH-NORTH,02 TWO FAMILY DWELLINGS,1,4824,53,B1,617 TROY AVENUE,11203.0,2.0,0.0,2.0,2600.0,2070.0,1935.0,1,B1,361000,2019-04-19,brooklyn,617 TROY AVENUE NYC
4,RICHMOND HILL,02 TWO FAMILY DWELLINGS,1,9317,26,B3,110-07 ATLANTIC AVENUE,11418.0,2.0,0.0,2.0,1764.0,1956.0,1920.0,1,B3,450000,2019-04-10,queens,110-07 ATLANTIC AVENUE NYC
4,SO. JAMAICA-BAISLEY PARK,02 TWO FAMILY DWELLINGS,1,12038,61,B2,142-53 123RD AVENUE,11436.0,2.0,0.0,2.0,3232.0,1680.0,2001.0,1,B2,540000,2019-10-03,queens,142-53 123RD AVENUE NYC
3,FLATBUSH-EAST,01 ONE FAMILY DWELLINGS,1,4874,21,A9,208 EAST 38TH STREET,11203.0,1.0,0.0,1.0,2000.0,1312.0,1920.0,1,A9,725000,2019-07-19,brooklyn,208 EAST 38TH STREET NYC
3,BEDFORD STUYVESANT,03 THREE FAMILY DWELLINGS,1,1838,35,C0,214 HANCOCK STREET,11216.0,3.0,0.0,3.0,1667.0,3000.0,1901.0,1,C0,1390000,2019-08-13,brooklyn,214 HANCOCK STREET NYC
3,EAST NEW YORK,01 ONE FAMILY DWELLINGS,1,3723,28,A1,256 WYONA STREET,11207.0,1.0,0.0,1.0,2500.0,1200.0,1910.0,1,A1,490000,2019-06-27,brooklyn,256 WYONA STREET NYC
4,MASPETH,03 THREE FAMILY DWELLINGS,1,2771,26,C0,62-44 62ND ROAD,11379.0,3.0,0.0,3.0,2376.0,1760.0,1920.0,1,C0,915000,2019-06-14,queens,62-44 62ND ROAD NYC
4,SOUTH JAMAICA,02 TWO FAMILY DWELLINGS,1,10042,37,B3,105-47 REMINGTON STREET,11435.0,2.0,0.0,2.0,2500.0,2231.0,1920.0,1,B3,750000,2019-11-01,queens,105-47 REMINGTON STREET NYC
3,FLATBUSH-EAST,01 ONE FAMILY DWELLINGS,1,4734,57,A1,575 EAST 49TH STREET,11203.0,1.0,0.0,1.0,3000.0,1114.0,1920.0,1,A1,707000,2019-09-11,brooklyn,575 EAST 49TH STREET NYC
4,RICHMOND HILL,03 THREE FAMILY DWELLINGS,1,9305,57,C0,87-63 115TH STREET,11418.0,3.0,0.0,3.0,3639.0,3116.0,1920.0,1,C0,880786,2019-01-10,queens,87-63 115TH STREET NYC
3,GERRITSEN BEACH,01 ONE FAMILY DWELLINGS,1,8830,79,A9,3128 AVENUE W,11229.0,1.0,0.0,1.0,1530.0,855.0,1930.0,1,A9,655000,2019-12-03,brooklyn,3128 AVENUE W NYC
4,LAURELTON,01 ONE FAMILY DWELLINGS,1,12905,10,A1,130-55 227TH STREET,11413.0,1.0,0.0,1.0,3200.0,1712.0,1930.0,1,A1,670000,2019-10-15,queens,130-55 227TH STREET NYC
4,WOODSIDE,02 TWO FAMILY DWELLINGS,1,2329,27,B2,48-08 59TH PLACE,11377.0,2.0,0.0,2.0,2000.0,1344.0,1935.0,1,B2,730000,2019-02-28,queens,48-08 59TH PLACE NYC
2,BAYCHESTER,02 TWO FAMILY DWELLINGS,1,4985,86,B1,4003 HILL AVENUE,10466.0,2.0,0.0,2.0,2375.0,2788.0,1960.0,1,B1,480000,2019-09-25,bronx,4003 HILL AVENUE NYC
4,RICHMOND HILL,01 ONE FAMILY DWELLINGS,1,9382,8,A1,102-16 95TH AVENUE,11416.0,1.0,0.0,1.0,3000.0,1672.0,1920.0,1,A1,998000,2019-07-31,queens,102-16 95TH AVENUE NYC
5,SILVER LAKE,01 ONE FAMILY DWELLINGS,1,266,8,A1,659 BARD AVENUE,10310.0,1.0,0.0,1.0,2800.0,1716.0,1930.0,1,A1,465000,2019-11-19,statenisland,659 BARD AVENUE NYC
4,MASPETH,07 RENTALS - WALKUP APARTMENTS,2A,2639,48,C3,61-06 55TH STREET,11378.0,4.0,0.0,4.0,2500.0,2800.0,1915.0,2,C3,1120000,2019-03-05,queens,61-06 55TH STREET NYC
4,SO. JAMAICA-BAISLEY PARK,01 ONE FAMILY DWELLINGS,1,12242,1,A1,118-39 LAKEVIEW BOULEVARD E,11434.0,1.0,0.0,1.0,1600.0,876.0,2005.0,1,A1,405000,2019-06-24,queens,118-39 LAKEVIEW BOULEVARD E NYC
3,SHEEPSHEAD BAY,02 TWO FAMILY DWELLINGS,1,7385,29,B1,2260 EAST 28TH STREET,11229.0,2.0,0.0,2.0,2300.0,1932.0,1950.0,1,B1,730000,2019-08-16,brooklyn,2260 EAST 28TH STREET NYC
4,SPRINGFIELD GARDENS,01 ONE FAMILY DWELLINGS,1,12702,76,A1,12254 MILBURN STREET,11413.0,1.0,0.0,1.0,2987.0,1260.0,1925.0,1,A1,550000,2019-07-30,queens,12254 MILBURN STREET NYC
3,GRAVESEND,01 ONE FAMILY DWELLINGS,1,7085,18,A9,411 APPLEGATE COURT,11223.0,1.0,0.0,1.0,1500.0,1184.0,1925.0,1,A9,770000,2019-06-20,brooklyn,411 APPLEGATE COURT NYC
4,FLUSHING-NORTH,01 ONE FAMILY DWELLINGS,1,5622,7,A0,48-41 186TH STREET,11365.0,1.0,0.0,1.0,4000.0,1211.0,1955.0,1,A0,860000,2019-10-28,queens,48-41 186TH STREET NYC
4,SOUTH OZONE PARK,03 THREE FAMILY DWELLINGS,1,11716,42,C0,122-34 ROCKAWAY BOULEVARD,11420.0,3.0,0.0,3.0,2240.0,2128.0,1901.0,1,C0,715000,2019-02-15,queens,122-34 ROCKAWAY BOULEVARD NYC
4,ELMHURST,02 TWO FAMILY DWELLINGS,1,2902,8,B2,83-14 GRAND AVENUE,11373.0,2.0,0.0,2.0,1432.0,2460.0,1930.0,1,B2,640000,2019-10-10,queens,83-14 GRAND AVENUE NYC
3,FLATBUSH-EAST,02 TWO FAMILY DWELLINGS,1,4740,60,B1,5564 KINGS HIGHWAY,11203.0,2.0,0.0,2.0,2200.0,2928.0,1940.0,1,B1,700000,2019-09-18,brooklyn,5564 KINGS HIGHWAY NYC
4,SOUTH OZONE PARK,02 TWO FAMILY DWELLINGS,1,11893,13,B1,150-47 124TH STREET,11420.0,2.0,0.0,2.0,3000.0,1783.0,2005.0,1,B1,690000,2019-10-08,queens,150-47 124TH STREET NYC
4,ST. ALBANS,01 ONE FAMILY DWELLINGS,1,10977,30,A1,112-14 202ND STREET,11412.0,1.0,0.0,1.0,3000.0,1632.0,1930.0,1,A1,580000,2019-01-23,queens,112-14 202ND STREET NYC
4,SO. JAMAICA-BAISLEY PARK,02 TWO FAMILY DWELLINGS,1,12202,43,B3,150-84 116TH ROAD,11434.0,2.0,0.0,2.0,2000.0,995.0,1925.0,1,B3,300202,2019-11-12,queens,150-84 116TH ROAD NYC
3,CANARSIE,01 ONE FAMILY DWELLINGS,1,8007,3,A2,8617 FLATLANDS AVENUE,11236.0,1.0,0.0,1.0,1800.0,796.0,1920.0,1,A2,500000,2019-01-29,brooklyn,8617 FLATLANDS AVENUE NYC
5,WOODROW,02 TWO FAMILY DWELLINGS,1,7013,53,B2,100 MARISA CIRCLE,10309.0,2.0,0.0,2.0,3773.0,3096.0,1984.0,1,B2,855000,2019-06-17,statenisland,100 MARISA CIRCLE NYC
3,BUSHWICK,01 ONE FAMILY DWELLINGS,1,3367,20,A5,1032 MADISON STREET,11221.0,1.0,0.0,1.0,2000.0,1700.0,1910.0,1,A5,700000,2019-05-22,brooklyn,1032 MADISON STREET NYC
4,CORONA,03 THREE FAMILY DWELLINGS,1,1941,8,C0,102-12 LARUE AVE,11368.0,3.0,0.0,3.0,2000.0,2230.0,1925.0,1,C0,1030000,2019-01-03,queens,102-12 LARUE AVE NYC
3,GRAVESEND,01 ONE FAMILY DWELLINGS,1,7144,18,A1,2230 WEST 6TH STREET,11223.0,1.0,0.0,1.0,2200.0,1110.0,1935.0,1,A1,835000,2019-11-05,brooklyn,2230 WEST 6TH STREET NYC
4,JACKSON HEIGHTS,03 THREE FAMILY DWELLINGS,1,1361,13,C0,25-10 88TH STREET,11369.0,3.0,0.0,3.0,2868.0,3100.0,2001.0,1,C0,1550000,2019-01-22,queens,25-10 88TH STREET NYC
4,BEECHHURST,01 ONE FAMILY DWELLINGS,1,4546,48,A1,15440 10TH AVE,11357.0,1.0,0.0,1.0,4900.0,1721.0,1901.0,1,A1,999000,2019-12-23,queens,15440 10TH AVE NYC
3,GREENPOINT,02 TWO FAMILY DWELLINGS,1,2840,2,B2,112 KINGSLAND AVENUE,11222.0,2.0,0.0,2.0,2525.0,450.0,1920.0,1,B2,1275000,2019-08-12,brooklyn,112 KINGSLAND AVENUE NYC
3,EAST NEW YORK,02 TWO FAMILY DWELLINGS,1,3875,33,B1,738 WILLIAMS AVENUE,11207.0,2.0,0.0,2.0,2000.0,2080.0,1901.0,1,B1,400000,2019-03-25,brooklyn,738 WILLIAMS AVENUE NYC
5,MIDLAND BEACH,01 ONE FAMILY DWELLINGS,1,3652,42,A5,509 LACONIA AVENUE,10305.0,1.0,0.0,1.0,1260.0,1020.0,1980.0,1,A5,489000,2019-06-21,statenisland,509 LACONIA AVENUE NYC
4,RICHMOND HILL,01 ONE FAMILY DWELLINGS,1,9206,37,A1,110-47 84 AVENUE,11418.0,1.0,0.0,1.0,3500.0,2237.0,1925.0,1,A1,703000,2019-05-13,queens,110-47 84 AVENUE NYC
2,BAYCHESTER,02 TWO FAMILY DWELLINGS,1,4744,58,B1,3346 EASTCHESTER ROAD,10469.0,2.0,0.0,2.0,2354.0,1584.0,1940.0,1,B1,450000,2019-03-20,bronx,3346 EASTCHESTER ROAD NYC
5,WESTERLEIGH,01 ONE FAMILY DWELLINGS,1,430,10,A1,301 CLINTON B FISK AVE,10314.0,1.0,0.0,1.0,3000.0,1088.0,1925.0,1,A1,630000,2019-01-11,statenisland,301 CLINTON B FISK AVE NYC
3,BATH BEACH,01 ONE FAMILY DWELLINGS,1,6401,10,S1,1725 BATH AVENUE,11214.0,1.0,1.0,2.0,1160.0,2320.0,1920.0,1,S1,980000,2019-02-21,brooklyn,1725 BATH AVENUE NYC
4,JACKSON HEIGHTS,01 ONE FAMILY DWELLINGS,1,1242,26,A5,33-42 70TH STREET,11372.0,1.0,0.0,1.0,1800.0,1728.0,1945.0,1,A5,725000,2019-02-26,queens,33-42 70TH STREET NYC
1,HARLEM-UPPER,03 THREE FAMILY DWELLINGS,1,2064,46,C0,457 CONVENT AVENUE,10031.0,3.0,0.0,3.0,796.0,2752.0,1915.0,1,C0,1180366,2019-09-20,manhattan,457 CONVENT AVENUE NYC
4,QUEENS VILLAGE,01 ONE FAMILY DWELLINGS,1,10642,40,A1,91-07 216TH STREET,11428.0,1.0,0.0,1.0,3500.0,1190.0,1920.0,1,A1,306135,2019-03-25,queens,91-07 216TH STREET NYC
4,GLENDALE,02 TWO FAMILY DWELLINGS,1,3731,43,B1,80-72 59TH STREET,11385.0,2.0,0.0,2.0,2475.0,2000.0,2004.0,1,B1,955000,2019-07-26,queens,80-72 59TH STREET NYC
5,MARINERS HARBOR,02 TWO FAMILY DWELLINGS,1,1238,22,B9,29 MERSEREAU AVENUE,10303.0,2.0,0.0,2.0,3325.0,1512.0,2004.0,1,B9,428000,2019-10-10,statenisland,29 MERSEREAU AVENUE NYC
4,CORONA,03 THREE FAMILY DWELLINGS,1,1748,44,C0,34-66 107TH STREET,11368.0,3.0,0.0,3.0,1071.0,2520.0,2006.0,1,C0,1180000,2019-05-20,queens,34-66 107TH STREET NYC
4,MIDDLE VILLAGE,01 ONE FAMILY DWELLINGS,1,3004,21,A5,64-32 79TH STREET,11379.0,1.0,0.0,1.0,2000.0,1320.0,1925.0,1,A5,750000,2019-07-18,queens,64-32 79TH STREET NYC
4,SOUTH OZONE PARK,02 TWO FAMILY DWELLINGS,1,11655,27,B3,114-44 130 STREET,11420.0,2.0,0.0,2.0,2459.0,1464.0,1925.0,1,B3,735000,2019-07-22,queens,114-44 130 STREET NYC
5,SUNNYSIDE,01 ONE FAMILY DWELLINGS,1,679,42,A2,99 NORTHERN BOULEVARD,10301.0,1.0,0.0,1.0,4000.0,2036.0,1965.0,1,A2,560038,2019-07-23,statenisland,99 NORTHERN BOULEVARD NYC
5,GREAT KILLS,01 ONE FAMILY DWELLINGS,1,5526,36,A5,630 LEVERETT AVENUE,10312.0,1.0,0.0,1.0,2784.0,1410.0,1965.0,1,A5,585000,2019-10-04,statenisland,630 LEVERETT AVENUE NYC
4,ELMHURST,22 STORE BUILDINGS,4,1593,111,K2,40-08 WARREN STREET,11373.0,0.0,3.0,3.0,1170.0,3315.0,1990.0,4,K2,1425000,2019-05-17,queens,40-08 WARREN STREET NYC
3,WILLIAMSBURG-EAST,01 ONE FAMILY DWELLINGS,1,2771,38,A9,261 AINSLIE ST,11211.0,1.0,0.0,1.0,2500.0,2464.0,1920.0,1,A9,1000000,2019-04-14,brooklyn,261 AINSLIE ST NYC
3,EAST NEW YORK,03 THREE FAMILY DWELLINGS,1,4003,113,C0,752 GLENMORE AVENUE,11208.0,3.0,0.0,3.0,1460.0,2820.0,1901.0,1,C0,850000,2019-03-15,brooklyn,752 GLENMORE AVENUE NYC
4,FLUSHING-NORTH,01 ONE FAMILY DWELLINGS,1,4288,29,A5,141-33 25TH ROAD,11354.0,1.0,0.0,1.0,2933.0,1296.0,1960.0,1,A5,775000,2019-02-15,queens,141-33 25TH ROAD NYC
3,DYKER HEIGHTS,07 RENTALS - WALKUP APARTMENTS,2A,6156,61,C3,1341 70TH STREET,11228.0,4.0,0.0,4.0,2667.0,3198.0,1924.0,2,C3,1598888,2019-05-30,brooklyn,1341 70TH STREET NYC
4,SO. JAMAICA-BAISLEY PARK,01 ONE FAMILY DWELLINGS,1,12350,4,A2,168-11 FOCH BOULEVARD,11434.0,1.0,0.0,1.0,2200.0,902.0,1935.0,1,A2,499999,2019-01-29,queens,168-11 FOCH BOULEVARD NYC
4,MIDDLE VILLAGE,01 ONE FAMILY DWELLINGS,1,3034,19,A2,64-28 75TH STREET,11379.0,1.0,0.0,1.0,2000.0,796.0,1940.0,1,A2,619250,2019-06-25,queens,64-28 75TH STREET NYC
5,ROSEBANK,01 ONE FAMILY DWELLINGS,1,2975,47,A5,218 VIRGINIA AVENUE,10305.0,1.0,0.0,1.0,1344.0,1200.0,1992.0,1,A5,450000,2019-05-14,statenisland,218 VIRGINIA AVENUE NYC
4,WOODHAVEN,02 TWO FAMILY DWELLINGS,1,8863,73,B1,86-16 89TH STREET,11421.0,2.0,0.0,2.0,2017.0,2000.0,1901.0,1,B1,800000,2019-11-19,queens,86-16 89TH STREET NYC
3,EAST NEW YORK,02 TWO FAMILY DWELLINGS,1,4021,7,B1,459 SHEPHERD AVENUE,11208.0,2.0,0.0,2.0,2000.0,2200.0,1901.0,1,B1,900000,2019-09-05,brooklyn,459 SHEPHERD AVENUE NYC
2,CITY ISLAND,01 ONE FAMILY DWELLINGS,1,5631,126,A1,104 BAY STREET,10464.0,1.0,0.0,1.0,3325.0,1484.0,1920.0,1,A1,565000,2019-04-29,bronx,104 BAY STREET NYC
5,PRINCES BAY,01 ONE FAMILY DWELLINGS,1,6671,15,A1,96 ORMSBY AVENUE,10309.0,1.0,0.0,1.0,2640.0,1420.0,2002.0,1,A1,600000,2019-08-29,statenisland,96 ORMSBY AVENUE NYC
4,OZONE PARK,01 ONE FAMILY DWELLINGS,1,9147,54,A1,108-21 86TH STREET,11417.0,1.0,0.0,1.0,2600.0,1152.0,1925.0,1,A1,665000,2019-05-29,queens,108-21 86TH STREET NYC
4,SOUTH JAMAICA,02 TWO FAMILY DWELLINGS,1,10267,60,B2,10952 176TH STREET,11433.0,2.0,0.0,2.0,1544.0,3552.0,2005.0,1,B2,493600,2019-12-30,queens,10952 176TH STREET NYC
3,FLATBUSH-EAST,02 TWO FAMILY DWELLINGS,1,4951,44,B3,3415 AVENUE D,11203.0,2.0,0.0,2.0,2160.0,1568.0,1910.0,1,B3,560000,2019-02-28,brooklyn,3415 AVENUE D NYC
3,MARINE PARK,01 ONE FAMILY DWELLINGS,1,8478,70,A9,1826 EAST 35TH STREET,11234.0,1.0,0.0,1.0,1800.0,1116.0,1925.0,1,A9,500000,2019-11-14,brooklyn,1826 EAST 35TH STREET NYC
2,SOUNDVIEW,07 RENTALS - WALKUP APARTMENTS,2A,3736,58,C3,1155 COLGATE AVENUE,10472.0,4.0,0.0,4.0,2500.0,3360.0,1927.0,2,C3,860259,2019-09-20,bronx,1155 COLGATE AVENUE NYC
4,SOUTH OZONE PARK,01 ONE FAMILY DWELLINGS,1,11604,17,A1,109-22 124 STREET,11420.0,1.0,0.0,1.0,3000.0,1032.0,1930.0,1,A1,580000,2019-05-07,queens,109-22 124 STREET NYC
4,QUEENS VILLAGE,01 ONE FAMILY DWELLINGS,1,10656,101,A1,89-67 214TH STREET,11427.0,1.0,0.0,1.0,2850.0,1170.0,1930.0,1,A1,615000,2019-08-14,queens,89-67 214TH STREET NYC
3,SHEEPSHEAD BAY,01 ONE FAMILY DWELLINGS,1,7353,60,A1,2585 OCEAN AVENUE,11229.0,1.0,0.0,1.0,2800.0,1248.0,1925.0,1,A1,550000,2019-05-07,brooklyn,2585 OCEAN AVENUE NYC
3,BEDFORD STUYVESANT,07 RENTALS - WALKUP APARTMENTS,2A,1768,23,C3,614 WILLOUGHBY AVENUE,11206.0,4.0,0.0,4.0,2000.0,2520.0,1931.0,2,C3,1530000,2019-12-03,brooklyn,614 WILLOUGHBY AVENUE NYC
4,QUEENS VILLAGE,01 ONE FAMILY DWELLINGS,1,10732,40,A1,93-01 220TH STREET,11428.0,1.0,0.0,1.0,4000.0,1624.0,1920.0,1,A1,590000,2019-05-31,queens,93-01 220TH STREET NYC
2,THROGS NECK,01 ONE FAMILY DWELLINGS,1,5520,57,A2,394 PENNYFIELD AVENUE,10465.0,1.0,0.0,1.0,4490.0,1660.0,1950.0,1,A2,499000,2019-01-08,bronx,394 PENNYFIELD AVENUE NYC
4,OZONE PARK,01 ONE FAMILY DWELLINGS,1,9103,61,A9,101-17 95 STREET,11416.0,1.0,0.0,1.0,2246.0,1348.0,1910.0,1,A9,685000,2019-09-26,queens,101-17 95 STREET NYC
4,JAMAICA,03 THREE FAMILY DWELLINGS,1,10008,27,C0,143-31 97TH AVENUE,11435.0,3.0,0.0,3.0,2548.0,2640.0,1920.0,1,C0,590000,2019-10-10,queens,143-31 97TH AVENUE NYC
3,BENSONHURST,02 TWO FAMILY DWELLINGS,1,6158,43,S2,6911 NEW UTRECHT AVENUE,11228.0,2.0,1.0,3.0,2831.0,3300.0,1931.0,1,S2,1210000,2019-05-28,brooklyn,6911 NEW UTRECHT AVENUE NYC
4,MASPETH,02 TWO FAMILY DWELLINGS,1,2746,21,B1,61-06 60TH DRIVE,11378.0,2.0,0.0,2.0,1680.0,1392.0,1920.0,1,B1,870000,2019-07-01,queens,61-06 60TH DRIVE NYC
3,SHEEPSHEAD BAY,22 STORE BUILDINGS,4,7418,23,K2,2456 EAST 17TH STREET,11235.0,0.0,1.0,1.0,1935.0,3870.0,1957.0,4,K2,1250000,2019-08-26,brooklyn,2456 EAST 17TH STREET NYC
4,COLLEGE POINT,02 TWO FAMILY DWELLINGS,1,4019,127,B1,114-05 TAIPEI COURT,11356.0,2.0,0.0,2.0,1400.0,2400.0,2017.0,1,B1,967338,2019-06-24,queens,114-05 TAIPEI COURT NYC
3,MIDWOOD,02 TWO FAMILY DWELLINGS,1,6697,66,B1,855 EAST 13TH STREET,11230.0,2.0,0.0,2.0,3000.0,2240.0,1920.0,1,B1,1200000,2019-07-11,brooklyn,855 EAST 13TH STREET NYC
4,SOUTH OZONE PARK,01 ONE FAMILY DWELLINGS,1,11821,22,A0,149-27 120TH STREET,11420.0,1.0,0.0,1.0,4000.0,1050.0,1945.0,1,A0,680000,2019-01-11,queens,149-27 120TH STREET NYC
2,BAYCHESTER,01 ONE FAMILY DWELLINGS,1,4943,54,A1,3695 SECOR AVENUE,10466.0,1.0,0.0,1.0,2856.0,1248.0,1925.0,1,A1,327000,2019-11-26,bronx,3695 SECOR AVENUE NYC
4,JACKSON HEIGHTS,02 TWO FAMILY DWELLINGS,1,1048,30,B1,25-42 72ND STREET,11370.0,2.0,0.0,2.0,2200.0,1694.0,1955.0,1,B1,900000,2019-10-07,queens,25-42 72ND STREET NYC
4,LAURELTON,01 ONE FAMILY DWELLINGS,1,13166,23,A1,135-27 231ST STREET,11413.0,1.0,0.0,1.0,3142.0,1316.0,1930.0,1,A1,552000,2019-11-20,queens,135-27 231ST STREET NYC
5,PORT RICHMOND,02 TWO FAMILY DWELLINGS,1,1116,106,B2,28 RIVERSIDE LANE,10302.0,2.0,0.0,2.0,3713.0,1550.0,2018.0,1,B2,560036,2019-01-14,statenisland,28 RIVERSIDE LANE NYC
5,GRASMERE,01 ONE FAMILY DWELLINGS,1,3153,19,A2,875 TARGEE STREET,10304.0,1.0,0.0,1.0,3360.0,876.0,1950.0,1,A2,406614,2019-12-23,statenisland,875 TARGEE STREET NYC
5,NEW SPRINGVILLE,01 ONE FAMILY DWELLINGS,1,1991,19,A5,50 CONRAD AVENUE,10314.0,1.0,0.0,1.0,2500.0,1566.0,2016.0,1,A5,695465,2019-04-10,statenisland,50 CONRAD AVENUE NYC
3,BEDFORD STUYVESANT,02 TWO FAMILY DWELLINGS,1,1709,21,B3,806 HERKIMER STREET,11233.0,2.0,0.0,2.0,1225.0,2025.0,1901.0,1,B3,1050000,2019-01-31,brooklyn,806 HERKIMER STREET NYC
4,SOUTH OZONE PARK,02 TWO FAMILY DWELLINGS,1,11682,14,B1,116-16 126TH STREET,11420.0,2.0,0.0,2.0,4000.0,1920.0,1930.0,1,B1,830000,2019-01-31,queens,116-16 126TH STREET NYC
2,MORRISANIA/LONGWOOD,02 TWO FAMILY DWELLINGS,1,2642,51,B2,607 WALES AVENUE,10455.0,2.0,0.0,2.0,1951.0,2790.0,1920.0,1,B2,745000,2019-07-03,bronx,607 WALES AVENUE NYC
2,BAYCHESTER,02 TWO FAMILY DWELLINGS,1,4728,57,B3,3478 KINGSLAND AVENUE,10469.0,2.0,0.0,2.0,2002.0,1760.0,1925.0,1,B3,701518,2019-01-22,bronx,3478 KINGSLAND AVENUE NYC
3,SUNSET PARK,01 ONE FAMILY DWELLINGS,1,681,73,A5,187 33RD STREET,11232.0,1.0,0.0,1.0,1533.0,1374.0,1987.0,1,A5,755000,2019-07-23,brooklyn,187 33RD STREET NYC
4,ST. ALBANS,01 ONE FAMILY DWELLINGS,1,11010,39,A1,194-53 114TH ROAD,11412.0,1.0,0.0,1.0,3000.0,1516.0,1920.0,1,A1,545000,2019-01-31,queens,194-53 114TH ROAD NYC
3,SUNSET PARK,02 TWO FAMILY DWELLINGS,1,838,49,B9,359 57TH STREET,11220.0,2.0,0.0,2.0,2003.0,2400.0,1901.0,1,B9,990000,2019-03-14,brooklyn,359 57TH STREET NYC
4,MASPETH,02 TWO FAMILY DWELLINGS,1,2400,24,B1,66-29 54TH AVENUE,11378.0,2.0,0.0,2.0,3269.0,2508.0,1930.0,1,B1,1280000,2019-04-02,queens,66-29 54TH AVENUE NYC
3,BENSONHURST,03 THREE FAMILY DWELLINGS,1,6171,61,C0,1755 71ST STREET,11204.0,3.0,0.0,3.0,2500.0,3000.0,1924.0,1,C0,1570000,2019-04-17,brooklyn,1755 71ST STREET NYC
4,RIDGEWOOD,02 TWO FAMILY DWELLINGS,1,3482,1,B2,1912 PUTNAM AVENUE,11385.0,2.0,0.0,2.0,2500.0,3092.0,1925.0,1,B2,824783,2019-12-18,queens,1912 PUTNAM AVENUE NYC
2,PARKCHESTER,03 THREE FAMILY DWELLINGS,1,3932,48,C0,2010 BENEDICT AVE,10462.0,3.0,0.0,3.0,1907.0,2604.0,1930.0,1,C0,515000,2019-07-29,bronx,2010 BENEDICT AVE NYC
3,MARINE PARK,02 TWO FAMILY DWELLINGS,1,8526,49,B3,2018 COLEMAN STREET,11234.0,2.0,0.0,2.0,2500.0,1184.0,1925.0,1,B3,675000,2019-07-25,brooklyn,2018 COLEMAN STREET NYC
4,ROSEDALE,02 TWO FAMILY DWELLINGS,1,13637,18,B3,249-24 147TH ROAD,11422.0,2.0,0.0,2.0,4227.0,1687.0,1955.0,1,B3,665000,2019-05-13,queens,249-24 147TH ROAD NYC
4,FRESH MEADOWS,01 ONE FAMILY DWELLINGS,1,7181,74,A1,73-07 194TH STREET,11366.0,1.0,0.0,1.0,4000.0,1424.0,1935.0,1,A1,900000,2019-05-13,queens,73-07 194TH STREET NYC
4,REGO PARK,01 ONE FAMILY DWELLINGS,1,3151,98,A5,65-37 ALDERTON STREET,11374.0,1.0,0.0,1.0,2322.0,1782.0,1940.0,1,A5,998000,2019-06-26,queens,65-37 ALDERTON STREET NYC
4,FAR ROCKAWAY,02 TWO FAMILY DWELLINGS,1,15670,102,B2,13-59 DICKENS STREET,11691.0,2.0,0.0,2.0,1733.0,2150.0,1930.0,1,B2,361122,2019-04-05,queens,13-59 DICKENS STREET NYC
4,WOODHAVEN,01 ONE FAMILY DWELLINGS,1,8976,5,A1,8909 96TH ST,11421.0,1.0,0.0,1.0,2000.0,1296.0,1920.0,1,A1,537329,2019-05-10,queens,8909 96TH ST NYC
3,MILL BASIN,02 TWO FAMILY DWELLINGS,1,8645,17,B9,2240 EAST 57TH PLACE,11234.0,2.0,0.0,2.0,3100.0,2464.0,1965.0,1,B9,999000,2019-07-30,brooklyn,2240 EAST 57TH PLACE NYC
3,CANARSIE,07 RENTALS - WALKUP APARTMENTS,2A,8167,33,C3,9804 FARRAGUT ROAD,11236.0,4.0,0.0,4.0,2000.0,2694.0,1920.0,2,C3,620000,2019-06-21,brooklyn,9804 FARRAGUT ROAD NYC
4,HOLLIS,01 ONE FAMILY DWELLINGS,1,10566,42,A1,9112 HOLLIS COURT BLVD,11428.0,1.0,0.0,1.0,3000.0,1292.0,1930.0,1,A1,462500,2019-04-15,queens,9112 HOLLIS COURT BLVD NYC
4,OZONE PARK,01 ONE FAMILY DWELLINGS,1,11552,80,A1,97-41 ECKFORD AVENUE,11417.0,1.0,0.0,1.0,2400.0,1200.0,1930.0,1,A1,435000,2019-01-24,queens,97-41 ECKFORD AVENUE NYC
5,NEW SPRINGVILLE,01 ONE FAMILY DWELLINGS,1,2452,25,A5,27 VENUS LANE,10314.0,1.0,0.0,1.0,3311.0,1500.0,1987.0,1,A5,470000,2019-05-10,statenisland,27 VENUS LANE NYC
4,EAST ELMHURST,02 TWO FAMILY DWELLINGS,1,1409,56,B1,31-23 97TH STREET,11369.0,2.0,0.0,2.0,2700.0,1596.0,1910.0,1,B1,690000,2019-11-25,queens,31-23 97TH STREET NYC
3,CANARSIE,01 ONE FAMILY DWELLINGS,1,8244,19,A2,1323 E. 98TH STREET,11236.0,1.0,0.0,1.0,2600.0,744.0,1925.0,1,A2,390000,2019-05-16,brooklyn,1323 E. 98TH STREET NYC
5,OAKWOOD-BEACH,01 ONE FAMILY DWELLINGS,1,4024,28,A1,536 OAK AVENUE,10306.0,1.0,0.0,1.0,3800.0,1508.0,1975.0,1,A1,570000,2019-09-26,statenisland,536 OAK AVENUE NYC
4,JACKSON HEIGHTS,02 TWO FAMILY DWELLINGS,1,1400,15,B1,31-22 89TH STREET,11369.0,2.0,0.0,2.0,2500.0,1972.0,1930.0,1,B1,1095000,2019-02-01,queens,31-22 89TH STREET NYC
3,BATH BEACH,02 TWO FAMILY DWELLINGS,1,6461,22,B1,242 BAY 14TH STREET,11214.0,2.0,0.0,2.0,1746.0,1890.0,1940.0,1,B1,983000,2019-04-16,brooklyn,242 BAY 14TH STREET NYC
4,OZONE PARK,02 TWO FAMILY DWELLINGS,1,11409,4,B3,90-03 ALBERT ROAD,11417.0,2.0,0.0,2.0,2352.0,1960.0,1940.0,1,B3,550000,2019-06-11,queens,90-03 ALBERT ROAD NYC
2,WILLIAMSBRIDGE,02 TWO FAMILY DWELLINGS,1,4869,20,B1,1027 EAST 222ND STREET,10469.0,2.0,0.0,2.0,1980.0,2125.0,1955.0,1,B1,665000,2019-03-29,bronx,1027 EAST 222ND STREET NYC
2,BAYCHESTER,02 TWO FAMILY DWELLINGS,1,4799,136,B1,1906 ARNOW AVENUE,10469.0,2.0,0.0,2.0,2661.0,3600.0,2006.0,1,B1,499000,2019-04-05,bronx,1906 ARNOW AVENUE NYC
4,RICHMOND HILL,02 TWO FAMILY DWELLINGS,1,9311,57,B2,91-17 104TH STREET,11418.0,2.0,0.0,2.0,2500.0,2200.0,1930.0,1,B2,690000,2019-02-19,queens,91-17 104TH STREET NYC
3,FLATBUSH-EAST,01 ONE FAMILY DWELLINGS,1,7731,73,A9,1116 EAST 48TH STREET,11234.0,1.0,0.0,1.0,2150.0,840.0,1945.0,1,A9,470000,2019-09-26,brooklyn,1116 EAST 48TH STREET NYC
2,KINGSBRIDGE HTS/UNIV HTS,02 TWO FAMILY DWELLINGS,1,3206,140,B1,2126 HARRISON AVENUE,10453.0,2.0,0.0,2.0,2000.0,2100.0,1993.0,1,B1,620000,2019-06-06,bronx,2126 HARRISON AVENUE NYC
3,BEDFORD STUYVESANT,03 THREE FAMILY DWELLINGS,1,1772,26,C0,178 HART STREET,11206.0,3.0,0.0,3.0,2000.0,3460.0,1910.0,1,C0,1300000,2019-10-23,brooklyn,178 HART STREET NYC
2,BAYCHESTER,02 TWO FAMILY DWELLINGS,1,4987,72,B2,4015 SETON AVENUE,10466.0,2.0,0.0,2.0,2500.0,1874.0,1931.0,1,B2,690000,2019-05-31,bronx,4015 SETON AVENUE NYC
2,WILLIAMSBRIDGE,01 ONE FAMILY DWELLINGS,1,4844,8,A1,761 EAST 230 STREET,10466.0,1.0,0.0,1.0,4290.0,1364.0,1925.0,1,A1,470000,2019-10-30,bronx,761 EAST 230 STREET NYC
4,SO. JAMAICA-BAISLEY PARK,02 TWO FAMILY DWELLINGS,1,12057,49,B1,140-28 BASCOM AVENUE,11436.0,2.0,0.0,2.0,4633.0,2720.0,2017.0,1,B1,976502,2019-04-09,queens,140-28 BASCOM AVENUE NYC
2,WESTCHESTER,03 THREE FAMILY DWELLINGS,1,3979,37,C0,2427 GLEBE AVENUE,10461.0,3.0,0.0,3.0,2390.0,2360.0,1920.0,1,C0,860000,2019-01-24,bronx,2427 GLEBE AVENUE NYC
2,COUNTRY CLUB,02 TWO FAMILY DWELLINGS,1,5316,27,B1,3146 FAIRMOUNT AVENUE,10465.0,2.0,0.0,2.0,2500.0,1520.0,1905.0,1,B1,308000,2019-03-13,bronx,3146 FAIRMOUNT AVENUE NYC
4,FLUSHING-NORTH,01 ONE FAMILY DWELLINGS,1,5587,60,A0,174-19 GLADWIN AVENUE,11365.0,1.0,0.0,1.0,4000.0,1045.0,1945.0,1,A0,750000,2019-05-06,queens,174-19 GLADWIN AVENUE NYC
3,FLATBUSH-EAST,02 TWO FAMILY DWELLINGS,1,4771,37,B1,764 EAST 51ST STREET,11203.0,2.0,0.0,2.0,2000.0,2112.0,1930.0,1,B1,600000,2019-06-28,brooklyn,764 EAST 51ST STREET NYC
2,SOUNDVIEW,03 THREE FAMILY DWELLINGS,1,3875,46,C0,1347 ST. LAWRENCE,10472.0,3.0,0.0,3.0,2512.0,3066.0,2001.0,1,C0,938000,2019-05-28,bronx,1347 ST. LAWRENCE NYC
4,BAYSIDE,01 ONE FAMILY DWELLINGS,1,6173,23,A5,214-10 35TH AVENUE,11361.0,1.0,0.0,1.0,2660.0,1224.0,1950.0,1,A5,808000,2019-04-22,queens,214-10 35TH AVENUE NYC
4,CORONA,03 THREE FAMILY DWELLINGS,1,1774,50,C0,104-49 38TH AVENUE,11368.0,3.0,0.0,3.0,3125.0,3480.0,1915.0,1,C0,830000,2019-06-12,queens,104-49 38TH AVENUE NYC
4,MASPETH,22 STORE BUILDINGS,4,2774,22,K1,66-26 GRAND AVENUE,11378.0,0.0,2.0,2.0,2915.0,1200.0,1931.0,4,K1,740000,2019-04-17,queens,66-26 GRAND AVENUE NYC
3,BOROUGH PARK,02 TWO FAMILY DWELLINGS,1,5489,58,B1,1671 56 STREET,11204.0,2.0,0.0,2.0,2204.0,2761.0,1960.0,1,B1,1450000,2019-03-28,brooklyn,1671 56 STREET NYC
4,FLUSHING-NORTH,01 ONE FAMILY DWELLINGS,1,5228,56,A1,143-07 POPLAR AVE.,11355.0,1.0,0.0,1.0,4000.0,1808.0,1930.0,1,A1,1050000,2019-11-01,queens,143-07 POPLAR AVE. NYC
4,ASTORIA,01 ONE FAMILY DWELLINGS,1,728,31,A2,46-12 30TH ROAD,11103.0,1.0,0.0,1.0,2700.0,638.0,1901.0,1,A2,327500,2019-04-18,queens,46-12 30TH ROAD NYC
3,BROWNSVILLE,01 ONE FAMILY DWELLINGS,1,3811,111,A5,661 MOTHER GASTON BLVD,11212.0,1.0,0.0,1.0,1800.0,1116.0,1985.0,1,A5,485000,2019-06-27,brooklyn,661 MOTHER GASTON BLVD NYC
4,CAMBRIA HEIGHTS,01 ONE FAMILY DWELLINGS,1,11329,14,A2,116-43 228TH STREET,11411.0,1.0,0.0,1.0,3600.0,1080.0,1945.0,1,A2,460000,2019-08-14,queens,116-43 228TH STREET NYC
4,HOWARD BEACH,01 ONE FAMILY DWELLINGS,1,14057,44,A2,162-31 83RD STREET,11414.0,1.0,0.0,1.0,4000.0,2449.0,1965.0,1,A2,865000,2019-09-24,queens,162-31 83RD STREET NYC
3,FLATBUSH-EAST,01 ONE FAMILY DWELLINGS,1,4914,17,A9,976 SCHENECTADY AVENUE,11203.0,1.0,0.0,1.0,2000.0,1536.0,1920.0,1,A9,755796,2019-08-26,brooklyn,976 SCHENECTADY AVENUE NYC
4,SOUTH OZONE PARK,01 ONE FAMILY DWELLINGS,1,11672,18,A1,115-28 130TH STREET,11420.0,1.0,0.0,1.0,4200.0,1160.0,1925.0,1,A1,575000,2019-08-21,queens,115-28 130TH STREET NYC
4,CORONA,03 THREE FAMILY DWELLINGS,1,1934,55,C0,103-27 51 AVENUE,11368.0,3.0,0.0,3.0,1622.0,2720.0,1920.0,1,C0,750000,2019-05-16,queens,103-27 51 AVENUE NYC
5,BULLS HEAD,01 ONE FAMILY DWELLINGS,1,1681,29,A5,12 FRANCESCA LANE,10303.0,1.0,0.0,1.0,1602.0,1159.0,1988.0,1,A5,335000,2019-05-30,statenisland,12 FRANCESCA LANE NYC
3,SHEEPSHEAD BAY,02 TWO FAMILY DWELLINGS,1,7416,17,B9,2426 EAST 15TH STREET,11235.0,2.0,0.0,2.0,2500.0,2541.0,2017.0,1,B9,1573196,2019-03-18,brooklyn,2426 EAST 15TH STREET NYC
4,SOUTH JAMAICA,01 ONE FAMILY DWELLINGS,1,12157,45,A2,153-17 111TH AVENUE,11433.0,1.0,0.0,1.0,1975.0,779.0,1950.0,1,A2,450000,2019-02-12,queens,153-17 111TH AVENUE NYC
4,QUEENS VILLAGE,01 ONE FAMILY DWELLINGS,1,11150,15,A1,10827 217TH PLACE,11429.0,1.0,0.0,1.0,4467.0,2232.0,1920.0,1,A1,585000,2019-12-30,queens,10827 217TH PLACE NYC
4,KEW GARDENS,01 ONE FAMILY DWELLINGS,1,3337,53,A5,82-14 AUSTIN STREET,11415.0,1.0,0.0,1.0,1889.0,1530.0,1935.0,1,A5,1047900,2019-06-26,queens,82-14 AUSTIN STREET NYC
4,BELLEROSE,01 ONE FAMILY DWELLINGS,1,8577,53,A2,82-28 246TH STREET,11426.0,1.0,0.0,1.0,4000.0,1159.0,1945.0,1,A2,739000,2019-07-30,queens,82-28 246TH STREET NYC
2,BAYCHESTER,01 ONE FAMILY DWELLINGS,1,4784,62,A5,2958 MICKLE AVENUE,10469.0,1.0,0.0,1.0,1568.0,1116.0,1960.0,1,A5,485000,2019-10-08,bronx,2958 MICKLE AVENUE NYC
5,ARROCHAR,02 TWO FAMILY DWELLINGS,1,3114,53,B2,93 CEDAR AVENUE,10305.0,2.0,0.0,2.0,3542.0,2724.0,1925.0,1,B2,499000,2019-10-03,statenisland,93 CEDAR AVENUE NYC
5,BULLS HEAD,01 ONE FAMILY DWELLINGS,1,1700,82,A5,40 EUNICE PLACE,10303.0,1.0,0.0,1.0,2005.0,1440.0,2017.0,1,A5,505000,2019-11-27,statenisland,40 EUNICE PLACE NYC
5,SOUTH BEACH,01 ONE FAMILY DWELLINGS,1,3124,128,A5,151 FATHER CAPODANNO BL,10305.0,1.0,0.0,1.0,1200.0,1201.0,1991.0,1,A5,415000,2019-05-20,statenisland,151 FATHER CAPODANNO BL NYC
5,CONCORD,01 ONE FAMILY DWELLINGS,1,647,28,A1,315 HILLSIDE AVENUE,10304.0,1.0,0.0,1.0,2500.0,1364.0,2018.0,1,A1,629788,2019-04-08,statenisland,315 HILLSIDE AVENUE NYC
4,SPRINGFIELD GARDENS,01 ONE FAMILY DWELLINGS,1,12277,4,A2,130-15 161ST STREET,11434.0,1.0,0.0,1.0,2000.0,945.0,1940.0,1,A2,398000,2019-08-08,queens,130-15 161ST STREET NYC
4,SO. JAMAICA-BAISLEY PARK,02 TWO FAMILY DWELLINGS,1,12363,4,B3,117-40 MARSDEN STREET,11434.0,2.0,0.0,2.0,3356.0,1470.0,1935.0,1,B3,650000,2019-01-31,queens,117-40 MARSDEN STREET NYC
4,JAMAICA,02 TWO FAMILY DWELLINGS,1,9762,54,B3,88-14 BURDETTE PLACE,11432.0,2.0,0.0,2.0,3500.0,2292.0,1910.0,1,B3,975000,2019-10-29,queens,88-14 BURDETTE PLACE NYC
2,CROTONA PARK,02 TWO FAMILY DWELLINGS,1,2958,138,B2,873 EAST 175TH STREET,10460.0,2.0,0.0,2.0,1471.0,2850.0,2006.0,1,B2,705000,2019-02-12,bronx,873 EAST 175TH STREET NYC
2,WESTCHESTER,22 STORE BUILDINGS,4,3812,42,K2,1217 CASTLE HILL AVENUE,10462.0,0.0,2.0,2.0,2500.0,2350.0,1918.0,4,K2,685000,2019-01-15,bronx,1217 CASTLE HILL AVENUE NYC
4,FLUSHING-NORTH,01 ONE FAMILY DWELLINGS,1,4832,12,A2,151-18 26TH AVENUE,11354.0,1.0,0.0,1.0,3800.0,1144.0,1950.0,1,A2,900000,2019-09-16,queens,151-18 26TH AVENUE NYC
3,FLATBUSH-LEFFERTS GARDEN,03 THREE FAMILY DWELLINGS,1,5042,103,C0,27 HAWTHORNE STREET,11225.0,3.0,0.0,3.0,2500.0,3184.0,1905.0,1,C0,1810000,2019-08-08,brooklyn,27 HAWTHORNE STREET NYC
5,NEW DORP-HEIGHTS,01 ONE FAMILY DWELLINGS,1,4361,19,A5,43 EAST BROADWAY,10306.0,1.0,0.0,1.0,2805.0,1520.0,1965.0,1,A5,565000,2019-08-30,statenisland,43 EAST BROADWAY NYC
3,CANARSIE,01 ONE FAMILY DWELLINGS,1,8324,2,A5,9319 SCHENCK STREET,11236.0,1.0,0.0,1.0,1715.0,1920.0,1960.0,1,A5,620000,2019-09-24,brooklyn,9319 SCHENCK STREET NYC
5,GREAT KILLS,01 ONE FAMILY DWELLINGS,1,5279,7,A5,156 DRIGGS STREET,10308.0,1.0,0.0,1.0,2000.0,1104.0,1965.0,1,A5,467500,2019-11-12,statenisland,156 DRIGGS STREET NYC
5,ELTINGVILLE,02 TWO FAMILY DWELLINGS,1,5669,12,B9,181 SHOTWELL AVENUE,10312.0,2.0,0.0,2.0,3810.0,2000.0,1980.0,1,B9,660000,2019-07-31,statenisland,181 SHOTWELL AVENUE NYC
3,BROWNSVILLE,01 ONE FAMILY DWELLINGS,1,3516,27,A5,1873 STRAUSS STREET,11212.0,1.0,0.0,1.0,2000.0,1620.0,1987.0,1,A5,530000,2019-05-08,brooklyn,1873 STRAUSS STREET NYC
4,ROSEDALE,02 TWO FAMILY DWELLINGS,1,13455,10,B2,146-59 221 STREET,11413.0,2.0,0.0,2.0,3942.0,2340.0,1960.0,1,B2,740000,2019-10-18,queens,146-59 221 STREET NYC
2,WAKEFIELD,01 ONE FAMILY DWELLINGS,1,5078,58,A1,4625 CARPENTER AVENUE,10470.0,1.0,0.0,1.0,3325.0,2116.0,1930.0,1,A1,470000,2019-10-04,bronx,4625 CARPENTER AVENUE NYC
3,EAST NEW YORK,03 THREE FAMILY DWELLINGS,1,4080,50,C0,722 CLEVELAND STREET,11208.0,3.0,0.0,3.0,1710.0,1596.0,1901.0,1,C0,685000,2019-05-31,brooklyn,722 CLEVELAND STREET NYC
4,LAURELTON,01 ONE FAMILY DWELLINGS,1,12896,111,A1,219-23 130TH DRIVE,11413.0,1.0,0.0,1.0,2610.0,1240.0,1930.0,1,A1,550000,2019-07-12,queens,219-23 130TH DRIVE NYC
4,GLENDALE,02 TWO FAMILY DWELLINGS,1,3686,28,B3,71-38 71 STREET,11385.0,2.0,0.0,2.0,4000.0,2120.0,1910.0,1,B3,700000,2019-09-20,queens,71-38 71 STREET NYC
3,BERGEN BEACH,01 ONE FAMILY DWELLINGS,1,8393,83,A5,1474 ROYCE ST,11234.0,1.0,0.0,1.0,3015.0,1880.0,2007.0,1,A5,618000,2019-07-29,brooklyn,1474 ROYCE ST NYC
4,MASPETH,01 ONE FAMILY DWELLINGS,1,2380,16,A5,54-35 65TH PLACE,11378.0,1.0,0.0,1.0,1917.0,1262.0,1940.0,1,A5,775000,2019-05-22,queens,54-35 65TH PLACE NYC
3,CROWN HEIGHTS,02 TWO FAMILY DWELLINGS,1,1255,60,B9,833 LINCOLN PLACE,11216.0,2.0,0.0,2.0,2555.0,3530.0,1901.0,1,B9,1287630,2019-10-24,brooklyn,833 LINCOLN PLACE NYC
3,FLATLANDS,01 ONE FAMILY DWELLINGS,1,7871,46,A9,4614 AVENUE M,11234.0,1.0,0.0,1.0,1558.0,1368.0,1920.0,1,A9,400000,2019-06-20,brooklyn,4614 AVENUE M NYC
5,NEW DORP,01 ONE FAMILY DWELLINGS,1,4246,1,A2,470 CLAWSON STREET,10306.0,1.0,0.0,1.0,4500.0,628.0,1945.0,1,A2,435000,2019-10-29,statenisland,470 CLAWSON STREET NYC
4,CAMBRIA HEIGHTS,01 ONE FAMILY DWELLINGS,1,12763,3,A2,118-02 227TH STREET,11411.0,1.0,0.0,1.0,4000.0,1080.0,1950.0,1,A2,435000,2019-12-13,queens,118-02 227TH STREET NYC
4,BELLE HARBOR,02 TWO FAMILY DWELLINGS,1,16197,31,B3,527 BEACH 129 STREET,11694.0,2.0,0.0,2.0,2000.0,1350.0,1925.0,1,B3,650000,2019-10-04,queens,527 BEACH 129 STREET NYC
5,ELTINGVILLE,01 ONE FAMILY DWELLINGS,1,5603,44,A2,28 FIGUREA AVENUE,10312.0,1.0,0.0,1.0,4000.0,1512.0,1977.0,1,A2,675000,2019-04-17,statenisland,28 FIGUREA AVENUE NYC
5,EMERSON HILL,02 TWO FAMILY DWELLINGS,1,837,36,B2,26 HEWITT AVENUE,10301.0,2.0,0.0,2.0,2000.0,1288.0,1975.0,1,B2,565000,2019-08-30,statenisland,26 HEWITT AVENUE NYC
4,ARVERNE,02 TWO FAMILY DWELLINGS,1,16027,44,B2,603 BEACH 66 STREET,11692.0,2.0,0.0,2.0,3950.0,2150.0,2001.0,1,B2,400000,2019-05-15,queens,603 BEACH 66 STREET NYC
3,SHEEPSHEAD BAY,01 ONE FAMILY DWELLINGS,1,7470,49,A5,4695 BEDFORD AVENUE,11235.0,1.0,0.0,1.0,1285.0,1172.0,1945.0,1,A5,699000,2019-09-27,brooklyn,4695 BEDFORD AVENUE NYC
2,BRONXDALE,03 THREE FAMILY DWELLINGS,1,4552,44,C0,2923 RADCLIFF AVENUE,10469.0,3.0,0.0,3.0,2200.0,3144.0,1925.0,1,C0,680000,2019-05-21,bronx,2923 RADCLIFF AVENUE NYC
4,ELMHURST,14 RENTALS - 4-10 UNIT,2A,2477,37,S3,52-23 VAN LOON STREET,11373.0,3.0,1.0,4.0,550.0,1650.0,2004.0,2,S3,1088000,2019-01-08,queens,52-23 VAN LOON STREET NYC
2,EAST TREMONT,01 ONE FAMILY DWELLINGS,1,3082,19,A5,2158 HUGHES AVENUE,10457.0,1.0,0.0,1.0,1955.0,1200.0,1901.0,1,A5,396550,2019-05-24,bronx,2158 HUGHES AVENUE NYC
4,QUEENS VILLAGE,01 ONE FAMILY DWELLINGS,1,11255,35,A0,227-60 114TH ROAD,11411.0,1.0,0.0,1.0,3800.0,1031.0,1950.0,1,A0,600000,2019-04-01,queens,227-60 114TH ROAD NYC
2,CITY ISLAND,01 ONE FAMILY DWELLINGS,1,5646,83,A1,477 KING AVENUE,10464.0,1.0,0.0,1.0,2500.0,1231.0,1930.0,1,A1,415000,2019-07-01,bronx,477 KING AVENUE NYC
4,HOLLIS,01 ONE FAMILY DWELLINGS,1,10564,26,A1,90-01 210TH PLACE,11428.0,1.0,0.0,1.0,3000.0,1845.0,1940.0,1,A1,630000,2019-06-05,queens,90-01 210TH PLACE NYC
2,MORRISANIA/LONGWOOD,01 ONE FAMILY DWELLINGS,1,2712,21,A5,930 TIFFANY STREET,10459.0,1.0,0.0,1.0,2319.0,1500.0,1982.0,1,A5,470000,2019-11-18,bronx,930 TIFFANY STREET NYC
2,MELROSE/CONCOURSE,03 THREE FAMILY DWELLINGS,1,2452,70,C0,1177 GRANT AVENUE,10456.0,3.0,0.0,3.0,2500.0,3775.0,1935.0,1,C0,620000,2019-04-10,bronx,1177 GRANT AVENUE NYC
2,WESTCHESTER,01 ONE FAMILY DWELLINGS,1,4079,26,A1,2580 POPLAR STREET,10461.0,1.0,0.0,1.0,2603.0,1816.0,1910.0,1,A1,450000,2019-03-22,bronx,2580 POPLAR STREET NYC
4,SO. JAMAICA-BAISLEY PARK,02 TWO FAMILY DWELLINGS,1,12008,62,B3,116-21 148TH STREET,11436.0,2.0,0.0,2.0,2000.0,1170.0,1930.0,1,B3,355000,2019-10-25,queens,116-21 148TH STREET NYC
4,QUEENS VILLAGE,01 ONE FAMILY DWELLINGS,1,11134,22,A1,213-34 NASHVILLE BOULEVARD,11429.0,1.0,0.0,1.0,2400.0,1056.0,1930.0,1,A1,346788,2019-11-20,queens,213-34 NASHVILLE BOULEVARD NYC
4,JACKSON HEIGHTS,02 TWO FAMILY DWELLINGS,1,1416,66,B1,32-19 86TH STREET,11369.0,2.0,0.0,2.0,2325.0,2072.0,1940.0,1,B1,1250000,2019-09-23,queens,32-19 86TH STREET NYC
4,BAYSIDE,01 ONE FAMILY DWELLINGS,1,7372,36,A1,48-56 BELL BOULEVARD,11364.0,1.0,0.0,1.0,4850.0,1150.0,1940.0,1,A1,916000,2019-05-02,queens,48-56 BELL BOULEVARD NYC
3,FLATBUSH-LEFFERTS GARDEN,01 ONE FAMILY DWELLINGS,1,5045,72,A1,79 WINTHROP STREET,11225.0,1.0,0.0,1.0,3781.0,2158.0,1910.0,1,A1,1640000,2019-03-19,brooklyn,79 WINTHROP STREET NYC
3,DYKER HEIGHTS,02 TWO FAMILY DWELLINGS,1,6322,45,B3,8418 14TH AVENUE,11228.0,2.0,0.0,2.0,2000.0,1540.0,1930.0,1,B3,880000,2019-05-08,brooklyn,8418 14TH AVENUE NYC
4,ST. ALBANS,01 ONE FAMILY DWELLINGS,1,11065,19,A1,194-26 116TH AVENUE,11412.0,1.0,0.0,1.0,4000.0,2186.0,1920.0,1,A1,480000,2019-03-07,queens,194-26 116TH AVENUE NYC
4,ST. ALBANS,02 TWO FAMILY DWELLINGS,1,12404,62,B3,115-07 173RD STREET,11434.0,2.0,0.0,2.0,4000.0,1820.0,1925.0,1,B3,395000,2019-01-16,queens,115-07 173RD STREET NYC
2,SCHUYLERVILLE/PELHAM BAY,01 ONE FAMILY DWELLINGS,1,5384,49,A1,2841 WELLMAN AVENUE,10461.0,1.0,0.0,1.0,2375.0,1376.0,1930.0,1,A1,530000,2019-08-07,bronx,2841 WELLMAN AVENUE NYC
4,SOUTH JAMAICA,02 TWO FAMILY DWELLINGS,1,10050,1,B3,145-38 105TH AVENUE,11435.0,2.0,0.0,2.0,2500.0,1518.0,1920.0,1,B3,593600,2019-12-09,queens,145-38 105TH AVENUE NYC
2,SOUNDVIEW,02 TWO FAMILY DWELLINGS,1,3557,28,B1,640 SAINT LAWRENCE AVE,10473.0,2.0,0.0,2.0,2533.0,3040.0,1925.0,1,B1,749000,2019-07-31,bronx,640 SAINT LAWRENCE AVE NYC
5,GREAT KILLS-BAY TERRACE,01 ONE FAMILY DWELLINGS,1,5098,31,A5,87 AINSWORTH AVENUE,10308.0,1.0,0.0,1.0,2600.0,1496.0,1965.0,1,A5,475000,2019-10-02,statenisland,87 AINSWORTH AVENUE NYC
2,SOUNDVIEW,03 THREE FAMILY DWELLINGS,1,3871,56,C0,1331 CROES AVENUE,10472.0,3.0,0.0,3.0,2433.0,3447.0,1920.0,1,C0,692410,2019-08-06,bronx,1331 CROES AVENUE NYC
4,WHITESTONE,02 TWO FAMILY DWELLINGS,1,4745,9,B2,16-29 157TH STREET,11357.0,2.0,0.0,2.0,2600.0,2372.0,1970.0,1,B2,912500,2019-07-18,queens,16-29 157TH STREET NYC
2,SOUNDVIEW,02 TWO FAMILY DWELLINGS,1,3760,50,B9,1237 ROSEDALE AVENUE,10472.0,2.0,0.0,2.0,3500.0,1960.0,1960.0,1,B9,825000,2019-12-20,bronx,1237 ROSEDALE AVENUE NYC
5,ROSEBANK,01 ONE FAMILY DWELLINGS,1,2858,103,A5,233 ANDERSON STREET,10305.0,1.0,0.0,1.0,1400.0,1480.0,1989.0,1,A5,439900,2019-12-27,statenisland,233 ANDERSON STREET NYC
2,PARKCHESTER,02 TWO FAMILY DWELLINGS,1,4027,23,B1,1677 UNIONPORT ROAD,10462.0,2.0,0.0,2.0,3000.0,1938.0,1955.0,1,B1,525000,2019-07-03,bronx,1677 UNIONPORT ROAD NYC
2,SCHUYLERVILLE/PELHAM BAY,01 ONE FAMILY DWELLINGS,1,4199,56,A1,3130 ARNOW PLACE,10461.0,1.0,0.0,1.0,3250.0,1216.0,1930.0,1,A1,550000,2019-01-25,bronx,3130 ARNOW PLACE NYC
3,CANARSIE,03 THREE FAMILY DWELLINGS,1,8004,15,C0,753 EAST 83 STREET,11236.0,3.0,0.0,3.0,2400.0,2772.0,1970.0,1,C0,880000,2019-09-20,brooklyn,753 EAST 83 STREET NYC
4,MIDDLE VILLAGE,01 ONE FAMILY DWELLINGS,1,2912,31,A5,82-07 60TH AVENUE,11379.0,1.0,0.0,1.0,1800.0,1791.0,1940.0,1,A5,370000,2019-03-22,queens,82-07 60TH AVENUE NYC
3,FLATBUSH-EAST,01 ONE FAMILY DWELLINGS,1,7631,41,A9,3102 AVENUE K,11210.0,1.0,0.0,1.0,2200.0,1448.0,1925.0,1,A9,820000,2019-01-10,brooklyn,3102 AVENUE K NYC
4,CORONA,02 TWO FAMILY DWELLINGS,1,1780,31,B1,108-64 39TH AVENUE,11368.0,2.0,0.0,2.0,3125.0,1843.0,1920.0,1,B1,1260000,2019-11-26,queens,108-64 39TH AVENUE NYC
4,JACKSON HEIGHTS,01 ONE FAMILY DWELLINGS,1,1173,33,A5,32-62 78 STREET,11370.0,1.0,0.0,1.0,1800.0,1224.0,1940.0,1,A5,830000,2019-07-30,queens,32-62 78 STREET NYC
4,SPRINGFIELD GARDENS,01 ONE FAMILY DWELLINGS,1,12679,6,A2,120-04 196TH STREET,11412.0,1.0,0.0,1.0,4000.0,1564.0,1945.0,1,A2,630000,2019-10-01,queens,120-04 196TH STREET NYC
3,FLATBUSH-EAST,01 ONE FAMILY DWELLINGS,1,7630,49,A9,1110 EAST 31ST STREET,11210.0,1.0,0.0,1.0,2100.0,1991.0,1925.0,1,A9,821000,2019-01-09,brooklyn,1110 EAST 31ST STREET NYC
3,BATH BEACH,03 THREE FAMILY DWELLINGS,1,6365,57,C0,8634 17TH AVENUE,11214.0,3.0,0.0,3.0,4333.0,3538.0,1920.0,1,C0,1560000,2019-11-07,brooklyn,8634 17TH AVENUE NYC
5,SOUTH BEACH,01 ONE FAMILY DWELLINGS,1,3121,97,A5,16 WATERFORD COURT,10305.0,1.0,0.0,1.0,2700.0,1460.0,2019.0,1,A5,746377,2019-10-10,statenisland,16 WATERFORD COURT NYC
3,FLATLANDS,01 ONE FAMILY DWELLINGS,1,7867,34,A9,23 BAUGHMAN PLACE,11234.0,1.0,0.0,1.0,2976.0,1512.0,1925.0,1,A9,510000,2019-09-16,brooklyn,23 BAUGHMAN PLACE NYC
3,MIDWOOD,01 ONE FAMILY DWELLINGS,1,6704,14,A1,918 EAST 12TH STREET,11230.0,1.0,0.0,1.0,3000.0,1440.0,1910.0,1,A1,930000,2019-06-27,brooklyn,918 EAST 12TH STREET NYC
4,LITTLE NECK,01 ONE FAMILY DWELLINGS,1,8336,53,A5,249-75 57TH AVENUE,11362.0,1.0,0.0,1.0,2506.0,1564.0,2005.0,1,A5,820000,2019-09-06,queens,249-75 57TH AVENUE NYC
3,GRAVESEND,02 TWO FAMILY DWELLINGS,1,7086,7,B1,322 AVENUE S,11223.0,2.0,0.0,2.0,1181.0,1608.0,1960.0,1,B1,650000,2019-02-25,brooklyn,322 AVENUE S NYC
3,FLATBUSH-EAST,02 TWO FAMILY DWELLINGS,1,4876,9,B2,504 LINDEN BOULEVARD,11203.0,2.0,0.0,2.0,2000.0,2080.0,1925.0,1,B2,515000,2019-02-13,brooklyn,504 LINDEN BOULEVARD NYC
3,FLATBUSH-EAST,02 TWO FAMILY DWELLINGS,1,4955,21,B2,586 EAST 39TH STREET,11203.0,2.0,0.0,2.0,2000.0,1802.0,1920.0,1,B2,960000,2019-08-22,brooklyn,586 EAST 39TH STREET NYC
2,MOUNT HOPE/MOUNT EDEN,02 TWO FAMILY DWELLINGS,1,2792,8,B1,1656 WEEKS AVE,10457.0,2.0,0.0,2.0,1900.0,2440.0,1940.0,1,B1,735000,2019-03-15,bronx,1656 WEEKS AVE NYC
4,CORONA,03 THREE FAMILY DWELLINGS,1,1984,47,C0,104-67 41ST AVENUE,11368.0,3.0,0.0,3.0,2500.0,2562.0,1910.0,1,C0,910000,2019-07-25,queens,104-67 41ST AVENUE NYC
4,LONG ISLAND CITY,02 TWO FAMILY DWELLINGS,1,328,40,B9,35-36 9 STREET,11106.0,2.0,0.0,2.0,2523.0,1380.0,1920.0,1,B9,735000,2019-04-30,queens,35-36 9 STREET NYC
4,SOUTH JAMAICA,01 ONE FAMILY DWELLINGS,1,10187,18,A1,167-44 109TH ROAD,11433.0,1.0,0.0,1.0,2400.0,1608.0,1925.0,1,A1,416000,2019-02-11,queens,167-44 109TH ROAD NYC
4,HOLLISWOOD,01 ONE FAMILY DWELLINGS,1,10503,91,A1,85-67 188TH STREET,11423.0,1.0,0.0,1.0,3267.0,2394.0,1955.0,1,A1,780000,2019-12-04,queens,85-67 188TH STREET NYC
4,QUEENS VILLAGE,01 ONE FAMILY DWELLINGS,1,11127,55,A1,110-35 213TH STREET,11429.0,1.0,0.0,1.0,3000.0,1386.0,1920.0,1,A1,580000,2019-08-14,queens,110-35 213TH STREET NYC
4,JACKSON HEIGHTS,01 ONE FAMILY DWELLINGS,1,1258,28,A5,34-48 72ND STREET,11372.0,1.0,0.0,1.0,1900.0,1360.0,1935.0,1,A5,930000,2019-02-20,queens,34-48 72ND STREET NYC
3,CROWN HEIGHTS,02 TWO FAMILY DWELLINGS,1,1216,78,B9,1339 BERGEN STREET,11213.0,2.0,0.0,2.0,2143.0,3300.0,1901.0,1,B9,400000,2019-10-16,brooklyn,1339 BERGEN STREET NYC
4,JACKSON HEIGHTS,01 ONE FAMILY DWELLINGS,1,944,62,A5,75-17 21ST AVENUE,11370.0,1.0,0.0,1.0,1442.0,1782.0,1955.0,1,A5,810000,2019-06-03,queens,75-17 21ST AVENUE NYC
4,SOUTH JAMAICA,02 TWO FAMILY DWELLINGS,1,10334,25,B1,177-44 106 AVENUE,11433.0,2.0,0.0,2.0,2500.0,1600.0,1930.0,1,B1,660000,2019-02-12,queens,177-44 106 AVENUE NYC
3,BAY RIDGE,01 ONE FAMILY DWELLINGS,1,6047,21,A9,148 87TH STREET,11209.0,1.0,0.0,1.0,2500.0,1933.0,1920.0,1,A9,1280000,2019-10-17,brooklyn,148 87TH STREET NYC
3,CYPRESS HILLS,01 ONE FAMILY DWELLINGS,1,3897,45,A5,7 SCHENCK COURT,11207.0,1.0,0.0,1.0,1800.0,2280.0,1920.0,1,A5,595000,2019-03-07,brooklyn,7 SCHENCK COURT NYC
4,QUEENS VILLAGE,02 TWO FAMILY DWELLINGS,1,10737,44,B3,221-60 92 AVENUE,11428.0,2.0,0.0,2.0,4000.0,2399.0,1925.0,1,B3,800000,2019-12-26,queens,221-60 92 AVENUE NYC
2,MELROSE/CONCOURSE,02 TWO FAMILY DWELLINGS,1,2783,95,B1,1322 COLLEGE AVENUE,10456.0,2.0,0.0,2.0,1650.0,2862.0,2006.0,1,B1,507000,2019-12-17,bronx,1322 COLLEGE AVENUE NYC
3,BERGEN BEACH,02 TWO FAMILY DWELLINGS,1,8409,40,B9,2027 EAST 68TH STREET,11234.0,2.0,0.0,2.0,1800.0,1944.0,1960.0,1,B9,499000,2019-04-09,brooklyn,2027 EAST 68TH STREET NYC
4,COLLEGE POINT,01 ONE FAMILY DWELLINGS,1,4038,32,A1,117-18 12TH AVENUE,11356.0,1.0,0.0,1.0,2100.0,2025.0,1930.0,1,A1,680000,2019-12-06,queens,117-18 12TH AVENUE NYC
5,ELTINGVILLE,01 ONE FAMILY DWELLINGS,1,5680,32,A9,72 GOLD AVENUE,10312.0,1.0,0.0,1.0,2800.0,1440.0,1970.0,1,A9,535000,2019-03-29,statenisland,72 GOLD AVENUE NYC
4,WOODHAVEN,02 TWO FAMILY DWELLINGS,1,8892,48,B2,86-16 98TH STREET,11421.0,2.0,0.0,2.0,3836.0,1902.0,1925.0,1,B2,915000,2019-09-05,queens,86-16 98TH STREET NYC
5,NEW BRIGHTON,02 TWO FAMILY DWELLINGS,1,65,40,B2,23 HENDERSON AVENUE,10301.0,2.0,0.0,2.0,3112.0,2160.0,2003.0,1,B2,530000,2019-07-23,statenisland,23 HENDERSON AVENUE NYC
4,ROSEDALE,02 TWO FAMILY DWELLINGS,1,13668,43,B2,255-07 149TH AVENUE,11422.0,2.0,0.0,2.0,2470.0,1680.0,1960.0,1,B2,737000,2019-09-26,queens,255-07 149TH AVENUE NYC
5,WOODROW,01 ONE FAMILY DWELLINGS,1,6958,23,A5,745B RAMONA AVENUE,10309.0,1.0,0.0,1.0,800.0,960.0,1987.0,1,A5,365000,2019-09-09,statenisland,745B RAMONA AVENUE NYC
4,RIDGEWOOD,03 THREE FAMILY DWELLINGS,1,3422,20,C0,1824 HART STREET,11385.0,3.0,0.0,3.0,2252.0,3060.0,2006.0,1,C0,1100000,2019-02-05,queens,1824 HART STREET NYC
5,MIDLAND BEACH,01 ONE FAMILY DWELLINGS,1,3746,48,A5,1303 MASON AVENUE,10306.0,1.0,0.0,1.0,2000.0,1200.0,2005.0,1,A5,570000,2019-05-20,statenisland,1303 MASON AVENUE NYC
2,SCHUYLERVILLE/PELHAM BAY,01 ONE FAMILY DWELLINGS,1,5398,9,A5,1447 MERRY AVENUE,10461.0,1.0,0.0,1.0,2730.0,896.0,1935.0,1,A5,480000,2019-04-29,bronx,1447 MERRY AVENUE NYC
4,BAYSIDE,02 TWO FAMILY DWELLINGS,1,5952,20,B2,215-29 23RD ROAD,11360.0,2.0,0.0,2.0,3232.0,3078.0,1970.0,1,B2,800000,2019-07-05,queens,215-29 23RD ROAD NYC
2,THROGS NECK,02 TWO FAMILY DWELLINGS,1,5501,37,B1,188 KEARNEY AVENUE,10465.0,2.0,0.0,2.0,1800.0,1728.0,1950.0,1,B1,730000,2019-12-13,bronx,188 KEARNEY AVENUE NYC
4,SOUTH JAMAICA,01 ONE FAMILY DWELLINGS,1,10186,8,A1,167-26 109TH AVENUE,11433.0,1.0,0.0,1.0,4508.0,1360.0,1960.0,1,A1,389500,2019-10-29,queens,167-26 109TH AVENUE NYC
5,RICHMONDTOWN,01 ONE FAMILY DWELLINGS,1,4419,105,A2,240 AMBER STREET,10306.0,1.0,0.0,1.0,4000.0,1056.0,1955.0,1,A2,630000,2019-07-19,statenisland,240 AMBER STREET NYC
2,WILLIAMSBRIDGE,02 TWO FAMILY DWELLINGS,1,4662,8,B3,710 EAST 215 STREET,10467.0,2.0,0.0,2.0,2750.0,2200.0,1928.0,1,B3,396000,2019-08-20,bronx,710 EAST 215 STREET NYC
2,THROGS NECK,02 TWO FAMILY DWELLINGS,1,5593,21,B1,273 SWINTON AVENUE,10465.0,2.0,0.0,2.0,1233.0,1914.0,1920.0,1,B1,615000,2019-11-19,bronx,273 SWINTON AVENUE NYC
2,BRONXDALE,01 ONE FAMILY DWELLINGS,1,4424,40,A1,2439 BARKER AVENUE,10467.0,1.0,0.0,1.0,2500.0,1314.0,1930.0,1,A1,405600,2019-08-20,bronx,2439 BARKER AVENUE NYC
3,FLATBUSH-EAST,01 ONE FAMILY DWELLINGS,1,4759,51,A2,669 EAST 48TH STREET,11203.0,1.0,0.0,1.0,2317.0,1610.0,1950.0,1,A2,435000,2019-06-04,brooklyn,669 EAST 48TH STREET NYC
4,LAURELTON,01 ONE FAMILY DWELLINGS,1,13200,20,A1,135-29 234TH STREET,11422.0,1.0,0.0,1.0,3142.0,1304.0,1930.0,1,A1,580000,2019-03-07,queens,135-29 234TH STREET NYC
3,FLATBUSH-LEFFERTS GARDEN,01 ONE FAMILY DWELLINGS,1,5047,70,A9,239 WINTHROP STREET,11225.0,1.0,0.0,1.0,1908.0,1814.0,1905.0,1,A9,880000,2019-11-05,brooklyn,239 WINTHROP STREET NYC
4,CORONA,14 RENTALS - 4-10 UNIT,2A,1724,5,S9,109-08 NORTHERN BOULEVARD,11368.0,2.0,2.0,4.0,2092.0,3226.0,1910.0,2,S9,640000,2019-02-14,queens,109-08 NORTHERN BOULEVARD NYC
5,ELTINGVILLE,01 ONE FAMILY DWELLINGS,1,5613,93,A5,37 DRUMGOOLE ROAD EAST,10312.0,1.0,0.0,1.0,1444.0,1240.0,1988.0,1,A5,367068,2019-04-05,statenisland,37 DRUMGOOLE ROAD EAST NYC
3,SUNSET PARK,07 RENTALS - WALKUP APARTMENTS,2A,818,21,C3,732 53RD STREET,11220.0,4.0,0.0,4.0,2003.0,2424.0,1908.0,2,C3,1250000,2019-03-29,brooklyn,732 53RD STREET NYC
4,ROSEDALE,02 TWO FAMILY DWELLINGS,1,13609,18,B1,139-17 250TH STREET,11422.0,2.0,0.0,2.0,2500.0,2120.0,2006.0,1,B1,840000,2019-05-10,queens,139-17 250TH STREET NYC
2,WILLIAMSBRIDGE,02 TWO FAMILY DWELLINGS,1,4653,21,B2,3817 CARPENTER AVENUE,10467.0,2.0,0.0,2.0,2196.0,3090.0,1920.0,1,B2,612803,2019-01-29,bronx,3817 CARPENTER AVENUE NYC
4,MIDDLE VILLAGE,02 TWO FAMILY DWELLINGS,1,2927,31,B1,61-48 71ST STREET,11379.0,2.0,0.0,2.0,2300.0,2846.0,1960.0,1,B1,980000,2019-11-15,queens,61-48 71ST STREET NYC
4,OZONE PARK,02 TWO FAMILY DWELLINGS,1,9539,35,B3,107-58 101 STREET,11417.0,2.0,0.0,2.0,2500.0,1280.0,1930.0,1,B3,637000,2019-03-05,queens,107-58 101 STREET NYC
4,BELLEROSE,01 ONE FAMILY DWELLINGS,1,7988,21,A1,89-15 240TH STREET,11426.0,1.0,0.0,1.0,3000.0,1291.0,1930.0,1,A1,670000,2019-07-18,queens,89-15 240TH STREET NYC
2,WAKEFIELD,02 TWO FAMILY DWELLINGS,1,5050,17,B3,4338 BOYD AVENUE,10466.0,2.0,0.0,2.0,4871.0,2448.0,1925.0,1,B3,635000,2019-07-30,bronx,4338 BOYD AVENUE NYC
2,BAYCHESTER,01 ONE FAMILY DWELLINGS,1,4929,17,A1,3929 ELY AVENUE,10466.0,1.0,0.0,1.0,2746.0,1546.0,1930.0,1,A1,560000,2019-03-27,bronx,3929 ELY AVENUE NYC
4,ASTORIA,02 TWO FAMILY DWELLINGS,1,506,10,B2,1153 30TH ROAD,11102.0,2.0,0.0,2.0,2364.0,2624.0,1920.0,1,B2,682914,2019-03-14,queens,1153 30TH ROAD NYC
4,ASTORIA,01 ONE FAMILY DWELLINGS,1,759,46,A1,22-28 48TH STREET,11105.0,1.0,0.0,1.0,2000.0,1008.0,1920.0,1,A1,735500,2019-05-31,queens,22-28 48TH STREET NYC
2,KINGSBRIDGE HTS/UNIV HTS,02 TWO FAMILY DWELLINGS,1,3230,1,B1,1958 CEDAR AVENUE,10453.0,2.0,0.0,2.0,3563.0,2584.0,2002.0,1,B1,612000,2019-08-13,bronx,1958 CEDAR AVENUE NYC
4,WOODHAVEN,02 TWO FAMILY DWELLINGS,1,8933,88,B1,87-34 WOODHAVEN BOULEVARD,11421.0,2.0,0.0,2.0,4265.0,1844.0,1910.0,1,B1,800000,2019-10-01,queens,87-34 WOODHAVEN BOULEVARD NYC
3,EAST NEW YORK,01 ONE FAMILY DWELLINGS,1,3773,138,A5,426 VERMONT STREET,11207.0,1.0,0.0,1.0,1800.0,1134.0,1992.0,1,A5,470000,2019-01-31,brooklyn,426 VERMONT STREET NYC
5,MARINERS HARBOR,01 ONE FAMILY DWELLINGS,1,1194,9,A2,279 VAN NAME AVENUE,10303.0,1.0,0.0,1.0,4008.0,1196.0,1960.0,1,A2,335000,2019-05-23,statenisland,279 VAN NAME AVENUE NYC
4,EAST ELMHURST,02 TWO FAMILY DWELLINGS,1,1429,55,B1,3231 99TH STREET,11369.0,2.0,0.0,2.0,2000.0,2377.0,1935.0,1,B1,955000,2019-04-02,queens,3231 99TH STREET NYC
3,MARINE PARK,02 TWO FAMILY DWELLINGS,1,8535,62,B1,2138 EAST 36TH STREET,11234.0,2.0,0.0,2.0,2267.0,1806.0,1955.0,1,B1,700000,2019-10-17,brooklyn,2138 EAST 36TH STREET NYC
3,CROWN HEIGHTS,07 RENTALS - WALKUP APARTMENTS,2A,1202,74,C5,1379 PACIFIC STREET,11216.0,4.0,0.0,4.0,2000.0,2556.0,1910.0,2,C5,1600000,2019-07-08,brooklyn,1379 PACIFIC STREET NYC
5,BULLS HEAD,01 ONE FAMILY DWELLINGS,1,2236,144,A5,20 DANNY COURT,10314.0,1.0,0.0,1.0,1890.0,1800.0,2003.0,1,A5,400000,2019-06-27,statenisland,20 DANNY COURT NYC
4,FAR ROCKAWAY,03 THREE FAMILY DWELLINGS,1,15566,33,C0,1911 NEW HAVEN AVE,11691.0,3.0,0.0,3.0,2000.0,3120.0,2006.0,1,C0,350000,2019-02-27,queens,1911 NEW HAVEN AVE NYC
4,MASPETH,02 TWO FAMILY DWELLINGS,1,2651,112,B1,59-38 60 AVE,11378.0,2.0,0.0,2.0,1887.0,1960.0,2004.0,1,B1,550000,2019-02-26,queens,59-38 60 AVE NYC
2,THROGS NECK,02 TWO FAMILY DWELLINGS,1,5589,114,B1,2880 HARDING AVE,10465.0,2.0,0.0,2.0,2749.0,3100.0,2003.0,1,B1,780000,2019-11-20,bronx,2880 HARDING AVE NYC
2,PELHAM PARKWAY NORTH,01 ONE FAMILY DWELLINGS,1,4480,59,A5,2561 EASTCHESTER ROAD,10469.0,1.0,0.0,1.0,2500.0,2178.0,1950.0,1,A5,580000,2019-03-07,bronx,2561 EASTCHESTER ROAD NYC
4,SOUTH JAMAICA,01 ONE FAMILY DWELLINGS,1,11934,44,A1,109-17 PINEGROVE STREET,11435.0,1.0,0.0,1.0,2375.0,1248.0,1920.0,1,A1,315000,2019-10-23,queens,109-17 PINEGROVE STREET NYC
4,FAR ROCKAWAY,02 TWO FAMILY DWELLINGS,1,15659,29,B2,13-47 BEACH CHANNEL DRIVE,11691.0,2.0,0.0,2.0,1369.0,2034.0,2005.0,1,B2,367500,2019-10-04,queens,13-47 BEACH CHANNEL DRIVE NYC
3,BOROUGH PARK,01 ONE FAMILY DWELLINGS,1,5379,77,A1,1627 44TH STREET,11204.0,1.0,0.0,1.0,2120.0,1376.0,1920.0,1,A1,1390000,2019-04-11,brooklyn,1627 44TH STREET NYC
4,WHITESTONE,01 ONE FAMILY DWELLINGS,1,4472,12,A2,3-24 149 STREET,11357.0,1.0,0.0,1.0,4000.0,1345.0,1945.0,1,A2,875000,2019-08-06,queens,3-24 149 STREET NYC
4,SUNNYSIDE,02 TWO FAMILY DWELLINGS,1,158,21,B1,4306 SKILLMAN AVENUE,11104.0,2.0,0.0,2.0,1733.0,2300.0,1935.0,1,B1,1180000,2019-01-14,queens,4306 SKILLMAN AVENUE NYC
3,OCEAN HILL,21 OFFICE BUILDINGS,4,1487,6,O5,117 RALPH AVENUE,11221.0,0.0,2.0,2.0,1440.0,4400.0,1905.0,4,O5,1995000,2019-05-28,brooklyn,117 RALPH AVENUE NYC
4,WOODHAVEN,02 TWO FAMILY DWELLINGS,1,8935,9,S2,94-18 JAMAICA AVENUE,11421.0,2.0,1.0,3.0,1943.0,3300.0,1930.0,1,S2,995000,2019-10-22,queens,94-18 JAMAICA AVENUE NYC
3,BEDFORD STUYVESANT,02 TWO FAMILY DWELLINGS,1,1857,18,S2,1489 FULTON STREET,11216.0,2.0,1.0,3.0,1000.0,2250.0,1910.0,1,S2,850000,2019-03-12,brooklyn,1489 FULTON STREET NYC
4,FLUSHING-NORTH,02 TWO FAMILY DWELLINGS,1,5119,21,B2,56-25 135TH STREET,11355.0,2.0,0.0,2.0,4000.0,1198.0,1920.0,1,B2,1250000,2019-03-05,queens,56-25 135TH STREET NYC
4,SOUTH JAMAICA,01 ONE FAMILY DWELLINGS,1,10192,39,A1,163-35 CLAUDE AVENUE,11433.0,1.0,0.0,1.0,1100.0,1280.0,1925.0,1,A1,369096,2019-06-27,queens,163-35 CLAUDE AVENUE NYC
4,ROCKAWAY PARK,02 TWO FAMILY DWELLINGS,1,16217,50,B2,226 BEACH 122 STREET,11694.0,2.0,0.0,2.0,3000.0,2310.0,1975.0,1,B2,772500,2019-09-03,queens,226 BEACH 122 STREET NYC
3,BATH BEACH,02 TWO FAMILY DWELLINGS,1,6364,29,B1,29 BAY 13TH,11214.0,2.0,0.0,2.0,2167.0,2922.0,1960.0,1,B1,1380000,2019-01-28,brooklyn,29 BAY 13TH NYC
4,SPRINGFIELD GARDENS,01 ONE FAMILY DWELLINGS,1,12580,12,A1,137-53 174TH STREET,11434.0,1.0,0.0,1.0,4000.0,1860.0,1945.0,1,A1,625000,2019-07-10,queens,137-53 174TH STREET NYC
5,LIVINGSTON,01 ONE FAMILY DWELLINGS,1,149,133,A1,113 PELTON AVENUE,10310.0,1.0,0.0,1.0,3515.0,1538.0,1925.0,1,A1,585000,2019-04-30,statenisland,113 PELTON AVENUE NYC
3,CYPRESS HILLS,02 TWO FAMILY DWELLINGS,1,3952,16,B2,211 WARWICK STREET,11207.0,2.0,0.0,2.0,1296.0,2080.0,2006.0,1,B2,750000,2019-05-15,brooklyn,211 WARWICK STREET NYC
4,SO. JAMAICA-BAISLEY PARK,01 ONE FAMILY DWELLINGS,1,12026,98,A1,119-29 INWOOD STREET,11436.0,1.0,0.0,1.0,2500.0,984.0,1930.0,1,A1,430000,2019-07-30,queens,119-29 INWOOD STREET NYC
4,ROSEDALE,01 ONE FAMILY DWELLINGS,1,13749,41,A2,241-70 148TH DRIVE,11422.0,1.0,0.0,1.0,3300.0,1850.0,1955.0,1,A2,650000,2019-12-27,queens,241-70 148TH DRIVE NYC
5,HUGUENOT,01 ONE FAMILY DWELLINGS,1,6828,37,A3,270 DARLINGTON AVENUE,10312.0,1.0,0.0,1.0,3594.0,2364.0,2004.0,1,A3,580000,2019-01-17,statenisland,270 DARLINGTON AVENUE NYC
4,ROSEDALE,01 ONE FAMILY DWELLINGS,1,13506,122,A2,227-23 143RD ROAD,11413.0,1.0,0.0,1.0,4000.0,1150.0,1955.0,1,A2,606000,2019-04-25,queens,227-23 143RD ROAD NYC
4,RICHMOND HILL,02 TWO FAMILY DWELLINGS,1,9320,91,B2,112-04 93RD AVENUE,11418.0,2.0,0.0,2.0,2500.0,2360.0,1920.0,1,B2,675000,2019-09-18,queens,112-04 93RD AVENUE NYC
3,CANARSIE,02 TWO FAMILY DWELLINGS,1,8255,49,B2,1444 EAST 91ST STREET,11236.0,2.0,0.0,2.0,2250.0,1472.0,1920.0,1,B2,477700,2019-02-27,brooklyn,1444 EAST 91ST STREET NYC
5,WILLOWBROOK,01 ONE FAMILY DWELLINGS,1,750,136,A5,465 COLLFIELD AVENUE,10314.0,1.0,0.0,1.0,3000.0,1472.0,1994.0,1,A5,610000,2019-09-26,statenisland,465 COLLFIELD AVENUE NYC
5,MANOR HEIGHTS,01 ONE FAMILY DWELLINGS,1,769,25,A5,15 WELLBROOK AVENUE,10314.0,1.0,0.0,1.0,1900.0,1440.0,1994.0,1,A5,530000,2019-01-04,statenisland,15 WELLBROOK AVENUE NYC
5,TOTTENVILLE,01 ONE FAMILY DWELLINGS,1,8047,52,S1,189 MAIN STREET,10307.0,1.0,1.0,2.0,1035.0,1200.0,1945.0,1,S1,370000,2019-12-23,statenisland,189 MAIN STREET NYC
4,JACKSON HEIGHTS,03 THREE FAMILY DWELLINGS,1,1412,57,C0,32-41 82ND STREET,11370.0,3.0,0.0,3.0,2442.0,2176.0,1925.0,1,C0,1225000,2019-04-25,queens,32-41 82ND STREET NYC
3,CANARSIE,01 ONE FAMILY DWELLINGS,1,8024,51,A1,924 EAST 88TH,11236.0,1.0,0.0,1.0,2700.0,871.0,1930.0,1,A1,499000,2019-07-01,brooklyn,924 EAST 88TH NYC
4,ROSEDALE,02 TWO FAMILY DWELLINGS,1,13539,60,B1,146-21 BROOKVILLE BLVD,11422.0,2.0,0.0,2.0,2367.0,2722.0,1945.0,1,B1,800000,2019-03-01,queens,146-21 BROOKVILLE BLVD NYC
4,RIDGEWOOD,29 COMMERCIAL GARAGES,4,3559,22,G2,57-31 COOPER AVENUE,11385.0,0.0,1.0,1.0,2327.0,2327.0,1962.0,4,G2,540000,2019-05-29,queens,57-31 COOPER AVENUE NYC
2,WILLIAMSBRIDGE,02 TWO FAMILY DWELLINGS,1,4872,17,B3,1043 EAST 225TH STREET,10466.0,2.0,0.0,2.0,2725.0,3519.0,2000.0,1,B3,649000,2019-02-26,bronx,1043 EAST 225TH STREET NYC
3,BEDFORD STUYVESANT,02 TWO FAMILY DWELLINGS,1,1737,51,B9,113 SANFORD,11205.0,2.0,0.0,2.0,2000.0,1280.0,1910.0,1,B9,999999,2019-12-12,brooklyn,113 SANFORD NYC
3,MIDWOOD,01 ONE FAMILY DWELLINGS,1,6754,74,A1,1447 EAST 16TH STREET,11230.0,1.0,0.0,1.0,2211.0,1576.0,1920.0,1,A1,989000,2019-07-11,brooklyn,1447 EAST 16TH STREET NYC
2,SOUNDVIEW,02 TWO FAMILY DWELLINGS,1,3523,17,B1,528 TAYLOR AVE,10473.0,2.0,0.0,2.0,2000.0,2750.0,1965.0,1,B1,690000,2019-08-22,bronx,528 TAYLOR AVE NYC
4,ROSEDALE,02 TWO FAMILY DWELLINGS,1,13743,60,B3,239-29 148TH ROAD,11422.0,2.0,0.0,2.0,4000.0,1566.0,1945.0,1,B3,625000,2019-03-27,queens,239-29 148TH ROAD NYC
4,RICHMOND HILL,02 TWO FAMILY DWELLINGS,1,9590,11,B3,104-18 131ST STREET,11419.0,2.0,0.0,2.0,2500.0,1652.0,1920.0,1,B3,852500,2019-05-23,queens,104-18 131ST STREET NYC
4,OZONE PARK,01 ONE FAMILY DWELLINGS,1,11482,52,A1,107-18 MURIEL CT,11417.0,1.0,0.0,1.0,2000.0,1178.0,1925.0,1,A1,606000,2019-11-07,queens,107-18 MURIEL CT NYC
4,SOUTH JAMAICA,02 TWO FAMILY DWELLINGS,1,11925,52,B3,109-58 141ST STREET,11435.0,2.0,0.0,2.0,4487.0,1400.0,1940.0,1,B3,455000,2019-03-28,queens,109-58 141ST STREET NYC
5,GREAT KILLS,01 ONE FAMILY DWELLINGS,1,5242,14,A2,299 RIDGECREST AVENUE,10312.0,1.0,0.0,1.0,4100.0,1100.0,1960.0,1,A2,495000,2019-01-29,statenisland,299 RIDGECREST AVENUE NYC
3,OCEAN HILL,02 TWO FAMILY DWELLINGS,1,1435,58,B9,2307 PACIFIC STREET,11233.0,2.0,0.0,2.0,1250.0,1920.0,1901.0,1,B9,662000,2019-09-05,brooklyn,2307 PACIFIC STREET NYC
4,LAURELTON,01 ONE FAMILY DWELLINGS,1,12969,6,A5,133-12 FRANCIS LEWIS BLVD,11413.0,1.0,0.0,1.0,2000.0,2080.0,1935.0,1,A5,479000,2019-09-04,queens,133-12 FRANCIS LEWIS BLVD NYC
3,GRAVESEND,07 RENTALS - WALKUP APARTMENTS,2A,6676,60,C3,1867 WEST 5TH STREET,11223.0,4.0,0.0,4.0,2867.0,3432.0,1931.0,2,C3,1770000,2019-01-04,brooklyn,1867 WEST 5TH STREET NYC
3,GRAVESEND,02 TWO FAMILY DWELLINGS,1,6578,30,B2,1352 WEST 6TH STREET,11204.0,2.0,0.0,2.0,2483.0,2360.0,1925.0,1,B2,1360000,2019-10-24,brooklyn,1352 WEST 6TH STREET NYC
4,EAST ELMHURST,01 ONE FAMILY DWELLINGS,1,1090,17,A5,23-24 97TH STREET,11369.0,1.0,0.0,1.0,1710.0,1215.0,1945.0,1,A5,575000,2019-06-12,queens,23-24 97TH STREET NYC
3,MIDWOOD,02 TWO FAMILY DWELLINGS,1,7556,70,B2,148 KENILWORTH PLACE,11210.0,2.0,0.0,2.0,2200.0,2168.0,1925.0,1,B2,820000,2019-04-15,brooklyn,148 KENILWORTH PLACE NYC
4,SO. JAMAICA-BAISLEY PARK,01 ONE FAMILY DWELLINGS,1,12064,19,A1,126-13 INWOOD STREET,11436.0,1.0,0.0,1.0,2820.0,1264.0,1930.0,1,A1,401544,2019-03-28,queens,126-13 INWOOD STREET NYC
4,JAMAICA,01 ONE FAMILY DWELLINGS,1,9699,53,A1,8725 139TH STREET,11435.0,1.0,0.0,1.0,1940.0,1296.0,1920.0,1,A1,640000,2019-07-09,queens,8725 139TH STREET NYC
1,HARLEM-CENTRAL,01 ONE FAMILY DWELLINGS,1,1754,8,A4,11 EAST 129 STREET,10035.0,1.0,0.0,1.0,1081.0,2800.0,1905.0,1,A4,1550000,2019-08-22,manhattan,11 EAST 129 STREET NYC
4,QUEENS VILLAGE,01 ONE FAMILY DWELLINGS,1,10669,105,A1,88-28 212 PLACE,11427.0,1.0,0.0,1.0,3030.0,1180.0,1930.0,1,A1,610000,2019-01-24,queens,88-28 212 PLACE NYC
5,GREAT KILLS-BAY TERRACE,01 ONE FAMILY DWELLINGS,1,5100,48,A5,57 CRANFORD STREET,10308.0,1.0,0.0,1.0,2400.0,1176.0,1975.0,1,A5,554500,2019-07-11,statenisland,57 CRANFORD STREET NYC
4,ST. ALBANS,02 TWO FAMILY DWELLINGS,1,10284,27,B3,111-11 174TH STREET,11433.0,2.0,0.0,2.0,2500.0,1568.0,1930.0,1,B3,325000,2019-06-27,queens,111-11 174TH STREET NYC
4,SPRINGFIELD GARDENS,01 ONE FAMILY DWELLINGS,1,13328,68,A5,184-28 SOUTH CONDUIT AVENUE,11413.0,1.0,0.0,1.0,2001.0,1100.0,2005.0,1,A5,490000,2019-08-09,queens,184-28 SOUTH CONDUIT AVENUE NYC
4,ROCKAWAY PARK,30 WAREHOUSES,4,16166,57,E1,111-04 ROCKAWAY BEACH BLVD.,11694.0,0.0,1.0,1.0,4880.0,1303.0,2010.0,4,E1,1300000,2019-04-24,queens,111-04 ROCKAWAY BEACH BLVD. NYC
4,OZONE PARK,03 THREE FAMILY DWELLINGS,1,9088,27,C0,86-31 102ND ROAD,11416.0,3.0,0.0,3.0,2523.0,2530.0,1920.0,1,C0,840000,2019-08-07,queens,86-31 102ND ROAD NYC
2,WESTCHESTER,01 ONE FAMILY DWELLINGS,1,3992,23,A1,2432 DORSEY STREET,10461.0,1.0,0.0,1.0,2325.0,1236.0,1930.0,1,A1,549000,2019-02-28,bronx,2432 DORSEY STREET NYC
4,SO. JAMAICA-BAISLEY PARK,01 ONE FAMILY DWELLINGS,1,11970,25,A1,114-40 141ST STREET,11436.0,1.0,0.0,1.0,2000.0,896.0,1920.0,1,A1,450000,2019-11-07,queens,114-40 141ST STREET NYC
4,FLUSHING-SOUTH,01 ONE FAMILY DWELLINGS,1,6936,36,A2,69-29 167TH STREET,11365.0,1.0,0.0,1.0,3990.0,1095.0,1960.0,1,A2,800000,2019-08-19,queens,69-29 167TH STREET NYC
4,BAYSIDE,03 THREE FAMILY DWELLINGS,1,6224,25,C0,209-41 41ST AVENUE,11361.0,3.0,0.0,3.0,2948.0,3202.0,1975.0,1,C0,1515000,2019-04-30,queens,209-41 41ST AVENUE NYC
2,CASTLE HILL/UNIONPORT,01 ONE FAMILY DWELLINGS,1,3688,4,A1,936 OLMSTEAD AVENUE,10473.0,1.0,0.0,1.0,2244.0,1520.0,1965.0,1,A1,460000,2019-01-14,bronx,936 OLMSTEAD AVENUE NYC
4,JACKSON HEIGHTS,02 TWO FAMILY DWELLINGS,1,1423,67,B1,32-41 93RD STREET,11369.0,2.0,0.0,2.0,1867.0,2093.0,1945.0,1,B1,1013202,2019-10-02,queens,32-41 93RD STREET NYC
3,MIDWOOD,01 ONE FAMILY DWELLINGS,1,6752,12,A1,1414 EAST 15TH STREET,11230.0,1.0,0.0,1.0,2000.0,1756.0,1925.0,1,A1,900000,2019-04-09,brooklyn,1414 EAST 15TH STREET NYC
5,DONGAN HILLS,01 ONE FAMILY DWELLINGS,1,3191,138,A2,27 WILSON STREET,10304.0,1.0,0.0,1.0,4000.0,1008.0,1955.0,1,A2,570000,2019-08-07,statenisland,27 WILSON STREET NYC
5,PORT RICHMOND,07 RENTALS - WALKUP APARTMENTS,2A,1039,71,C3,264 JEWETT AVENUE,10302.0,4.0,0.0,4.0,3025.0,2656.0,1931.0,2,C3,585000,2019-09-27,statenisland,264 JEWETT AVENUE NYC
5,DONGAN HILLS,02 TWO FAMILY DWELLINGS,1,3293,19,B2,26 ATLANTIC AVENUE,10304.0,2.0,0.0,2.0,3760.0,3600.0,2019.0,1,B2,1078000,2019-12-26,statenisland,26 ATLANTIC AVENUE NYC
4,SOUTH OZONE PARK,03 THREE FAMILY DWELLINGS,1,11805,20,C0,135-19 118TH STREET,11420.0,3.0,0.0,3.0,3200.0,3744.0,1960.0,1,C0,885000,2019-04-09,queens,135-19 118TH STREET NYC
4,FLUSHING-SOUTH,02 TWO FAMILY DWELLINGS,1,6905,39,B2,164-14 65TH AVENUE,11365.0,2.0,0.0,2.0,3000.0,2250.0,1930.0,1,B2,990000,2019-10-18,queens,164-14 65TH AVENUE NYC
4,ROSEDALE,02 TWO FAMILY DWELLINGS,1,13455,70,B2,146-64 222 ST,11413.0,2.0,0.0,2.0,3762.0,2300.0,1997.0,1,B2,700000,2019-03-12,queens,146-64 222 ST NYC
3,EAST NEW YORK,01 ONE FAMILY DWELLINGS,1,4323,18,A5,808 NEW JERSEY AVE,11207.0,1.0,0.0,1.0,1876.0,1422.0,1930.0,1,A5,584038,2019-12-06,brooklyn,808 NEW JERSEY AVE NYC
3,BENSONHURST,02 TWO FAMILY DWELLINGS,1,5552,29,B3,1646 65TH STREET,11204.0,2.0,0.0,2.0,1800.0,1732.0,1940.0,1,B3,990000,2019-06-12,brooklyn,1646 65TH STREET NYC
3,OCEAN PARKWAY-NORTH,02 TWO FAMILY DWELLINGS,1,5398,28,B2,718 EAST 5TH STREET,11218.0,2.0,0.0,2.0,4000.0,2500.0,1905.0,1,B2,1999500,2019-10-29,brooklyn,718 EAST 5TH STREET NYC
3,MADISON,02 TWO FAMILY DWELLINGS,1,7295,59,B2,1971 EAST 16TH STREET,11229.0,2.0,0.0,2.0,2000.0,2000.0,1930.0,1,B2,800000,2019-12-05,brooklyn,1971 EAST 16TH STREET NYC
5,PORT RICHMOND,01 ONE FAMILY DWELLINGS,1,1102,47,A1,29 LAFORGE AVENUE,10302.0,1.0,0.0,1.0,3290.0,1416.0,2015.0,1,A1,515000,2019-07-19,statenisland,29 LAFORGE AVENUE NYC
3,OCEAN PARKWAY-SOUTH,02 TWO FAMILY DWELLINGS,1,7130,76,B2,2169 EAST 3RD STREET,11223.0,2.0,0.0,2.0,1200.0,1540.0,1920.0,1,B2,1400000,2019-11-25,brooklyn,2169 EAST 3RD STREET NYC
3,FLATBUSH-CENTRAL,02 TWO FAMILY DWELLINGS,1,5057,3,B1,657 ROGERS AVENUE,11226.0,2.0,0.0,2.0,1260.0,3000.0,1910.0,1,B1,650000,2019-07-03,brooklyn,657 ROGERS AVENUE NYC
4,BAYSIDE,01 ONE FAMILY DWELLINGS,1,7446,21,A2,56-30 218TH STREET,11364.0,1.0,0.0,1.0,4200.0,1252.0,1960.0,1,A2,960000,2019-05-31,queens,56-30 218TH STREET NYC
5,NEW SPRINGVILLE,02 TWO FAMILY DWELLINGS,1,2395,62,B2,43 COPLEY STREET,10314.0,2.0,0.0,2.0,4200.0,2265.0,1970.0,1,B2,815000,2019-09-12,statenisland,43 COPLEY STREET NYC
4,CORONA,03 THREE FAMILY DWELLINGS,1,1897,8,C0,53-43 97TH STREET,11368.0,3.0,0.0,3.0,2000.0,3250.0,1969.0,1,C0,1445000,2019-08-28,queens,53-43 97TH STREET NYC
4,OZONE PARK,02 TWO FAMILY DWELLINGS,1,9153,29,B2,105-46 89TH ST,11417.0,2.0,0.0,2.0,2000.0,1600.0,1925.0,1,B2,480000,2019-02-04,queens,105-46 89TH ST NYC
3,OCEAN HILL,02 TWO FAMILY DWELLINGS,1,1573,8,B2,89 SACKMAN ST,11233.0,2.0,0.0,2.0,1566.0,2088.0,1920.0,1,B2,900000,2019-12-20,brooklyn,89 SACKMAN ST NYC
4,FRESH MEADOWS,01 ONE FAMILY DWELLINGS,1,7112,24,A2,67-40 184TH STREET,11365.0,1.0,0.0,1.0,4000.0,1250.0,1945.0,1,A2,838000,2019-05-22,queens,67-40 184TH STREET NYC
4,RICHMOND HILL,02 TWO FAMILY DWELLINGS,1,9580,85,B3,104-13 126TH STREET,11419.0,2.0,0.0,2.0,1500.0,1512.0,1920.0,1,B3,500000,2019-09-05,queens,104-13 126TH STREET NYC
3,BAY RIDGE,01 ONE FAMILY DWELLINGS,1,6101,11,A1,1 MARINE AVENUE,11209.0,1.0,0.0,1.0,4290.0,1960.0,1925.0,1,A1,1950000,2019-02-07,brooklyn,1 MARINE AVENUE NYC
3,CANARSIE,02 TWO FAMILY DWELLINGS,1,8171,122,B1,633 EAST 102ND STREET,11236.0,2.0,0.0,2.0,2058.0,2140.0,1999.0,1,B1,775250,2019-07-31,brooklyn,633 EAST 102ND STREET NYC
3,OCEAN PARKWAY-NORTH,01 ONE FAMILY DWELLINGS,1,5425,97,A5,317 PARKVILLE AVENUE,11230.0,1.0,0.0,1.0,1372.0,1296.0,1920.0,1,A5,400000,2019-07-23,brooklyn,317 PARKVILLE AVENUE NYC
4,ELMHURST,03 THREE FAMILY DWELLINGS,1,1313,40,C0,41-20 74TH STREET,11373.0,3.0,0.0,3.0,3800.0,2392.0,1925.0,1,C0,999900,2019-09-09,queens,41-20 74TH STREET NYC
4,BELLEROSE,01 ONE FAMILY DWELLINGS,1,8634,78,A1,86-10 253RD STREET,11426.0,1.0,0.0,1.0,3500.0,1220.0,1935.0,1,A1,640000,2019-03-26,queens,86-10 253RD STREET NYC
4,SOUTH OZONE PARK,01 ONE FAMILY DWELLINGS,1,11697,28,A1,117-46 134TH STREET,11420.0,1.0,0.0,1.0,4000.0,1132.0,1920.0,1,A1,325157,2019-10-28,queens,117-46 134TH STREET NYC
4,RICHMOND HILL,01 ONE FAMILY DWELLINGS,1,9502,27,A1,102-18 135TH STREET,11419.0,1.0,0.0,1.0,2375.0,1188.0,1920.0,1,A1,498000,2019-05-10,queens,102-18 135TH STREET NYC
4,FOREST HILLS,01 ONE FAMILY DWELLINGS,1,3193,45,A1,6811 OLCOTT STREET,11375.0,1.0,0.0,1.0,2600.0,1648.0,1925.0,1,A1,924500,2019-06-25,queens,6811 OLCOTT STREET NYC
4,CAMBRIA HEIGHTS,02 TWO FAMILY DWELLINGS,1,12736,42,B3,117-33 219TH STREET,11411.0,2.0,0.0,2.0,4000.0,1216.0,1920.0,1,B3,1049539,2019-09-25,queens,117-33 219TH STREET NYC
3,OCEAN HILL,02 TWO FAMILY DWELLINGS,1,1526,9,B1,218 SUMPTER STREET,11233.0,2.0,0.0,2.0,2933.0,1920.0,1995.0,1,B1,775000,2019-04-16,brooklyn,218 SUMPTER STREET NYC
3,EAST NEW YORK,14 RENTALS - 4-10 UNIT,2A,4266,19,S3,591 EUCLID AVENUE,11208.0,3.0,1.0,4.0,2400.0,3360.0,1930.0,2,S3,860000,2019-02-25,brooklyn,591 EUCLID AVENUE NYC
2,BATHGATE,22 STORE BUILDINGS,4,3039,21,K1,2345 WASHINGTON AVENUE,10458.0,0.0,1.0,1.0,4239.0,4239.0,1931.0,4,K1,1500000,2019-01-10,bronx,2345 WASHINGTON AVENUE NYC
3,CANARSIE,01 ONE FAMILY DWELLINGS,1,8047,6,A5,8113 AVENUE L,11236.0,1.0,0.0,1.0,1445.0,1120.0,1965.0,1,A5,444000,2019-02-14,brooklyn,8113 AVENUE L NYC
3,CLINTON HILL,22 STORE BUILDINGS,4,1991,16,K1,1826 PUTNAM AVENUE,11227.0,0.0,3.0,3.0,3683.0,3618.0,1930.0,4,K1,1200000,2019-01-31,brooklyn,1826 PUTNAM AVENUE NYC
2,BAYCHESTER,01 ONE FAMILY DWELLINGS,1,4751,54,A2,3328 GUNTHER AVENUE,10469.0,1.0,0.0,1.0,2090.0,948.0,1960.0,1,A2,499000,2019-07-25,bronx,3328 GUNTHER AVENUE NYC
3,BOROUGH PARK,02 TWO FAMILY DWELLINGS,1,5599,25,B1,1348 42ND STREET,11219.0,2.0,0.0,2.0,2003.0,2040.0,1940.0,1,B1,420000,2019-04-16,brooklyn,1348 42ND STREET NYC
2,MORRIS PARK/VAN NEST,01 ONE FAMILY DWELLINGS,1,4064,3,A1,1028 PIERCE AVE,10461.0,1.0,0.0,1.0,2700.0,1466.0,1915.0,1,A1,400000,2019-12-13,bronx,1028 PIERCE AVE NYC
3,MIDWOOD,22 STORE BUILDINGS,4,6713,80,K2,1363 CONEY ISLAND AVENUE,11230.0,0.0,2.0,2.0,2000.0,2400.0,1931.0,4,K2,1300000,2019-05-31,brooklyn,1363 CONEY ISLAND AVENUE NYC
4,ARVERNE,02 TWO FAMILY DWELLINGS,1,16025,21,B1,65-05A BAYFIELD AVENUE,11692.0,2.0,0.0,2.0,2800.0,2400.0,2003.0,1,B1,659427,2019-09-25,queens,65-05A BAYFIELD AVENUE NYC
3,SUNSET PARK,02 TWO FAMILY DWELLINGS,1,673,47,B9,201 31ST STREET,11232.0,2.0,0.0,2.0,2000.0,2520.0,1930.0,1,B9,1350000,2019-01-25,brooklyn,201 31ST STREET NYC
3,MARINE PARK,01 ONE FAMILY DWELLINGS,1,8480,44,A5,3606 AVENUE R,11234.0,1.0,0.0,1.0,1573.0,1188.0,1925.0,1,A5,670000,2019-10-04,brooklyn,3606 AVENUE R NYC
4,LAURELTON,01 ONE FAMILY DWELLINGS,1,12913,5,A2,234-09 131ST AVENUE,11422.0,1.0,0.0,1.0,4000.0,1008.0,1945.0,1,A2,471000,2019-03-08,queens,234-09 131ST AVENUE NYC
4,FAR ROCKAWAY,01 ONE FAMILY DWELLINGS,1,15607,10,A1,167 BEACH 3RD STREET,11691.0,1.0,0.0,1.0,2305.0,1152.0,1920.0,1,A1,425000,2019-04-30,queens,167 BEACH 3RD STREET NYC
3,BOROUGH PARK,03 THREE FAMILY DWELLINGS,1,5504,68,C0,1725 59TH STREET,11204.0,3.0,0.0,3.0,2905.0,2680.0,1930.0,1,C0,995000,2019-06-17,brooklyn,1725 59TH STREET NYC
3,BERGEN BEACH,02 TWO FAMILY DWELLINGS,1,8353,10,B2,6628 AVENUE L,11234.0,2.0,0.0,2.0,4900.0,2240.0,1965.0,1,B2,900000,2019-08-01,brooklyn,6628 AVENUE L NYC
2,SCHUYLERVILLE/PELHAM BAY,02 TWO FAMILY DWELLINGS,1,5400,38,B3,1528 CROSBY AVENUE,10461.0,2.0,0.0,2.0,2500.0,2392.0,1920.0,1,B3,860000,2019-08-01,bronx,1528 CROSBY AVENUE NYC
2,BAYCHESTER,02 TWO FAMILY DWELLINGS,1,4740,19,B1,3219 SEYMOUR AVENUE,10469.0,2.0,0.0,2.0,2500.0,2160.0,1920.0,1,B1,404586,2019-01-18,bronx,3219 SEYMOUR AVENUE NYC
4,HOLLIS,01 ONE FAMILY DWELLINGS,1,10580,16,A1,89-11 HOLLIS COURT BOULEVARD,11427.0,1.0,0.0,1.0,3600.0,2134.0,1935.0,1,A1,670000,2019-02-11,queens,89-11 HOLLIS COURT BOULEVARD NYC
4,JACKSON HEIGHTS,02 TWO FAMILY DWELLINGS,1,1480,76,B2,37-07 92ND STREET,11372.0,2.0,0.0,2.0,2900.0,2850.0,1920.0,1,B2,1410000,2019-10-18,queens,37-07 92ND STREET NYC
3,BOROUGH PARK,03 THREE FAMILY DWELLINGS,1,6551,69,C0,2223 63RD STREET,11204.0,3.0,0.0,3.0,2000.0,2308.0,1973.0,1,C0,1410000,2019-10-24,brooklyn,2223 63RD STREET NYC
3,FLATBUSH-EAST,02 TWO FAMILY DWELLINGS,1,4886,15,B1,940 NEW YORK AVENUE,11203.0,2.0,0.0,2.0,2281.0,2328.0,1910.0,1,B1,900000,2019-06-06,brooklyn,940 NEW YORK AVENUE NYC
2,BAYCHESTER,01 ONE FAMILY DWELLINGS,1,4982,97,S1,4000 BAYCHESTER AVENUE,10466.0,1.0,1.0,2.0,1513.0,2229.0,1965.0,1,S1,365000,2019-09-05,bronx,4000 BAYCHESTER AVENUE NYC
4,COLLEGE POINT,02 TWO FAMILY DWELLINGS,1,4064,16,B1,113-14 14 ROAD,11356.0,2.0,0.0,2.0,2242.0,2356.0,1920.0,1,B1,995000,2019-02-12,queens,113-14 14 ROAD NYC
5,NEW DORP-BEACH,01 ONE FAMILY DWELLINGS,1,4068,4,A2,163 EBBITTS STREET,10306.0,1.0,0.0,1.0,4000.0,1000.0,1960.0,1,A2,440000,2019-08-13,statenisland,163 EBBITTS STREET NYC
3,EAST NEW YORK,02 TWO FAMILY DWELLINGS,1,4062,37,B1,594 WARWICK ST,11207.0,2.0,0.0,2.0,2000.0,1810.0,1920.0,1,B1,436000,2019-06-19,brooklyn,594 WARWICK ST NYC
3,EAST NEW YORK,02 TWO FAMILY DWELLINGS,1,4175,50,B2,342 ELDERT LANE,11208.0,2.0,0.0,2.0,2302.0,1720.0,1910.0,1,B2,800000,2019-12-09,brooklyn,342 ELDERT LANE NYC
4,OAKLAND GARDENS,01 ONE FAMILY DWELLINGS,1,7625,127,A5,67-17 213TH ST,11364.0,1.0,0.0,1.0,2600.0,1116.0,1955.0,1,A5,735000,2019-06-19,queens,67-17 213TH ST NYC
3,EAST NEW YORK,02 TWO FAMILY DWELLINGS,1,4457,52,B2,459 MILFORD,11208.0,2.0,0.0,2.0,2192.0,1692.0,1920.0,1,B2,815000,2019-12-11,brooklyn,459 MILFORD NYC
4,MIDDLE VILLAGE,01 ONE FAMILY DWELLINGS,1,2995,10,A1,83-20 63RD AVENUE,11379.0,1.0,0.0,1.0,2200.0,2025.0,1930.0,1,A1,725000,2019-08-05,queens,83-20 63RD AVENUE NYC
4,CAMBRIA HEIGHTS,01 ONE FAMILY DWELLINGS,1,11280,67,A5,216-17 115TH COURT,11411.0,1.0,0.0,1.0,1024.0,864.0,1940.0,1,A5,485000,2019-07-16,queens,216-17 115TH COURT NYC
5,BULLS HEAD,02 TWO FAMILY DWELLINGS,1,1499,41,B2,8 MADISON AVENUE,10314.0,2.0,0.0,2.0,3808.0,2568.0,1970.0,1,B2,706000,2019-11-25,statenisland,8 MADISON AVENUE NYC
4,ROSEDALE,01 ONE FAMILY DWELLINGS,1,13253,15,A1,247-20 137TH ROAD,11422.0,1.0,0.0,1.0,3130.0,1204.0,1930.0,1,A1,499990,2019-09-20,queens,247-20 137TH ROAD NYC
4,ST. ALBANS,01 ONE FAMILY DWELLINGS,1,10990,48,A1,194-35 MURDOCK AVE,11412.0,1.0,0.0,1.0,3000.0,1256.0,1930.0,1,A1,599000,2019-07-12,queens,194-35 MURDOCK AVE NYC
3,BROWNSVILLE,01 ONE FAMILY DWELLINGS,1,3626,109,A5,933 ROCKAWAY AVENUE,11212.0,1.0,0.0,1.0,1800.0,1148.0,1987.0,1,A5,463500,2019-09-12,brooklyn,933 ROCKAWAY AVENUE NYC
4,KEW GARDENS,01 ONE FAMILY DWELLINGS,1,9269,46,A1,85-13 123RD STREET,11415.0,1.0,0.0,1.0,2000.0,1080.0,1930.0,1,A1,624000,2019-05-20,queens,85-13 123RD STREET NYC
4,SPRINGFIELD GARDENS,01 ONE FAMILY DWELLINGS,1,13076,18,A1,143-15 181ST STREET,11413.0,1.0,0.0,1.0,2243.0,1296.0,1936.0,1,A1,362500,2019-01-31,queens,143-15 181ST STREET NYC
3,CROWN HEIGHTS,02 TWO FAMILY DWELLINGS,1,1368,45,B9,186 BUFFALO AVENUE,11213.0,2.0,0.0,2.0,849.0,1240.0,1945.0,1,B9,675000,2019-02-14,brooklyn,186 BUFFALO AVENUE NYC
3,EAST NEW YORK,01 ONE FAMILY DWELLINGS,1,4021,11,A9,445 SHEPHERD AVENUE,11208.0,1.0,0.0,1.0,2500.0,1176.0,1920.0,1,A9,445000,2019-07-24,brooklyn,445 SHEPHERD AVENUE NYC
4,SOUTH OZONE PARK,01 ONE FAMILY DWELLINGS,1,11614,36,A1,109-60 135TH STREET,11420.0,1.0,0.0,1.0,2500.0,1485.0,1920.0,1,A1,315000,2019-05-31,queens,109-60 135TH STREET NYC
5,NEW BRIGHTON,03 THREE FAMILY DWELLINGS,1,50,108,C0,87 CRESCENT AVENUE,10301.0,3.0,0.0,3.0,2880.0,3438.0,1925.0,1,C0,790000,2019-08-28,statenisland,87 CRESCENT AVENUE NYC
4,FOREST HILLS,03 THREE FAMILY DWELLINGS,1,2186,133,C0,65-21 110TH STREET,11375.0,3.0,0.0,3.0,2700.0,2764.0,2017.0,1,C0,1476463,2019-04-11,queens,65-21 110TH STREET NYC
4,MIDDLE VILLAGE,03 THREE FAMILY DWELLINGS,1,3795,59,C0,76-07 COOPER AVENUE,11385.0,3.0,0.0,3.0,1702.0,3120.0,1920.0,1,C0,1040000,2019-02-04,queens,76-07 COOPER AVENUE NYC
4,JAMAICA,02 TWO FAMILY DWELLINGS,1,9972,28,B3,90-26 138 STREET,11435.0,2.0,0.0,2.0,3621.0,2344.0,1920.0,1,B3,950000,2019-12-17,queens,90-26 138 STREET NYC
2,BRONXDALE,02 TWO FAMILY DWELLINGS,1,4565,30,B1,2961 MORGAN AVE,10469.0,2.0,0.0,2.0,2158.0,976.0,1940.0,1,B1,465000,2019-10-10,bronx,2961 MORGAN AVE NYC
4,ARVERNE,02 TWO FAMILY DWELLINGS,1,16065,31,B2,72-21 BURCHELL AVENUE,11692.0,2.0,0.0,2.0,2600.0,1225.0,1925.0,1,B2,317163,2019-04-18,queens,72-21 BURCHELL AVENUE NYC
3,CANARSIE,02 TWO FAMILY DWELLINGS,1,8075,57,B9,1340 EAST 85TH STREET,11236.0,2.0,0.0,2.0,2000.0,1540.0,1955.0,1,B9,575000,2019-08-30,brooklyn,1340 EAST 85TH STREET NYC
4,ARVERNE,02 TWO FAMILY DWELLINGS,1,16049,4,B2,69-45 BURCHELL AVENUE,11692.0,2.0,0.0,2.0,3000.0,2160.0,2003.0,1,B2,460000,2019-09-30,queens,69-45 BURCHELL AVENUE NYC
5,PLEASANT PLAINS,02 TWO FAMILY DWELLINGS,1,6810,85,B2,81 SHARROTT AVENUE,10309.0,2.0,0.0,2.0,2916.0,1536.0,2004.0,1,B2,491790,2019-04-17,statenisland,81 SHARROTT AVENUE NYC
3,FLATBUSH-EAST,01 ONE FAMILY DWELLINGS,1,4954,23,A9,524 EAST 38 STREET,11203.0,1.0,0.0,1.0,2000.0,1280.0,1920.0,1,A9,660000,2019-03-01,brooklyn,524 EAST 38 STREET NYC
3,CANARSIE,02 TWO FAMILY DWELLINGS,1,7968,60,B1,8922 BEDELL LANE,11236.0,2.0,0.0,2.0,2440.0,2405.0,1960.0,1,B1,432000,2019-10-16,brooklyn,8922 BEDELL LANE NYC
3,BENSONHURST,02 TWO FAMILY DWELLINGS,1,5554,48,B1,1861 66TH STREET,11204.0,2.0,0.0,2.0,2500.0,2640.0,1930.0,1,B1,1600000,2019-03-20,brooklyn,1861 66TH STREET NYC
4,FLORAL PARK,01 ONE FAMILY DWELLINGS,1,8738,17,A0,81-37 263RD STREET,11004.0,1.0,0.0,1.0,4000.0,1020.0,1945.0,1,A0,615000,2019-03-28,queens,81-37 263RD STREET NYC
4,SPRINGFIELD GARDENS,02 TWO FAMILY DWELLINGS,1,12259,39,B3,154-14 129TH AVENUE,11434.0,2.0,0.0,2.0,4000.0,960.0,1950.0,1,B3,495000,2019-02-07,queens,154-14 129TH AVENUE NYC
2,WAKEFIELD,01 ONE FAMILY DWELLINGS,1,5048,42,A5,4380 BYRON AVENUE,10466.0,1.0,0.0,1.0,2440.0,1782.0,1950.0,1,A5,498000,2019-10-25,bronx,4380 BYRON AVENUE NYC
4,ROSEDALE,01 ONE FAMILY DWELLINGS,1,13647,80,A5,253-16 147TH AVENUE,11422.0,1.0,0.0,1.0,3965.0,1440.0,1960.0,1,A5,593000,2019-10-03,queens,253-16 147TH AVENUE NYC
2,MORRIS PARK/VAN NEST,03 THREE FAMILY DWELLINGS,1,4269,7,C0,1036 NEILL AVENUE,10461.0,3.0,0.0,3.0,2500.0,2740.0,1929.0,1,C0,875000,2019-01-22,bronx,1036 NEILL AVENUE NYC
2,BRONXDALE,01 ONE FAMILY DWELLINGS,1,4563,31,A5,2942 THROOP AVENUE,10469.0,1.0,0.0,1.0,1600.0,1088.0,1945.0,1,A5,481783,2019-08-14,bronx,2942 THROOP AVENUE NYC
4,OZONE PARK,02 TWO FAMILY DWELLINGS,1,9007,4,B2,78-08 95TH AVENUE,11416.0,2.0,0.0,2.0,2410.0,2216.0,1935.0,1,B2,820000,2019-03-27,queens,78-08 95TH AVENUE NYC
3,OCEAN PARKWAY-NORTH,01 ONE FAMILY DWELLINGS,1,5401,41,A9,630 EAST 8TH STREET,11218.0,1.0,0.0,1.0,2591.0,1312.0,1920.0,1,A9,1025000,2019-01-16,brooklyn,630 EAST 8TH STREET NYC
2,SOUNDVIEW,01 ONE FAMILY DWELLINGS,1,3521,64,A1,535 BEACH AVENUE,10473.0,1.0,0.0,1.0,2604.0,1344.0,1925.0,1,A1,333000,2019-05-29,bronx,535 BEACH AVENUE NYC
2,WILLIAMSBRIDGE,03 THREE FAMILY DWELLINGS,1,4852,16,C0,845 EAST 227 STREET,10466.0,3.0,0.0,3.0,2854.0,3366.0,2003.0,1,C0,580000,2019-01-24,bronx,845 EAST 227 STREET NYC
4,JACKSON HEIGHTS,03 THREE FAMILY DWELLINGS,1,1085,5,C0,91-14 23RD AVENUE,11369.0,3.0,0.0,3.0,3300.0,2970.0,1970.0,1,C0,1120000,2019-01-17,queens,91-14 23RD AVENUE NYC
5,RICHMONDTOWN,01 ONE FAMILY DWELLINGS,1,4399,53,A2,58 WEST CEDARVIEW AVE,10306.0,1.0,0.0,1.0,4850.0,1144.0,1955.0,1,A2,451000,2019-04-25,statenisland,58 WEST CEDARVIEW AVE NYC
4,COLLEGE POINT,02 TWO FAMILY DWELLINGS,1,3939,25,B2,119-38 8 AVENUE,11356.0,2.0,0.0,2.0,3300.0,1720.0,1930.0,1,B2,930000,2019-11-15,queens,119-38 8 AVENUE NYC
2,MORRIS PARK/VAN NEST,03 THREE FAMILY DWELLINGS,1,4124,25,C0,1831 BOGART AVENUE,10462.0,3.0,0.0,3.0,2500.0,2034.0,1925.0,1,C0,950000,2019-12-09,bronx,1831 BOGART AVENUE NYC
3,SUNSET PARK,02 TWO FAMILY DWELLINGS,1,854,24,B9,342 58TH ST,11220.0,2.0,0.0,2.0,1803.0,2550.0,1915.0,1,B9,650000,2019-08-28,brooklyn,342 58TH ST NYC
3,FLATBUSH-EAST,01 ONE FAMILY DWELLINGS,1,4960,58,A9,523 EAST 43RD STREET,11203.0,1.0,0.0,1.0,2000.0,1504.0,1925.0,1,A9,643000,2019-06-18,brooklyn,523 EAST 43RD STREET NYC
3,CANARSIE,03 THREE FAMILY DWELLINGS,1,8298,14,C0,1641 EAST 95TH STREET,11236.0,3.0,0.0,3.0,2730.0,3350.0,1960.0,1,C0,550000,2019-06-27,brooklyn,1641 EAST 95TH STREET NYC
3,BERGEN BEACH,02 TWO FAMILY DWELLINGS,1,8440,17,B3,2255 EAST 71ST STREET,11234.0,2.0,0.0,2.0,4000.0,1322.0,1960.0,1,B3,950000,2019-08-22,brooklyn,2255 EAST 71ST STREET NYC
4,OZONE PARK,01 ONE FAMILY DWELLINGS,1,11532,49,A1,137-21 96 STREET,11417.0,1.0,0.0,1.0,2500.0,1592.0,1925.0,1,A1,685000,2019-09-12,queens,137-21 96 STREET NYC
3,SHEEPSHEAD BAY,01 ONE FAMILY DWELLINGS,1,8785,102,A5,4747 BEDFORD AVENUE,11235.0,1.0,0.0,1.0,1520.0,1724.0,1940.0,1,A5,760000,2019-05-03,brooklyn,4747 BEDFORD AVENUE NYC
5,CLOVE LAKES,01 ONE FAMILY DWELLINGS,1,293,60,A1,215 WHITEWOOD AVENUE,10310.0,1.0,0.0,1.0,3200.0,1500.0,1930.0,1,A1,553004,2019-10-31,statenisland,215 WHITEWOOD AVENUE NYC
5,MIDLAND BEACH,01 ONE FAMILY DWELLINGS,1,3667,25,A5,54 BOUNDARY AVENUE,10306.0,1.0,0.0,1.0,3224.0,1900.0,2005.0,1,A5,818000,2019-09-26,statenisland,54 BOUNDARY AVENUE NYC
3,EAST NEW YORK,03 THREE FAMILY DWELLINGS,1,4255,45,C0,1391 SUTTER AVENUE,11208.0,3.0,0.0,3.0,1800.0,2080.0,1910.0,1,C0,450000,2019-10-31,brooklyn,1391 SUTTER AVENUE NYC
2,PELHAM PARKWAY NORTH,02 TWO FAMILY DWELLINGS,1,4460,33,B1,1240 MACE AVE,10469.0,2.0,0.0,2.0,2300.0,2200.0,1945.0,1,B1,385750,2019-03-20,bronx,1240 MACE AVE NYC
4,HILLCREST,01 ONE FAMILY DWELLINGS,1,7046,26,A5,82-53 166TH STREET,11432.0,1.0,0.0,1.0,2632.0,1640.0,1935.0,1,A5,750000,2019-04-19,queens,82-53 166TH STREET NYC
4,MASPETH,01 ONE FAMILY DWELLINGS,1,2773,38,A5,62-03 65TH STREET,11379.0,1.0,0.0,1.0,1950.0,1018.0,1960.0,1,A5,670000,2019-08-22,queens,62-03 65TH STREET NYC
3,CYPRESS HILLS,02 TWO FAMILY DWELLINGS,1,3672,28,B2,88 WYONA STREET,11207.0,2.0,0.0,2.0,2500.0,1966.0,1901.0,1,B2,760000,2019-12-11,brooklyn,88 WYONA STREET NYC
3,BAY RIDGE,02 TWO FAMILY DWELLINGS,1,6129,58,B2,208 MARINE AVENUE,11209.0,2.0,0.0,2.0,2000.0,2080.0,1925.0,1,B2,900000,2019-04-18,brooklyn,208 MARINE AVENUE NYC
5,RICHMONDTOWN,01 ONE FAMILY DWELLINGS,1,4347,119,A5,41 CRANFORD COURT,10306.0,1.0,0.0,1.0,700.0,1050.0,1993.0,1,A5,390000,2019-07-25,statenisland,41 CRANFORD COURT NYC
2,WAKEFIELD,02 TWO FAMILY DWELLINGS,1,5021,9,B3,4124 DE REIMER,10466.0,2.0,0.0,2.0,2375.0,1096.0,1930.0,1,B3,520000,2019-03-22,bronx,4124 DE REIMER NYC
5,GREAT KILLS,01 ONE FAMILY DWELLINGS,1,5462,44,A1,98 FERN AVENUE,10308.0,1.0,0.0,1.0,4500.0,1920.0,1965.0,1,A1,650000,2019-08-02,statenisland,98 FERN AVENUE NYC
3,FLATBUSH-EAST,01 ONE FAMILY DWELLINGS,1,4784,56,A9,957 EAST 49TH STREET,11203.0,1.0,0.0,1.0,2000.0,1408.0,1910.0,1,A9,390000,2019-10-03,brooklyn,957 EAST 49TH STREET NYC
4,ELMHURST,01 ONE FAMILY DWELLINGS,1,2492,30,A5,52-26 79TH STREET,11373.0,1.0,0.0,1.0,1842.0,1152.0,1945.0,1,A5,770000,2019-04-05,queens,52-26 79TH STREET NYC
3,MARINE PARK,01 ONE FAMILY DWELLINGS,1,8475,49,A5,1820 EAST 32ND STREET,11234.0,1.0,0.0,1.0,1808.0,1224.0,1925.0,1,A5,677000,2019-07-31,brooklyn,1820 EAST 32ND STREET NYC
4,BAYSIDE,01 ONE FAMILY DWELLINGS,1,7396,5,A1,50-15 216TH STREET,11364.0,1.0,0.0,1.0,4000.0,1020.0,1950.0,1,A1,930000,2019-02-19,queens,50-15 216TH STREET NYC
2,PARKCHESTER,01 ONE FAMILY DWELLINGS,1,3917,7,A1,1516 ROSEDALE AVENUE,10460.0,1.0,0.0,1.0,2375.0,1872.0,1901.0,1,A1,430000,2019-05-30,bronx,1516 ROSEDALE AVENUE NYC
2,SOUNDVIEW,02 TWO FAMILY DWELLINGS,1,3774,73,B1,1213 WARD AVENUE,10472.0,2.0,0.0,2.0,2500.0,2544.0,1930.0,1,B1,475000,2019-01-24,bronx,1213 WARD AVENUE NYC
3,BOROUGH PARK,03 THREE FAMILY DWELLINGS,1,5528,22,C0,2042 61ST STREET,11204.0,3.0,0.0,3.0,2500.0,2600.0,1925.0,1,C0,995000,2019-04-30,brooklyn,2042 61ST STREET NYC
5,GREAT KILLS,01 ONE FAMILY DWELLINGS,1,5447,72,A5,374 GIFFORDS LANE,10308.0,1.0,0.0,1.0,1750.0,2005.0,1990.0,1,A5,417500,2019-07-30,statenisland,374 GIFFORDS LANE NYC
4,FOREST HILLS,01 ONE FAMILY DWELLINGS,1,3231,12,A3,75 DARTMOUTH STREET,11375.0,1.0,0.0,1.0,4845.0,2567.0,1920.0,1,A3,1700000,2019-02-11,queens,75 DARTMOUTH STREET NYC
3,WILLIAMSBURG-EAST,27 FACTORIES,4,2274,12,F5,126 THROOP AVENUE,11206.0,0.0,1.0,1.0,2200.0,2200.0,1931.0,4,F5,1537500,2019-03-05,brooklyn,126 THROOP AVENUE NYC
5,NEW SPRINGVILLE,02 TWO FAMILY DWELLINGS,1,2114,135,B2,56 RIVINGTON AVENUE,10314.0,2.0,0.0,2.0,4725.0,2556.0,1965.0,1,B2,720000,2019-11-13,statenisland,56 RIVINGTON AVENUE NYC
3,CYPRESS HILLS,01 ONE FAMILY DWELLINGS,1,4113,26,A5,106 ETNA STREET,11208.0,1.0,0.0,1.0,2599.0,1912.0,1910.0,1,A5,400000,2019-06-26,brooklyn,106 ETNA STREET NYC
3,DYKER HEIGHTS,01 ONE FAMILY DWELLINGS,1,5984,40,A9,7912 11TH AVENUE,11228.0,1.0,0.0,1.0,2250.0,1496.0,1925.0,1,A9,870000,2019-02-01,brooklyn,7912 11TH AVENUE NYC
2,WILLIAMSBRIDGE,03 THREE FAMILY DWELLINGS,1,4825,35,C0,647 EAST 223RD STREET,10466.0,3.0,0.0,3.0,2856.0,4200.0,2003.0,1,C0,555000,2019-04-08,bronx,647 EAST 223RD STREET NYC
4,SPRINGFIELD GARDENS,02 TWO FAMILY DWELLINGS,1,13344,41,B3,180-16 145TH DRIVE,11434.0,2.0,0.0,2.0,3117.0,1214.0,1935.0,1,B3,480000,2019-08-28,queens,180-16 145TH DRIVE NYC
2,BAYCHESTER,02 TWO FAMILY DWELLINGS,1,4785,65,B1,2952 KINGSLAND AVE,10469.0,2.0,0.0,2.0,1900.0,1840.0,1960.0,1,B1,490000,2019-07-24,bronx,2952 KINGSLAND AVE NYC
2,WAKEFIELD,02 TWO FAMILY DWELLINGS,1,5013,15,B1,4229 ELY AVENUE,10466.0,2.0,0.0,2.0,2375.0,2207.0,1935.0,1,B1,630000,2019-05-13,bronx,4229 ELY AVENUE NYC
4,FLUSHING-NORTH,02 TWO FAMILY DWELLINGS,1,5210,18,B2,46-36 BOWNE STREET,11355.0,2.0,0.0,2.0,2969.0,2080.0,2016.0,1,B2,1466280,2019-05-30,queens,46-36 BOWNE STREET NYC
4,FAR ROCKAWAY,02 TWO FAMILY DWELLINGS,1,15660,16,B3,1372 CHANDLER STREET,11691.0,2.0,0.0,2.0,4000.0,2287.0,1901.0,1,B3,360000,2019-08-29,queens,1372 CHANDLER STREET NYC
4,SPRINGFIELD GARDENS,01 ONE FAMILY DWELLINGS,1,13074,120,A5,179-11 144TH AVENUE,11434.0,1.0,0.0,1.0,904.0,1032.0,2005.0,1,A5,441333,2019-09-20,queens,179-11 144TH AVENUE NYC
3,BUSHWICK,02 TWO FAMILY DWELLINGS,1,3369,134,B2,416 WILSON AVE,11221.0,2.0,0.0,2.0,1688.0,2850.0,1990.0,1,B2,1060000,2019-03-07,brooklyn,416 WILSON AVE NYC
2,SOUNDVIEW,02 TWO FAMILY DWELLINGS,1,3717,42,B3,1057 STRATFORD AVENUE,10472.0,2.0,0.0,2.0,2825.0,1640.0,1940.0,1,B3,485000,2019-11-21,bronx,1057 STRATFORD AVENUE NYC
3,BATH BEACH,01 ONE FAMILY DWELLINGS,1,6367,43,S1,1732 86TH STREET,11214.0,1.0,1.0,2.0,1342.0,1920.0,1926.0,1,S1,1630000,2019-02-08,brooklyn,1732 86TH STREET NYC
4,FLUSHING-SOUTH,01 ONE FAMILY DWELLINGS,1,6914,32,A3,65-07 173RD STREET,11365.0,1.0,0.0,1.0,4000.0,4070.0,1954.0,1,A3,580000,2019-11-15,queens,65-07 173RD STREET NYC
2,SCHUYLERVILLE/PELHAM BAY,01 ONE FAMILY DWELLINGS,1,5393,22,A1,1449 GILLESPIE AVENUE,10461.0,1.0,0.0,1.0,2500.0,1273.0,1920.0,1,A1,670000,2019-10-11,bronx,1449 GILLESPIE AVENUE NYC
3,DYKER HEIGHTS,02 TWO FAMILY DWELLINGS,1,6220,9,B1,1106 BAY RIDGE PARKWAY,11228.0,2.0,0.0,2.0,1967.0,1360.0,1940.0,1,B1,1170000,2019-04-29,brooklyn,1106 BAY RIDGE PARKWAY NYC
4,SPRINGFIELD GARDENS,02 TWO FAMILY DWELLINGS,1,12297,40,B2,15807 137 AVENUE,11434.0,2.0,0.0,2.0,4000.0,1698.0,1955.0,1,B2,750000,2019-01-30,queens,15807 137 AVENUE NYC
3,FLATBUSH-EAST,07 RENTALS - WALKUP APARTMENTS,2A,4897,50,C3,217 EAST 43RD STREET,11203.0,4.0,0.0,4.0,3000.0,2360.0,1931.0,2,C3,500000,2019-03-13,brooklyn,217 EAST 43RD STREET NYC
4,ST. ALBANS,01 ONE FAMILY DWELLINGS,1,10990,10,A1,194-16 113TH ROAD,11412.0,1.0,0.0,1.0,3000.0,1284.0,1930.0,1,A1,480000,2019-07-29,queens,194-16 113TH ROAD NYC
4,SUNNYSIDE,01 ONE FAMILY DWELLINGS,1,155,28,A5,3947 44TH STREET,11104.0,1.0,0.0,1.0,1742.0,952.0,1925.0,1,A5,537500,2019-03-29,queens,3947 44TH STREET NYC
2,CROTONA PARK,02 TWO FAMILY DWELLINGS,1,3000,27,B2,1495 LONGFELLOW AVENUE,10460.0,2.0,0.0,2.0,2500.0,2600.0,1996.0,1,B2,522000,2019-09-18,bronx,1495 LONGFELLOW AVENUE NYC
4,SO. JAMAICA-BAISLEY PARK,01 ONE FAMILY DWELLINGS,1,12041,118,A5,144-16 120 AVENUE,11436.0,1.0,0.0,1.0,1267.0,896.0,1940.0,1,A5,431600,2019-05-31,queens,144-16 120 AVENUE NYC
5,ARDEN HEIGHTS,02 TWO FAMILY DWELLINGS,1,6012,34,B2,545 JEFFERSON BOULEVARD,10312.0,2.0,0.0,2.0,4000.0,2200.0,1970.0,1,B2,727500,2019-04-17,statenisland,545 JEFFERSON BOULEVARD NYC
3,CANARSIE,02 TWO FAMILY DWELLINGS,1,7985,21,B1,645 EAST 80TH STREET,11236.0,2.0,0.0,2.0,2367.0,2304.0,1960.0,1,B1,614658,2019-09-27,brooklyn,645 EAST 80TH STREET NYC
2,SOUNDVIEW,07 RENTALS - WALKUP APARTMENTS,2A,3777,24,C3,1246 STRATFORD AVENUE,10472.0,4.0,0.0,4.0,2500.0,3321.0,1927.0,2,C3,850000,2019-10-04,bronx,1246 STRATFORD AVENUE NYC
2,CASTLE HILL/UNIONPORT,01 ONE FAMILY DWELLINGS,1,3509,47,A5,431 HOWE AVENUE,10473.0,1.0,0.0,1.0,2643.0,1594.0,1959.0,1,A5,500000,2019-12-11,bronx,431 HOWE AVENUE NYC
2,BAYCHESTER,02 TWO FAMILY DWELLINGS,1,4773,43,B1,1701 ADEE AVENUE,10469.0,2.0,0.0,2.0,3069.0,2500.0,1955.0,1,B1,325000,2019-12-23,bronx,1701 ADEE AVENUE NYC
5,GREAT KILLS,01 ONE FAMILY DWELLINGS,1,5457,10,A5,266 BROOKFIELD AVENUE,10308.0,1.0,0.0,1.0,2424.0,1728.0,1975.0,1,A5,520000,2019-11-07,statenisland,266 BROOKFIELD AVENUE NYC
4,FLUSHING-NORTH,01 ONE FAMILY DWELLINGS,1,6369,101,A1,134-14 59TH AVENUE,11355.0,1.0,0.0,1.0,2650.0,1668.0,1925.0,1,A1,805000,2019-10-21,queens,134-14 59TH AVENUE NYC
5,GREAT KILLS-BAY TERRACE,02 TWO FAMILY DWELLINGS,1,4696,30,B2,3240 AMBOY ROAD,10306.0,2.0,0.0,2.0,4879.0,2392.0,1965.0,1,B2,775000,2019-06-26,statenisland,3240 AMBOY ROAD NYC
4,ASTORIA,02 TWO FAMILY DWELLINGS,1,683,6,B3,41-17 NEWTOWN ROAD,11103.0,2.0,0.0,2.0,900.0,1152.0,1940.0,1,B3,945000,2019-03-04,queens,41-17 NEWTOWN ROAD NYC
2,WAKEFIELD,02 TWO FAMILY DWELLINGS,1,5031,25,B2,4223 SETON AVENUE,10466.0,2.0,0.0,2.0,3239.0,1760.0,1920.0,1,B2,525000,2019-09-25,bronx,4223 SETON AVENUE NYC
4,OZONE PARK,02 TWO FAMILY DWELLINGS,1,9541,12,B2,104-04 ROCKAWAY BOULEVARD,11417.0,2.0,0.0,2.0,1353.0,1780.0,1930.0,1,B2,660000,2019-05-31,queens,104-04 ROCKAWAY BOULEVARD NYC
4,ARVERNE,02 TWO FAMILY DWELLINGS,1,16089,27,B2,230 BEACH BREEZE PLACE,11692.0,2.0,0.0,2.0,2694.0,2905.0,2004.0,1,B2,835000,2019-02-07,queens,230 BEACH BREEZE PLACE NYC
3,CANARSIE,02 TWO FAMILY DWELLINGS,1,8261,55,B1,1802 ROCKAWAY PARKWAY,11236.0,2.0,0.0,2.0,2200.0,2080.0,1925.0,1,B1,800000,2019-03-25,brooklyn,1802 ROCKAWAY PARKWAY NYC
3,CYPRESS HILLS,02 TWO FAMILY DWELLINGS,1,4102,10,B1,21 LOGAN ST,11208.0,2.0,0.0,2.0,2033.0,2280.0,1910.0,1,B1,855000,2019-01-30,brooklyn,21 LOGAN ST NYC
4,ASTORIA,02 TWO FAMILY DWELLINGS,1,678,65,B2,31-60 41ST STREET,11103.0,2.0,0.0,2.0,2500.0,2876.0,1910.0,1,B2,1300000,2019-09-11,queens,31-60 41ST STREET NYC
4,SO. JAMAICA-BAISLEY PARK,02 TWO FAMILY DWELLINGS,1,11969,33,B3,139-11 115TH AVENUE,11436.0,2.0,0.0,2.0,3300.0,2112.0,1955.0,1,B3,350000,2019-11-27,queens,139-11 115TH AVENUE NYC
4,JAMAICA HILLS,01 ONE FAMILY DWELLINGS,1,9877,3,A1,8426 HOMELAWN STREET,11432.0,1.0,0.0,1.0,3030.0,1520.0,1920.0,1,A1,500000,2019-06-14,queens,8426 HOMELAWN STREET NYC
2,MOTT HAVEN/PORT MORRIS,02 TWO FAMILY DWELLINGS,1,2286,97,B3,443 EAST 141ST STREET,10454.0,2.0,0.0,2.0,1875.0,3024.0,1910.0,1,B3,715000,2019-05-21,bronx,443 EAST 141ST STREET NYC
4,QUEENS VILLAGE,02 TWO FAMILY DWELLINGS,1,11163,9,B3,104-69 SPRINGFIELD BLVD,11429.0,2.0,0.0,2.0,3004.0,1842.0,1925.0,1,B3,760000,2019-01-30,queens,104-69 SPRINGFIELD BLVD NYC
5,ANNADALE,02 TWO FAMILY DWELLINGS,1,6222,129,B9,50 JEANNETTE AVENUE,10312.0,2.0,0.0,2.0,2825.0,1600.0,2004.0,1,B9,655000,2019-08-23,statenisland,50 JEANNETTE AVENUE NYC
4,GLENDALE,02 TWO FAMILY DWELLINGS,1,3829,67,B1,79-42 78TH AVENUE,11385.0,2.0,0.0,2.0,2007.0,2120.0,1915.0,1,B1,950000,2019-12-13,queens,79-42 78TH AVENUE NYC
3,FLATBUSH-NORTH,01 ONE FAMILY DWELLINGS,1,1331,4,A4,406 LEFFERTS AVE.,11225.0,1.0,0.0,1.0,1238.0,616.0,1920.0,1,A4,500000,2019-04-18,brooklyn,406 LEFFERTS AVE. NYC
4,ST. ALBANS,02 TWO FAMILY DWELLINGS,1,10431,4,B2,189-28 113TH ROAD,11412.0,2.0,0.0,2.0,1625.0,1850.0,2007.0,1,B2,615000,2019-02-04,queens,189-28 113TH ROAD NYC
4,MASPETH,02 TWO FAMILY DWELLINGS,1,2655,61,B3,59-23 59TH ROAD,11378.0,2.0,0.0,2.0,3301.0,1280.0,1920.0,1,B3,710000,2019-12-27,queens,59-23 59TH ROAD NYC
4,MASPETH,03 THREE FAMILY DWELLINGS,1,2709,60,C0,61-40 56TH AVENUE,11378.0,3.0,0.0,3.0,2325.0,2436.0,1910.0,1,C0,900000,2019-12-27,queens,61-40 56TH AVENUE NYC
3,GRAVESEND,07 RENTALS - WALKUP APARTMENTS,2A,6644,50,C3,31 HIGHLAWN AVE,11223.0,4.0,0.0,4.0,2600.0,3131.0,1932.0,2,C3,1620000,2019-01-10,brooklyn,31 HIGHLAWN AVE NYC
2,BAYCHESTER,02 TWO FAMILY DWELLINGS,1,4748,8,B9,3243 KINGSLAND AVENUE,10469.0,2.0,0.0,2.0,2660.0,3000.0,1965.0,1,B9,410000,2019-09-27,bronx,3243 KINGSLAND AVENUE NYC
5,BULLS HEAD,01 ONE FAMILY DWELLINGS,1,1646,66,A9,106 JULES DRIVE,10314.0,1.0,0.0,1.0,2458.0,1700.0,1970.0,1,A9,470000,2019-01-23,statenisland,106 JULES DRIVE NYC
3,GRAVESEND,02 TWO FAMILY DWELLINGS,1,6929,50,B1,2472 CROPSEY AVENUE,11214.0,2.0,0.0,2.0,2500.0,2942.0,1955.0,1,B1,1225000,2019-10-28,brooklyn,2472 CROPSEY AVENUE NYC
4,REGO PARK,01 ONE FAMILY DWELLINGS,1,3077,12,A1,61-14 BOOTH STREET,11374.0,1.0,0.0,1.0,2349.0,1632.0,1930.0,1,A1,433000,2019-06-03,queens,61-14 BOOTH STREET NYC
3,BENSONHURST,02 TWO FAMILY DWELLINGS,1,6323,14,B2,1422 84TH STREET,11228.0,2.0,0.0,2.0,2392.0,1960.0,1930.0,1,B2,1235000,2019-04-18,brooklyn,1422 84TH STREET NYC
4,JAMAICA HILLS,03 THREE FAMILY DWELLINGS,1,9781,24,C0,161-33 NORMAL ROAD,11432.0,3.0,0.0,3.0,2240.0,2280.0,1970.0,1,C0,820000,2019-07-09,queens,161-33 NORMAL ROAD NYC
5,WILLOWBROOK,01 ONE FAMILY DWELLINGS,1,1988,123,A5,91 WASHINGTON AVENUE,10314.0,1.0,0.0,1.0,2328.0,2057.0,1980.0,1,A5,705000,2019-12-02,statenisland,91 WASHINGTON AVENUE NYC
4,SOUTH JAMAICA,02 TWO FAMILY DWELLINGS,1,12175,38,B2,111-15A 157TH STREET,11433.0,2.0,0.0,2.0,1875.0,2016.0,2004.0,1,B2,544934,2019-05-30,queens,111-15A 157TH STREET NYC
3,CANARSIE,01 ONE FAMILY DWELLINGS,1,8004,55,A2,742 EAST 84 STREET,11236.0,1.0,0.0,1.0,4000.0,2112.0,1960.0,1,A2,660000,2019-04-03,brooklyn,742 EAST 84 STREET NYC
3,CANARSIE,02 TWO FAMILY DWELLINGS,1,8067,24,B3,1235 E 88TH STREET,11236.0,2.0,0.0,2.0,4000.0,1216.0,1925.0,1,B3,550000,2019-08-13,brooklyn,1235 E 88TH STREET NYC
4,ST. ALBANS,02 TWO FAMILY DWELLINGS,1,10391,53,B3,190-34 DORMANS ROAD,11412.0,2.0,0.0,2.0,3998.0,2349.0,1930.0,1,B3,895000,2019-08-20,queens,190-34 DORMANS ROAD NYC
5,NEW BRIGHTON,01 ONE FAMILY DWELLINGS,1,106,10,A1,45 STANLEY AVENUE,10301.0,1.0,0.0,1.0,2525.0,1498.0,2019.0,1,A1,495769,2019-10-17,statenisland,45 STANLEY AVENUE NYC
4,RICHMOND HILL,03 THREE FAMILY DWELLINGS,1,9392,36,C0,94-05 108TH STREET,11419.0,3.0,0.0,3.0,1650.0,2554.0,2003.0,1,C0,910000,2019-08-03,queens,94-05 108TH STREET NYC
3,EAST NEW YORK,02 TWO FAMILY DWELLINGS,1,4008,11,B2,159 MONTAUK AVENUE,11208.0,2.0,0.0,2.0,2000.0,1400.0,1930.0,1,B2,477200,2019-08-29,brooklyn,159 MONTAUK AVENUE NYC
4,ST. ALBANS,01 ONE FAMILY DWELLINGS,1,10439,38,A1,189-15 KEESEVILLE AVENUE,11412.0,1.0,0.0,1.0,3000.0,1300.0,1940.0,1,A1,632000,2019-04-12,queens,189-15 KEESEVILLE AVENUE NYC
4,HILLCREST,01 ONE FAMILY DWELLINGS,1,7041,68,A5,82-40 167TH STREET,11432.0,1.0,0.0,1.0,2000.0,1392.0,1950.0,1,A5,800000,2019-02-08,queens,82-40 167TH STREET NYC
4,RICHMOND HILL,01 ONE FAMILY DWELLINGS,1,9546,39,A1,107-62 109TH STREET,11419.0,1.0,0.0,1.0,1916.0,1200.0,1925.0,1,A1,361500,2019-06-27,queens,107-62 109TH STREET NYC
4,ST. ALBANS,01 ONE FAMILY DWELLINGS,1,12630,13,A1,118-14 201ST PLACE,11412.0,1.0,0.0,1.0,2100.0,1106.0,1925.0,1,A1,530000,2019-06-28,queens,118-14 201ST PLACE NYC
4,EAST ELMHURST,02 TWO FAMILY DWELLINGS,1,1407,44,B3,3149 95TH STREET,11369.0,2.0,0.0,2.0,2660.0,1950.0,1930.0,1,B3,600000,2019-06-11,queens,3149 95TH STREET NYC
2,WESTCHESTER,01 ONE FAMILY DWELLINGS,1,4078,28,A1,2530 POPLAR STREET,10461.0,1.0,0.0,1.0,2846.0,1732.0,1920.0,1,A1,355000,2019-12-05,bronx,2530 POPLAR STREET NYC
5,PORT RICHMOND,01 ONE FAMILY DWELLINGS,1,1074,76,A1,38 MAPLE AVENUE,10302.0,1.0,0.0,1.0,2500.0,1371.0,1915.0,1,A1,450000,2019-07-10,statenisland,38 MAPLE AVENUE NYC
4,EAST ELMHURST,03 THREE FAMILY DWELLINGS,1,1427,3,C0,97-08 32ND AVENUE,11369.0,3.0,0.0,3.0,4000.0,2190.0,1915.0,1,C0,1270000,2019-09-16,queens,97-08 32ND AVENUE NYC
5,BULLS HEAD,01 ONE FAMILY DWELLINGS,1,1657,1,A5,161 JULES DRIVE,10314.0,1.0,0.0,1.0,3920.0,1550.0,1950.0,1,A5,470000,2019-07-24,statenisland,161 JULES DRIVE NYC
3,FLATBUSH-EAST,02 TWO FAMILY DWELLINGS,1,4902,10,B1,3124 SNYDER AVENUE,11226.0,2.0,0.0,2.0,1670.0,2000.0,1910.0,1,B1,999000,2019-05-30,brooklyn,3124 SNYDER AVENUE NYC
4,JAMAICA HILLS,03 THREE FAMILY DWELLINGS,1,9735,10,C0,85-06 PARSONS BOULEVARD,11432.0,3.0,0.0,3.0,1298.0,2698.0,1960.0,1,C0,875000,2019-07-24,queens,85-06 PARSONS BOULEVARD NYC
4,QUEENS VILLAGE,01 ONE FAMILY DWELLINGS,1,10638,3,A1,91-23 214TH STREET,11428.0,1.0,0.0,1.0,2675.0,992.0,1920.0,1,A1,450000,2019-01-17,queens,91-23 214TH STREET NYC
4,QUEENS VILLAGE,01 ONE FAMILY DWELLINGS,1,10649,15,A1,90-11 215TH STREET,11428.0,1.0,0.0,1.0,3400.0,1160.0,1930.0,1,A1,442680,2019-08-07,queens,90-11 215TH STREET NYC
3,CANARSIE,02 TWO FAMILY DWELLINGS,1,8225,29,B1,1229 EAST 98TH STREET,11236.0,2.0,0.0,2.0,2000.0,1575.0,1955.0,1,B1,610000,2019-01-11,brooklyn,1229 EAST 98TH STREET NYC
5,NEW DORP-BEACH,02 TWO FAMILY DWELLINGS,1,4074,31,B2,291 ROMA AVENUE,10306.0,2.0,0.0,2.0,4000.0,2063.0,1983.0,1,B2,760000,2019-08-31,statenisland,291 ROMA AVENUE NYC
3,BUSHWICK,02 TWO FAMILY DWELLINGS,1,3430,50,B2,1255 DECATUR STREET,11207.0,2.0,0.0,2.0,2500.0,1600.0,1920.0,1,B2,1250000,2019-02-04,brooklyn,1255 DECATUR STREET NYC
3,EAST NEW YORK,02 TWO FAMILY DWELLINGS,1,4172,42,B1,336 LINCOLN AVENUE,11208.0,2.0,0.0,2.0,2000.0,2200.0,1920.0,1,B1,428106,2019-01-08,brooklyn,336 LINCOLN AVENUE NYC
4,ASTORIA,02 TWO FAMILY DWELLINGS,1,622,8,B1,32-73 34TH STREET,11106.0,2.0,0.0,2.0,2500.0,2140.0,1920.0,1,B1,468152,2019-01-24,queens,32-73 34TH STREET NYC
2,BAYCHESTER,02 TWO FAMILY DWELLINGS,1,4897,30,B2,1227 E 222 ST,10469.0,2.0,0.0,2.0,2500.0,1890.0,1925.0,1,B2,400000,2019-08-28,bronx,1227 E 222 ST NYC
4,FLUSHING-NORTH,02 TWO FAMILY DWELLINGS,1,5456,54,B2,46-38 158 STREET,11358.0,2.0,0.0,2.0,3000.0,1364.0,1930.0,1,B2,980000,2019-01-17,queens,46-38 158 STREET NYC
3,OLD MILL BASIN,01 ONE FAMILY DWELLINGS,1,8385,1,A1,6329 AVENUE T,11234.0,1.0,0.0,1.0,2500.0,1148.0,1920.0,1,A1,610000,2019-01-31,brooklyn,6329 AVENUE T NYC
4,SO. JAMAICA-BAISLEY PARK,01 ONE FAMILY DWELLINGS,1,12349,12,A5,116-47 167TH STREET,11434.0,1.0,0.0,1.0,1800.0,1224.0,1945.0,1,A5,433000,2019-11-01,queens,116-47 167TH STREET NYC
3,BENSONHURST,01 ONE FAMILY DWELLINGS,1,6263,33,A9,2064 78TH STREET,11214.0,1.0,0.0,1.0,2283.0,1240.0,1925.0,1,A9,760000,2019-06-04,brooklyn,2064 78TH STREET NYC
4,QUEENS VILLAGE,01 ONE FAMILY DWELLINGS,1,10643,16,A1,91-20 218TH STREET,11428.0,1.0,0.0,1.0,2500.0,1328.0,1950.0,1,A1,640000,2019-06-18,queens,91-20 218TH STREET NYC
4,EAST ELMHURST,03 THREE FAMILY DWELLINGS,1,1372,40,C0,25-76 99TH STREET,11369.0,3.0,0.0,3.0,3531.0,2960.0,1925.0,1,C0,1150000,2019-08-19,queens,25-76 99TH STREET NYC
2,WAKEFIELD,01 ONE FAMILY DWELLINGS,1,5026,91,A5,4156 MURDOCK AVENUE,10466.0,1.0,0.0,1.0,1958.0,690.0,1950.0,1,A5,403000,2019-04-22,bronx,4156 MURDOCK AVENUE NYC
4,SPRINGFIELD GARDENS,01 ONE FAMILY DWELLINGS,1,12296,63,A0,134-15 157TH STREET,11434.0,1.0,0.0,1.0,4000.0,1150.0,1950.0,1,A0,450000,2019-10-11,queens,134-15 157TH STREET NYC
3,MARINE PARK,01 ONE FAMILY DWELLINGS,1,7888,62,A1,1742 HENDRICKSON STREET,11234.0,1.0,0.0,1.0,2450.0,1464.0,1920.0,1,A1,700000,2019-08-12,brooklyn,1742 HENDRICKSON STREET NYC
4,HOLLIS,02 TWO FAMILY DWELLINGS,1,9896,68,B2,90-40 180TH STREET,11432.0,2.0,0.0,2.0,2550.0,1950.0,1920.0,1,B2,827000,2019-06-12,queens,90-40 180TH STREET NYC
3,BRIGHTON BEACH,02 TWO FAMILY DWELLINGS,1,8711,93,B9,73 BRIGHTON 11,11235.0,2.0,0.0,2.0,2200.0,1831.0,1940.0,1,B9,750000,2019-08-08,brooklyn,73 BRIGHTON 11 NYC
4,LITTLE NECK,02 TWO FAMILY DWELLINGS,1,8160,117,B2,37-10 BROOKSIDE STREET,11363.0,2.0,0.0,2.0,2602.0,1978.0,1975.0,1,B2,892000,2019-06-26,queens,37-10 BROOKSIDE STREET NYC
4,ROCKAWAY PARK,02 TWO FAMILY DWELLINGS,1,16233,77,B2,176 BEACH 124TH STREET,11694.0,2.0,0.0,2.0,3000.0,1689.0,1960.0,1,B2,750000,2019-10-15,queens,176 BEACH 124TH STREET NYC
5,BULLS HEAD,01 ONE FAMILY DWELLINGS,1,1631,5,A9,21 CASWELL LANE,10314.0,1.0,0.0,1.0,2430.0,2052.0,1986.0,1,A9,525000,2019-05-24,statenisland,21 CASWELL LANE NYC
3,BOROUGH PARK,02 TWO FAMILY DWELLINGS,1,5633,41,B1,1145 49TH STREET,11219.0,2.0,0.0,2.0,1600.0,2408.0,1901.0,1,B1,1175000,2019-11-22,brooklyn,1145 49TH STREET NYC
4,SO. JAMAICA-BAISLEY PARK,01 ONE FAMILY DWELLINGS,1,12221,23,A2,122-06 155TH STREET,11434.0,1.0,0.0,1.0,4170.0,845.0,1950.0,1,A2,880000,2019-02-14,queens,122-06 155TH STREET NYC
4,RICHMOND HILL,01 ONE FAMILY DWELLINGS,1,9501,59,A1,101-25 133RD STREET,11419.0,1.0,0.0,1.0,2521.0,1330.0,1920.0,1,A1,615000,2019-09-13,queens,101-25 133RD STREET NYC
4,HOLLIS,01 ONE FAMILY DWELLINGS,1,10919,49,A1,209-07 HOLLIS AVENUE,11429.0,1.0,0.0,1.0,3400.0,1708.0,1920.0,1,A1,520000,2019-04-25,queens,209-07 HOLLIS AVENUE NYC
3,MADISON,22 STORE BUILDINGS,4,7326,40,K2,2123 AVENUE U,11229.0,0.0,2.0,2.0,1800.0,3260.0,1925.0,4,K2,1200000,2019-10-28,brooklyn,2123 AVENUE U NYC
5,GRASMERE,01 ONE FAMILY DWELLINGS,1,3169,14,A5,524 ODER AVENUE,10304.0,1.0,0.0,1.0,2345.0,1232.0,2019.0,1,A5,687319,2019-11-20,statenisland,524 ODER AVENUE NYC
3,KENSINGTON,02 TWO FAMILY DWELLINGS,1,5330,50,S2,737 CHURCH AVENUE,11218.0,2.0,1.0,3.0,1560.0,3300.0,1931.0,1,S2,1475000,2019-08-01,brooklyn,737 CHURCH AVENUE NYC
4,ELMHURST,02 TWO FAMILY DWELLINGS,1,1305,10,B2,40-35 73RD STREET,11377.0,2.0,0.0,2.0,3000.0,1944.0,1920.0,1,B2,1700000,2019-10-07,queens,40-35 73RD STREET NYC
3,GRAVESEND,02 TWO FAMILY DWELLINGS,1,6597,36,B3,1570 WEST 9TH STREET,11204.0,2.0,0.0,2.0,1800.0,1148.0,1925.0,1,B3,935000,2019-01-25,brooklyn,1570 WEST 9TH STREET NYC
3,DYKER HEIGHTS,01 ONE FAMILY DWELLINGS,1,6254,61,A9,1141 79TH STREET,11228.0,1.0,0.0,1.0,2000.0,1376.0,1920.0,1,A9,800000,2019-11-04,brooklyn,1141 79TH STREET NYC
4,OZONE PARK,01 ONE FAMILY DWELLINGS,1,11533,23,A1,137-36 97TH STREET,11417.0,1.0,0.0,1.0,2500.0,1360.0,1925.0,1,A1,710000,2019-09-16,queens,137-36 97TH STREET NYC
3,BOROUGH PARK,03 THREE FAMILY DWELLINGS,1,5381,71,C0,1637 42ND STREET,11204.0,3.0,0.0,3.0,2955.0,3200.0,1930.0,1,C0,1750000,2019-02-27,brooklyn,1637 42ND STREET NYC
3,OCEAN PARKWAY-SOUTH,01 ONE FAMILY DWELLINGS,1,7132,64,A9,2197 EAST 5TH STREET,11223.0,1.0,0.0,1.0,2200.0,1324.0,1925.0,1,A9,1200000,2019-07-29,brooklyn,2197 EAST 5TH STREET NYC
4,LAURELTON,02 TWO FAMILY DWELLINGS,1,13127,3,B3,137-15 220TH PLACE,11413.0,2.0,0.0,2.0,3000.0,1912.0,1950.0,1,B3,800000,2019-11-25,queens,137-15 220TH PLACE NYC
5,RICHMONDTOWN,01 ONE FAMILY DWELLINGS,1,4416,20,A1,286 PARK STREET,10306.0,1.0,0.0,1.0,4523.0,1928.0,1965.0,1,A1,780000,2019-07-24,statenisland,286 PARK STREET NYC
4,SOUTH OZONE PARK,01 ONE FAMILY DWELLINGS,1,11783,42,A1,133-12 125TH STREET,11420.0,1.0,0.0,1.0,2000.0,952.0,1920.0,1,A1,361466,2019-11-08,queens,133-12 125TH STREET NYC
2,SCHUYLERVILLE/PELHAM BAY,02 TWO FAMILY DWELLINGS,1,4237,23,B3,3123 ARNOW PLACE,10461.0,2.0,0.0,2.0,2042.0,2000.0,1950.0,1,B3,615000,2019-08-28,bronx,3123 ARNOW PLACE NYC
5,GREAT KILLS,01 ONE FAMILY DWELLINGS,1,5458,72,A5,397 ABINGDON AVENUE,10308.0,1.0,0.0,1.0,1988.0,1667.0,1988.0,1,A5,442765,2019-08-15,statenisland,397 ABINGDON AVENUE NYC
4,FLORAL PARK,01 ONE FAMILY DWELLINGS,1,8806,67,A1,84-72 264TH STREET,11001.0,1.0,0.0,1.0,4000.0,1610.0,1922.0,1,A1,700000,2019-10-31,queens,84-72 264TH STREET NYC
3,CANARSIE,02 TWO FAMILY DWELLINGS,1,8245,32,B1,1123 EAST 99TH STREET,11236.0,2.0,0.0,2.0,2000.0,1540.0,1955.0,1,B1,726100,2019-09-12,brooklyn,1123 EAST 99TH STREET NYC
2,KINGSBRIDGE HTS/UNIV HTS,22 STORE BUILDINGS,4,3197,16,K1,35 WEST 183 STREET,10453.0,0.0,1.0,1.0,2250.0,2250.0,1910.0,4,K1,600000,2019-06-25,bronx,35 WEST 183 STREET NYC
3,EAST NEW YORK,03 THREE FAMILY DWELLINGS,1,4281,21,C0,1246 BLAKE AVENUE,11208.0,3.0,0.0,3.0,2250.0,4440.0,1920.0,1,C0,650000,2019-01-17,brooklyn,1246 BLAKE AVENUE NYC
4,CAMBRIA HEIGHTS,01 ONE FAMILY DWELLINGS,1,11325,18,A5,116-31 224TH STREET,11411.0,1.0,0.0,1.0,2000.0,1600.0,1935.0,1,A5,520000,2019-08-06,queens,116-31 224TH STREET NYC
3,DYKER HEIGHTS,01 ONE FAMILY DWELLINGS,1,5955,11,A1,7601 10TH AVENUE,11228.0,1.0,0.0,1.0,1930.0,1170.0,1930.0,1,A1,646000,2019-04-08,brooklyn,7601 10TH AVENUE NYC
4,EAST ELMHURST,01 ONE FAMILY DWELLINGS,1,1689,15,A1,31-14 103 ST,11369.0,1.0,0.0,1.0,2000.0,1294.0,1920.0,1,A1,915000,2019-06-21,queens,31-14 103 ST NYC
4,SOUTH OZONE PARK,01 ONE FAMILY DWELLINGS,1,11646,5,A1,11920 LINDEN BLVD,11420.0,1.0,0.0,1.0,2000.0,912.0,1920.0,1,A1,485000,2019-03-07,queens,11920 LINDEN BLVD NYC
2,CASTLE HILL/UNIONPORT,02 TWO FAMILY DWELLINGS,1,3802,21,B1,2026 GLEASON AVENUE,10472.0,2.0,0.0,2.0,2575.0,2688.0,1930.0,1,B1,750000,2019-01-11,bronx,2026 GLEASON AVENUE NYC
4,WOODHAVEN,01 ONE FAMILY DWELLINGS,1,9287,110,A5,100-24 87TH AVENUE,11418.0,1.0,0.0,1.0,1650.0,1344.0,1920.0,1,A5,425000,2019-10-11,queens,100-24 87TH AVENUE NYC
2,BAYCHESTER,29 COMMERCIAL GARAGES,4,4934,66,G3,1220 EAST 233 STREET,10466.0,0.0,2.0,2.0,3564.0,315.0,1934.0,4,G3,885000,2019-01-30,bronx,1220 EAST 233 STREET NYC
3,PARK SLOPE SOUTH,02 TWO FAMILY DWELLINGS,1,1055,42,B3,34 JACKSON PLACE,11215.0,2.0,0.0,2.0,2165.0,1890.0,1910.0,1,B3,1751000,2019-08-29,brooklyn,34 JACKSON PLACE NYC
4,ASTORIA,02 TWO FAMILY DWELLINGS,1,860,58,B1,20-38 27TH STREET,11105.0,2.0,0.0,2.0,2525.0,2300.0,1930.0,1,B1,1599000,2019-08-15,queens,20-38 27TH STREET NYC
3,BRIGHTON BEACH,07 RENTALS - WALKUP APARTMENTS,2A,8672,89,C3,3062 BRIGHTON 3 STREET,11235.0,4.0,0.0,4.0,2500.0,3017.0,1927.0,2,C3,825000,2019-02-21,brooklyn,3062 BRIGHTON 3 STREET NYC
5,CASTLETON CORNERS,02 TWO FAMILY DWELLINGS,1,373,117,B1,31 COALE AVENUE,10314.0,2.0,0.0,2.0,3000.0,1600.0,1950.0,1,B1,529000,2019-10-04,statenisland,31 COALE AVENUE NYC
4,JAMAICA,02 TWO FAMILY DWELLINGS,1,10008,33,B3,9523 ALLENDALE,11435.0,2.0,0.0,2.0,2100.0,1316.0,1920.0,1,B3,575000,2019-06-13,queens,9523 ALLENDALE NYC
5,WESTERLEIGH,01 ONE FAMILY DWELLINGS,1,1440,65,A2,32 BRYSON AVENUE,10302.0,1.0,0.0,1.0,4085.0,840.0,1950.0,1,A2,455000,2019-09-18,statenisland,32 BRYSON AVENUE NYC
2,BEDFORD PARK/NORWOOD,01 ONE FAMILY DWELLINGS,1,3318,139,A1,2769 CRESTON AVENUE,10468.0,1.0,0.0,1.0,3358.0,1472.0,1910.0,1,A1,975000,2019-06-13,bronx,2769 CRESTON AVENUE NYC
4,SOUTH JAMAICA,02 TWO FAMILY DWELLINGS,1,12143,125,B1,109-08 155TH STREET,11433.0,2.0,0.0,2.0,2463.0,2000.0,2009.0,1,B1,800000,2019-09-12,queens,109-08 155TH STREET NYC
3,BOROUGH PARK,02 TWO FAMILY DWELLINGS,1,5490,32,B3,1764 55TH STREET,11204.0,2.0,0.0,2.0,3506.0,1454.0,1910.0,1,B3,1320000,2019-10-28,brooklyn,1764 55TH STREET NYC
5,ELTINGVILLE,01 ONE FAMILY DWELLINGS,1,5694,6,A1,811 ARDEN AVENUE,10312.0,1.0,0.0,1.0,3300.0,1252.0,1935.0,1,A1,550000,2019-01-29,statenisland,811 ARDEN AVENUE NYC
5,ARDEN HEIGHTS,01 ONE FAMILY DWELLINGS,1,6020,32,A5,39 DOVER GREEN,10312.0,1.0,0.0,1.0,2360.0,1740.0,1970.0,1,A5,473776,2019-11-14,statenisland,39 DOVER GREEN NYC
4,SOUTH OZONE PARK,02 TWO FAMILY DWELLINGS,1,11841,38,B3,11810 150 AVENUE,11420.0,2.0,0.0,2.0,4000.0,2332.0,1935.0,1,B3,1185000,2019-10-10,queens,11810 150 AVENUE NYC
5,NEW DORP,01 ONE FAMILY DWELLINGS,1,4052,8,A5,252A TITUS AVENUE,10306.0,1.0,0.0,1.0,2312.0,1242.0,2000.0,1,A5,449000,2019-01-24,statenisland,252A TITUS AVENUE NYC
4,RICHMOND HILL,01 ONE FAMILY DWELLINGS,1,9606,13,A1,10718 127TH STREET,11419.0,1.0,0.0,1.0,2610.0,1064.0,1915.0,1,A1,868000,2019-02-08,queens,10718 127TH STREET NYC
4,OZONE PARK,01 ONE FAMILY DWELLINGS,1,11369,22,A2,89-30 DESARC ROAD,11417.0,1.0,0.0,1.0,2000.0,920.0,1920.0,1,A2,418000,2019-03-28,queens,89-30 DESARC ROAD NYC
4,FLUSHING-SOUTH,02 TWO FAMILY DWELLINGS,1,6393,38,B3,136-25 63RD AVENUE,11367.0,2.0,0.0,2.0,4000.0,2340.0,1950.0,1,B3,1420459,2019-01-17,queens,136-25 63RD AVENUE NYC
4,SOUTH JAMAICA,03 THREE FAMILY DWELLINGS,1,11946,109,C0,147-35 ARLINGTON TERRACE,11435.0,3.0,0.0,3.0,4000.0,2580.0,1925.0,1,C0,885000,2019-12-19,queens,147-35 ARLINGTON TERRACE NYC
5,BULLS HEAD,01 ONE FAMILY DWELLINGS,1,2074,21,A5,59 GOLLER PLACE,10314.0,1.0,0.0,1.0,2575.0,1392.0,1980.0,1,A5,610000,2019-08-05,statenisland,59 GOLLER PLACE NYC
2,BAYCHESTER,03 THREE FAMILY DWELLINGS,1,4934,46,C0,1190 EAST 233 STREET,10466.0,3.0,0.0,3.0,2520.0,2280.0,1967.0,1,C0,585000,2019-07-10,bronx,1190 EAST 233 STREET NYC
3,EAST NEW YORK,02 TWO FAMILY DWELLINGS,1,4079,40,B1,600 ASHFORD ST,11207.0,2.0,0.0,2.0,1800.0,2000.0,1930.0,1,B1,550000,2019-10-10,brooklyn,600 ASHFORD ST NYC
5,CASTLETON CORNERS,02 TWO FAMILY DWELLINGS,1,350,46,B1,10 WINTHROP PLACE,10314.0,2.0,0.0,2.0,3219.0,1824.0,1940.0,1,B1,540000,2019-10-02,statenisland,10 WINTHROP PLACE NYC
5,ELTINGVILLE,01 ONE FAMILY DWELLINGS,1,5327,32,A2,102 RETFORD AVENUE,10312.0,1.0,0.0,1.0,4000.0,988.0,1965.0,1,A2,640000,2019-01-07,statenisland,102 RETFORD AVENUE NYC
5,MIDLAND BEACH,01 ONE FAMILY DWELLINGS,1,3697,34,A1,251 BOUNDARY AVENUE,10306.0,1.0,0.0,1.0,4200.0,1201.0,1930.0,1,A1,450000,2019-10-25,statenisland,251 BOUNDARY AVENUE NYC
5,NEW SPRINGVILLE,01 ONE FAMILY DWELLINGS,1,2374,39,A5,25 EVANS STREET,10314.0,1.0,0.0,1.0,3220.0,1868.0,1980.0,1,A5,605000,2019-07-02,statenisland,25 EVANS STREET NYC
4,RICHMOND HILL,02 TWO FAMILY DWELLINGS,1,9405,50,B2,97-19 103RD STREET,11416.0,2.0,0.0,2.0,2300.0,2232.0,1920.0,1,B2,885000,2019-08-20,queens,97-19 103RD STREET NYC
4,MIDDLE VILLAGE,03 THREE FAMILY DWELLINGS,1,2953,22,C0,69-28 62ND DRIVE,11379.0,3.0,0.0,3.0,2107.0,3065.0,1970.0,1,C0,1380000,2019-07-16,queens,69-28 62ND DRIVE NYC
4,FLUSHING-SOUTH,02 TWO FAMILY DWELLINGS,1,6396,21,B9,63-14 138TH STREET,11367.0,2.0,0.0,2.0,2000.0,1760.0,1960.0,1,B9,720000,2019-03-01,queens,63-14 138TH STREET NYC
3,OLD MILL BASIN,01 ONE FAMILY DWELLINGS,1,8493,68,A5,1734 EAST 54TH STREET,11234.0,1.0,0.0,1.0,1800.0,1992.0,1955.0,1,A5,501930,2019-02-11,brooklyn,1734 EAST 54TH STREET NYC
4,RICHMOND HILL,01 ONE FAMILY DWELLINGS,1,9192,40,A1,84-40 107TH STREET,11418.0,1.0,0.0,1.0,3854.0,1796.0,1915.0,1,A1,781000,2019-01-23,queens,84-40 107TH STREET NYC
3,DYKER HEIGHTS,01 ONE FAMILY DWELLINGS,1,6320,72,A5,1117 85TH STREET,11228.0,1.0,0.0,1.0,2217.0,1464.0,1910.0,1,A5,1160000,2019-06-18,brooklyn,1117 85TH STREET NYC
3,BOROUGH PARK,03 THREE FAMILY DWELLINGS,1,5632,58,C0,4822 11TH AVENUE,11219.0,3.0,0.0,3.0,2000.0,2240.0,1901.0,1,C0,1279200,2019-11-21,brooklyn,4822 11TH AVENUE NYC
4,WOODHAVEN,02 TWO FAMILY DWELLINGS,1,8918,31,B1,87-10 85TH STREET,11421.0,2.0,0.0,2.0,2000.0,2256.0,1910.0,1,B1,800000,2019-06-10,queens,87-10 85TH STREET NYC
2,SCHUYLERVILLE/PELHAM BAY,02 TWO FAMILY DWELLINGS,1,5398,51,B3,1418 HOBART AVENUE,10461.0,2.0,0.0,2.0,1950.0,1056.0,1935.0,1,B3,525000,2019-08-30,bronx,1418 HOBART AVENUE NYC
4,CORONA,02 TWO FAMILY DWELLINGS,1,1951,9,B3,57-43 GRANGER ST,11368.0,2.0,0.0,2.0,2000.0,1464.0,1925.0,1,B3,725000,2019-01-25,queens,57-43 GRANGER ST NYC
4,FLUSHING-NORTH,01 ONE FAMILY DWELLINGS,1,5456,38,A1,157-14 46TH AVENUE,11355.0,1.0,0.0,1.0,4000.0,1464.0,1935.0,1,A1,960000,2019-08-19,queens,157-14 46TH AVENUE NYC
4,MASPETH,01 ONE FAMILY DWELLINGS,1,2368,37,A5,54-30 63RD PLACE,11378.0,1.0,0.0,1.0,2254.0,1332.0,1950.0,1,A5,725000,2019-09-13,queens,54-30 63RD PLACE NYC
5,ARDEN HEIGHTS,01 ONE FAMILY DWELLINGS,1,6031,120,A9,29 BUNNELL COURT,10312.0,1.0,0.0,1.0,640.0,980.0,1987.0,1,A9,340000,2019-05-30,statenisland,29 BUNNELL COURT NYC
3,EAST NEW YORK,02 TWO FAMILY DWELLINGS,1,4053,17,B3,541 SHEPHERD AVENUE,11208.0,2.0,0.0,2.0,2500.0,1842.0,1901.0,1,B3,685000,2019-12-12,brooklyn,541 SHEPHERD AVENUE NYC
4,ROCKAWAY PARK,01 ONE FAMILY DWELLINGS,1,16166,5,S1,115-10 ROCKAWAY BEACH BLVD,11694.0,1.0,1.0,2.0,2440.0,2400.0,1920.0,1,S1,650000,2019-08-22,queens,115-10 ROCKAWAY BEACH BLVD NYC
4,BELLEROSE,01 ONE FAMILY DWELLINGS,1,7980,30,A1,88-08 242 STREET,11426.0,1.0,0.0,1.0,3000.0,1500.0,1925.0,1,A1,635000,2019-06-27,queens,88-08 242 STREET NYC
4,ROSEDALE,01 ONE FAMILY DWELLINGS,1,13726,11,A2,232-16 147TH AVE,11413.0,1.0,0.0,1.0,4200.0,1125.0,1955.0,1,A2,490000,2019-03-21,queens,232-16 147TH AVE NYC
3,MILL BASIN,02 TWO FAMILY DWELLINGS,1,8647,31,B9,2615 EAST 63RD STREET,11234.0,2.0,0.0,2.0,1800.0,2484.0,1965.0,1,B9,800000,2019-03-11,brooklyn,2615 EAST 63RD STREET NYC
5,WILLOWBROOK,01 ONE FAMILY DWELLINGS,1,776,67,A5,315 KELL AVENUE,10314.0,1.0,0.0,1.0,3131.0,1536.0,1980.0,1,A5,680000,2019-09-04,statenisland,315 KELL AVENUE NYC
4,SPRINGFIELD GARDENS,01 ONE FAMILY DWELLINGS,1,12721,11,A1,125-09 GRAYSON STREET,11413.0,1.0,0.0,1.0,4000.0,1220.0,1925.0,1,A1,585000,2019-08-12,queens,125-09 GRAYSON STREET NYC
5,WEST NEW BRIGHTON,02 TWO FAMILY DWELLINGS,1,152,43,B2,288 PELTON AVENUE,10310.0,2.0,0.0,2.0,4550.0,3400.0,1915.0,1,B2,690000,2019-03-14,statenisland,288 PELTON AVENUE NYC
2,MOUNT HOPE/MOUNT EDEN,01 ONE FAMILY DWELLINGS,1,2800,53,B2,235 EAST 175 STREET,10457.0,2.0,0.0,2.0,1960.0,1784.0,1901.0,1,A1,625000,2019-10-10,bronx,235 EAST 175 STREET NYC
4,JAMAICA,01 ONE FAMILY DWELLINGS,1,10010,40,A1,97-19 REMINGTON STREET,11435.0,1.0,0.0,1.0,2000.0,1326.0,1930.0,1,A1,565000,2019-10-21,queens,97-19 REMINGTON STREET NYC
4,REGO PARK,02 TWO FAMILY DWELLINGS,1,3113,35,B1,63-60 FITCHETT STREET,11374.0,2.0,0.0,2.0,4000.0,2128.0,1936.0,1,B1,1170000,2019-06-25,queens,63-60 FITCHETT STREET NYC
4,JACKSON HEIGHTS,02 TWO FAMILY DWELLINGS,1,1149,33,B1,78-15 32 AVENUE,11370.0,2.0,0.0,2.0,2140.0,1800.0,1950.0,1,B1,999000,2019-02-21,queens,78-15 32 AVENUE NYC
4,LAURELTON,01 ONE FAMILY DWELLINGS,1,12971,114,A2,133-27 231ST STREET,11413.0,1.0,0.0,1.0,3800.0,1020.0,1930.0,1,A2,405000,2019-12-12,queens,133-27 231ST STREET NYC
3,MIDWOOD,02 TWO FAMILY DWELLINGS,1,7567,18,B1,1001 EAST 21ST STREET,11210.0,2.0,0.0,2.0,4667.0,2626.0,1915.0,1,B1,1759600,2019-05-10,brooklyn,1001 EAST 21ST STREET NYC
4,ST. ALBANS,02 TWO FAMILY DWELLINGS,1,12663,31,B2,119-48 SPRINGFIELD BLVD,11411.0,2.0,0.0,2.0,3480.0,2200.0,1965.0,1,B2,458000,2019-05-20,queens,119-48 SPRINGFIELD BLVD NYC
5,ROSEBANK,01 ONE FAMILY DWELLINGS,1,2864,94,A1,39 BANG TERRACE,10305.0,1.0,0.0,1.0,2500.0,1584.0,2004.0,1,A1,640000,2019-02-19,statenisland,39 BANG TERRACE NYC
3,BENSONHURST,03 THREE FAMILY DWELLINGS,1,6246,39,C0,7718 16TH AVENUE,11214.0,3.0,0.0,3.0,2617.0,2640.0,1920.0,1,C0,750000,2019-03-12,brooklyn,7718 16TH AVENUE NYC
4,ROSEDALE,02 TWO FAMILY DWELLINGS,1,13676,58,B2,149-44 256TH STREET,11422.0,2.0,0.0,2.0,3000.0,2181.0,1970.0,1,B2,725000,2019-12-06,queens,149-44 256TH STREET NYC
4,ASTORIA,02 TWO FAMILY DWELLINGS,1,890,54,B3,23-43 19TH STREET,11105.0,2.0,0.0,2.0,2000.0,1616.0,1920.0,1,B3,1187500,2019-02-20,queens,23-43 19TH STREET NYC
4,SO. JAMAICA-BAISLEY PARK,01 ONE FAMILY DWELLINGS,1,11991,10,A5,115-34 147TH STREET,11436.0,1.0,0.0,1.0,1600.0,1024.0,1930.0,1,A5,510500,2019-08-26,queens,115-34 147TH STREET NYC
5,MANOR HEIGHTS,02 TWO FAMILY DWELLINGS,1,714,102,B2,179 GOWER STREET,10314.0,2.0,0.0,2.0,4520.0,2188.0,1975.0,1,B2,675000,2019-07-29,statenisland,179 GOWER STREET NYC
4,HOLLIS,01 ONE FAMILY DWELLINGS,1,10881,1,A1,190-19 105 AVENUE,11412.0,1.0,0.0,1.0,4750.0,1500.0,1930.0,1,A1,625000,2019-01-31,queens,190-19 105 AVENUE NYC
4,SOUTH OZONE PARK,02 TWO FAMILY DWELLINGS,1,11690,10,B3,134-20 116TH AVENUE,11420.0,2.0,0.0,2.0,2000.0,1180.0,1925.0,1,B3,380000,2019-06-11,queens,134-20 116TH AVENUE NYC
5,GRASMERE,01 ONE FAMILY DWELLINGS,1,3155,21,A9,561 BRITTON AVENUE,10304.0,1.0,0.0,1.0,2375.0,1260.0,1960.0,1,A9,485000,2019-11-07,statenisland,561 BRITTON AVENUE NYC
3,FLATLANDS,02 TWO FAMILY DWELLINGS,1,7804,33,B1,1121 EAST 56TH STREET,11234.0,2.0,0.0,2.0,3450.0,2396.0,1960.0,1,B1,815000,2019-08-26,brooklyn,1121 EAST 56TH STREET NYC
4,FLUSHING-NORTH,07 RENTALS - WALKUP APARTMENTS,2A,6441,35,C3,153-61 HORACE HARDING EXPWY,11367.0,4.0,0.0,4.0,1720.0,2880.0,1960.0,2,C3,1535000,2019-11-25,queens,153-61 HORACE HARDING EXPWY NYC
2,WAKEFIELD,02 TWO FAMILY DWELLINGS,1,5030,115,B2,4237 MONTICELLO AVENUE,10466.0,2.0,0.0,2.0,2177.0,1260.0,1960.0,1,B2,415000,2019-08-02,bronx,4237 MONTICELLO AVENUE NYC
4,ST. ALBANS,01 ONE FAMILY DWELLINGS,1,11040,27,A1,11527 199TH STREET,11412.0,1.0,0.0,1.0,3000.0,1273.0,1920.0,1,A1,505000,2019-04-04,queens,11527 199TH STREET NYC
4,FLUSHING-NORTH,02 TWO FAMILY DWELLINGS,1,4289,1,B1,25-07 143RD STREET,11354.0,2.0,0.0,2.0,2692.0,2420.0,2004.0,1,B1,1320000,2019-03-29,queens,25-07 143RD STREET NYC
3,CANARSIE,02 TWO FAMILY DWELLINGS,1,8200,61,B2,1208 EAST 93RD STREET,11236.0,2.0,0.0,2.0,2000.0,2320.0,1920.0,1,B2,750000,2019-01-28,brooklyn,1208 EAST 93RD STREET NYC
4,RIDGEWOOD,02 TWO FAMILY DWELLINGS,1,3485,27,B1,20-32 LINDEN STREET,11385.0,2.0,0.0,2.0,2000.0,2200.0,1925.0,1,B1,1020000,2019-09-19,queens,20-32 LINDEN STREET NYC
4,WOODSIDE,02 TWO FAMILY DWELLINGS,1,1155,34,B1,32-58 54TH STREET,11377.0,2.0,0.0,2.0,3325.0,1720.0,1935.0,1,B1,1105000,2019-03-06,queens,32-58 54TH STREET NYC
4,CORONA,03 THREE FAMILY DWELLINGS,1,2008,56,C0,108-51 53RD AVENUE,11368.0,3.0,0.0,3.0,2033.0,3065.0,2000.0,1,C0,1500000,2019-04-03,queens,108-51 53RD AVENUE NYC
2,WILLIAMSBRIDGE,02 TWO FAMILY DWELLINGS,1,4841,75,B1,742 EAST 228 STREET,10466.0,2.0,0.0,2.0,3396.0,1632.0,1940.0,1,B1,759000,2019-11-12,bronx,742 EAST 228 STREET NYC
3,BOROUGH PARK,01 ONE FAMILY DWELLINGS,1,5481,19,A9,1928 53RD STREET,11204.0,1.0,0.0,1.0,2003.0,1712.0,1920.0,1,A9,1330000,2019-09-27,brooklyn,1928 53RD STREET NYC
2,MOTT HAVEN/PORT MORRIS,02 TWO FAMILY DWELLINGS,1,2286,106,B3,425 EAST 141ST STREET,10454.0,2.0,0.0,2.0,1875.0,3024.0,1910.0,1,B3,809000,2019-10-29,bronx,425 EAST 141ST STREET NYC
4,SPRINGFIELD GARDENS,02 TWO FAMILY DWELLINGS,1,12524,30,B2,174-18 128TH AVENUE,11434.0,2.0,0.0,2.0,2625.0,2000.0,2006.0,1,B2,745000,2019-04-24,queens,174-18 128TH AVENUE NYC
2,EAST TREMONT,01 ONE FAMILY DWELLINGS,1,3096,5,A5,751 E 180TH STREET,10457.0,1.0,0.0,1.0,2125.0,1632.0,1970.0,1,A5,500000,2019-06-11,bronx,751 E 180TH STREET NYC
5,ANNADALE,01 ONE FAMILY DWELLINGS,1,6370,64,A2,379 SHIRLEY AVENUE,10312.0,1.0,0.0,1.0,3000.0,975.0,1910.0,1,A2,480000,2019-10-29,statenisland,379 SHIRLEY AVENUE NYC
3,FLATBUSH-EAST,01 ONE FAMILY DWELLINGS,1,4881,15,A1,358 EAST 45TH STREET,11203.0,1.0,0.0,1.0,2000.0,1513.0,1910.0,1,A1,323000,2019-11-15,brooklyn,358 EAST 45TH STREET NYC
4,CORONA,03 THREE FAMILY DWELLINGS,1,1749,92,C0,34-11 107TH STREET,11368.0,3.0,0.0,3.0,1900.0,2307.0,1925.0,1,C0,1100000,2019-08-01,queens,34-11 107TH STREET NYC
5,STAPLETON,01 ONE FAMILY DWELLINGS,1,521,120,S1,58 BEACH STREET,10304.0,1.0,1.0,2.0,2070.0,1696.0,1931.0,1,S1,350000,2019-01-31,statenisland,58 BEACH STREET NYC
3,DYKER HEIGHTS,02 TWO FAMILY DWELLINGS,1,6320,63,B1,1137 85TH STREET,11228.0,2.0,0.0,2.0,4000.0,2117.0,1970.0,1,B1,1500000,2019-04-01,brooklyn,1137 85TH STREET NYC
3,BENSONHURST,02 TWO FAMILY DWELLINGS,1,5558,40,B1,6617 DURYEA COURT,11219.0,2.0,0.0,2.0,2800.0,2160.0,1925.0,1,B1,1415000,2019-09-05,brooklyn,6617 DURYEA COURT NYC
3,CANARSIE,22 STORE BUILDINGS,4,8199,45,K1,1178 EAST 92ND STREET,11236.0,0.0,1.0,1.0,1271.0,1061.0,1935.0,4,K1,350000,2019-03-11,brooklyn,1178 EAST 92ND STREET NYC
5,ELTINGVILLE,01 ONE FAMILY DWELLINGS,1,5653,125,A5,9 BERRY AVENUE,10312.0,1.0,0.0,1.0,968.0,1480.0,1989.0,1,A5,395000,2019-12-27,statenisland,9 BERRY AVENUE NYC
4,OZONE PARK,02 TWO FAMILY DWELLINGS,1,9051,26,B9,97-34 81ST STREET,11416.0,2.0,0.0,2.0,2000.0,1556.0,1925.0,1,B9,450000,2019-09-24,queens,97-34 81ST STREET NYC
3,CANARSIE,02 TWO FAMILY DWELLINGS,1,8030,59,B9,17 PAERDEGAT 3RD ST,11236.0,2.0,0.0,2.0,1975.0,2108.0,1965.0,1,B9,690000,2019-12-23,brooklyn,17 PAERDEGAT 3RD ST NYC
4,BELLE HARBOR,01 ONE FAMILY DWELLINGS,1,16246,42,A1,5-08 BEACH 135 STREET,11694.0,1.0,0.0,1.0,4000.0,1500.0,1940.0,1,A1,975000,2019-09-25,queens,5-08 BEACH 135 STREET NYC
5,DONGAN HILLS,01 ONE FAMILY DWELLINGS,1,3316,58,A5,161 DELAWARE AVENUE,10304.0,1.0,0.0,1.0,1950.0,2256.0,1999.0,1,A5,660000,2019-07-18,statenisland,161 DELAWARE AVENUE NYC
2,COUNTRY CLUB,01 ONE FAMILY DWELLINGS,1,5465,38,A5,1000 CLARENCE AVENUE,10465.0,1.0,0.0,1.0,2677.0,1872.0,1950.0,1,A5,520000,2019-05-20,bronx,1000 CLARENCE AVENUE NYC
3,BAY RIDGE,02 TWO FAMILY DWELLINGS,1,5838,27,B1,106 WAKEMAN PLACE,11220.0,2.0,0.0,2.0,1600.0,2200.0,1930.0,1,B1,1223000,2019-01-11,brooklyn,106 WAKEMAN PLACE NYC
5,BULLS HEAD,01 ONE FAMILY DWELLINGS,1,1620,28,A5,29 LONGDALE STREET,10314.0,1.0,0.0,1.0,3241.0,1344.0,1975.0,1,A9,638600,2019-06-21,statenisland,29 LONGDALE STREET NYC
5,GREAT KILLS,01 ONE FAMILY DWELLINGS,1,4580,42,A5,21 JUMEL STREET,10308.0,1.0,0.0,1.0,2625.0,1440.0,2001.0,1,A5,640000,2019-11-20,statenisland,21 JUMEL STREET NYC
3,CANARSIE,02 TWO FAMILY DWELLINGS,1,8240,21,B2,1369 EAST 94TH STREET,11236.0,2.0,0.0,2.0,2200.0,1512.0,1920.0,1,B2,749000,2019-11-22,brooklyn,1369 EAST 94TH STREET NYC
3,EAST NEW YORK,01 ONE FAMILY DWELLINGS,1,4058,65,A5,576 HENDRIX STREET,11207.0,1.0,0.0,1.0,1800.0,1134.0,1990.0,1,A5,419000,2019-05-20,brooklyn,576 HENDRIX STREET NYC
4,LAURELTON,01 ONE FAMILY DWELLINGS,1,13120,32,A5,135-07 225TH STREET,11413.0,1.0,0.0,1.0,1600.0,1160.0,1945.0,1,A5,440000,2019-08-12,queens,135-07 225TH STREET NYC
5,WOODROW,01 ONE FAMILY DWELLINGS,1,7316,43,A5,152 SHARROTTS ROAD,10309.0,1.0,0.0,1.0,2340.0,1420.0,1996.0,1,A5,486000,2019-04-16,statenisland,152 SHARROTTS ROAD NYC
3,CANARSIE,02 TWO FAMILY DWELLINGS,1,8083,65,B9,1431 EAST 86TH STREET,11236.0,2.0,0.0,2.0,2000.0,2400.0,1960.0,1,B9,495846,2019-09-24,brooklyn,1431 EAST 86TH STREET NYC
2,WILLIAMSBRIDGE,02 TWO FAMILY DWELLINGS,1,4858,1,B1,968 EAST 223 STREET,10466.0,2.0,0.0,2.0,3970.0,2440.0,1920.0,1,B1,789000,2019-06-19,bronx,968 EAST 223 STREET NYC
3,OLD MILL BASIN,01 ONE FAMILY DWELLINGS,1,8404,38,A1,6106 AVENUE T,11234.0,1.0,0.0,1.0,2600.0,1328.0,1920.0,1,A1,699000,2019-01-31,brooklyn,6106 AVENUE T NYC
4,FLORAL PARK,01 ONE FAMILY DWELLINGS,1,8755,69,A1,82-58 262ND STREET,11004.0,1.0,0.0,1.0,4500.0,1488.0,1950.0,1,A1,760000,2019-02-25,queens,82-58 262ND STREET NYC
3,BROWNSVILLE,02 TWO FAMILY DWELLINGS,1,3627,16,B1,485 THATFORD AVENUE,11212.0,2.0,0.0,2.0,2400.0,1900.0,1930.0,1,B1,810000,2019-01-18,brooklyn,485 THATFORD AVENUE NYC
4,SPRINGFIELD GARDENS,01 ONE FAMILY DWELLINGS,1,12474,27,A5,179-06 LESLIE ROAD,11434.0,1.0,0.0,1.0,2000.0,1440.0,1935.0,1,A5,518000,2019-05-16,queens,179-06 LESLIE ROAD NYC
4,FOREST HILLS,01 ONE FAMILY DWELLINGS,1,3186,2,A5,72-65 YELLOWSTONE BLVD,11375.0,1.0,0.0,1.0,2000.0,1480.0,1940.0,1,A5,875000,2019-03-06,queens,72-65 YELLOWSTONE BLVD NYC
4,ASTORIA,03 THREE FAMILY DWELLINGS,1,572,25,C0,30-09 23RD STREET,11102.0,3.0,0.0,3.0,1589.0,1764.0,1915.0,1,C0,1200000,2019-11-19,queens,30-09 23RD STREET NYC
3,BENSONHURST,02 TWO FAMILY DWELLINGS,1,6202,55,B2,1555 74TH STREET,11228.0,2.0,0.0,2.0,4000.0,2022.0,1925.0,1,B2,1250000,2019-11-26,brooklyn,1555 74TH STREET NYC
4,RICHMOND HILL,01 ONE FAMILY DWELLINGS,1,9571,31,A1,104-52 118 STREET,11419.0,1.0,0.0,1.0,1953.0,1368.0,1920.0,1,A1,425000,2019-12-13,queens,104-52 118 STREET NYC
2,PARKCHESTER,03 THREE FAMILY DWELLINGS,1,3916,22,C0,1495 BEACH AVENUE,10460.0,3.0,0.0,3.0,2451.0,3411.0,1920.0,1,C0,746062,2019-10-04,bronx,1495 BEACH AVENUE NYC
2,THROGS NECK,01 ONE FAMILY DWELLINGS,1,5428,55,A2,819 LOGAN AVENUE,10465.0,1.0,0.0,1.0,2500.0,800.0,1920.0,1,A2,450000,2019-03-11,bronx,819 LOGAN AVENUE NYC
3,CLINTON HILL,07 RENTALS - WALKUP APARTMENTS,2A,1887,73,C3,104 CLINTON AVENUE,11205.0,4.0,0.0,4.0,2000.0,2220.0,1905.0,2,C3,1300000,2019-05-16,brooklyn,104 CLINTON AVENUE NYC
4,BAYSIDE,01 ONE FAMILY DWELLINGS,1,7392,10,A1,48-10 215TH STREET,11364.0,1.0,0.0,1.0,4000.0,1600.0,1935.0,1,A1,1084000,2019-03-08,queens,48-10 215TH STREET NYC
3,EAST NEW YORK,01 ONE FAMILY DWELLINGS,1,4215,9,A1,389 PINE STREET,11208.0,1.0,0.0,1.0,2500.0,1798.0,1901.0,1,A1,470100,2019-09-30,brooklyn,389 PINE STREET NYC
4,MASPETH,02 TWO FAMILY DWELLINGS,1,2727,1,B2,58-25 60TH PLACE,11378.0,2.0,0.0,2.0,2481.0,1986.0,1940.0,1,B2,945000,2019-12-20,queens,58-25 60TH PLACE NYC
4,LAURELTON,01 ONE FAMILY DWELLINGS,1,13147,39,A1,139-16 224TH STREET,11413.0,1.0,0.0,1.0,4000.0,2046.0,1940.0,1,A1,500000,2019-05-30,queens,139-16 224TH STREET NYC
5,BULLS HEAD,02 TWO FAMILY DWELLINGS,1,1499,22,B1,543 WEST CASWELL AVENUE,10314.0,2.0,0.0,2.0,3373.0,1152.0,1901.0,1,B1,484500,2019-11-08,statenisland,543 WEST CASWELL AVENUE NYC
3,GRAVESEND,03 THREE FAMILY DWELLINGS,1,6622,52,C0,1673 WEST 10 STREET,11223.0,3.0,0.0,3.0,4000.0,1968.0,1910.0,1,C0,1270000,2019-03-29,brooklyn,1673 WEST 10 STREET NYC
4,WOODSIDE,01 ONE FAMILY DWELLINGS,1,1329,32,A5,43-22 57TH STREET,11377.0,1.0,0.0,1.0,1800.0,1782.0,1940.0,1,A5,830000,2019-07-09,queens,43-22 57TH STREET NYC
4,JAMAICA,03 THREE FAMILY DWELLINGS,1,9845,56,C0,87-19 KINGSTON PLACE,11432.0,3.0,0.0,3.0,2568.0,3192.0,2005.0,1,C0,1240000,2019-12-19,queens,87-19 KINGSTON PLACE NYC
5,NEW SPRINGVILLE,01 ONE FAMILY DWELLINGS,1,2393,38,A1,119 KELLY BOULEVARD,10314.0,1.0,0.0,1.0,4000.0,2200.0,1970.0,1,A1,660000,2019-12-13,statenisland,119 KELLY BOULEVARD NYC
3,BAY RIDGE,01 ONE FAMILY DWELLINGS,1,5882,52,A5,7013 LOUISE TERRACE,11209.0,1.0,0.0,1.0,945.0,1224.0,1925.0,1,A5,940000,2019-08-12,brooklyn,7013 LOUISE TERRACE NYC
3,FLATBUSH-EAST,01 ONE FAMILY DWELLINGS,1,4910,7,A9,4216 SNYDER AVENUE,11203.0,1.0,0.0,1.0,2000.0,1248.0,1920.0,1,A9,465000,2019-01-15,brooklyn,4216 SNYDER AVENUE NYC
2,WILLIAMSBRIDGE,03 THREE FAMILY DWELLINGS,1,4664,83,C0,756 E. 217 STREET,10467.0,3.0,0.0,3.0,3130.0,2856.0,1925.0,1,C0,548000,2019-06-17,bronx,756 E. 217 STREET NYC
4,COLLEGE POINT,02 TWO FAMILY DWELLINGS,1,4019,134,B1,114-23 TAIPEI COURT,11356.0,2.0,0.0,2.0,1400.0,2400.0,2017.0,1,B1,682228,2019-06-14,queens,114-23 TAIPEI COURT NYC
4,JACKSON HEIGHTS,01 ONE FAMILY DWELLINGS,1,966,27,A2,70-15 DITMARS BOULEVARD,11370.0,1.0,0.0,1.0,4000.0,572.0,1920.0,1,A2,875000,2019-03-06,queens,70-15 DITMARS BOULEVARD NYC
3,BROWNSVILLE,03 THREE FAMILY DWELLINGS,1,3550,39,C0,740 HOWARD AVENUE,11212.0,3.0,0.0,3.0,3554.0,3469.0,1920.0,1,C0,800000,2019-10-29,brooklyn,740 HOWARD AVENUE NYC
4,ST. ALBANS,01 ONE FAMILY DWELLINGS,1,10272,1,A1,173-19 111TH AVENUE,11433.0,1.0,0.0,1.0,2900.0,1268.0,1930.0,1,A1,453600,2019-04-15,queens,173-19 111TH AVENUE NYC
3,CANARSIE,01 ONE FAMILY DWELLINGS,1,8161,33,S1,1037 EAST 92ND STREET,11236.0,1.0,1.0,2.0,837.0,1560.0,1930.0,1,S1,500000,2019-04-08,brooklyn,1037 EAST 92ND STREET NYC
5,WESTERLEIGH,01 ONE FAMILY DWELLINGS,1,1440,87,A2,381 LATHROP AVENUE,10302.0,1.0,0.0,1.0,3555.0,700.0,1950.0,1,A2,435000,2019-09-04,statenisland,381 LATHROP AVENUE NYC
5,WESTERLEIGH,02 TWO FAMILY DWELLINGS,1,1482,47,B2,81 DEVENS STREET,10314.0,2.0,0.0,2.0,4018.0,1904.0,1970.0,1,B2,718000,2019-05-07,statenisland,81 DEVENS STREET NYC
3,CANARSIE,01 ONE FAMILY DWELLINGS,1,8268,26,A9,1241 EAST 103RD STREET,11236.0,1.0,0.0,1.0,4200.0,1536.0,1960.0,1,A9,550000,2019-09-19,brooklyn,1241 EAST 103RD STREET NYC
3,MIDWOOD,01 ONE FAMILY DWELLINGS,1,7680,37,A9,1429 EAST 26TH STREET,11210.0,1.0,0.0,1.0,2400.0,1376.0,1925.0,1,A9,860500,2019-03-05,brooklyn,1429 EAST 26TH STREET NYC
3,BAY RIDGE,02 TWO FAMILY DWELLINGS,1,5889,49,B3,187 72ND STREET,11209.0,2.0,0.0,2.0,3333.0,1800.0,1940.0,1,B3,1210000,2019-05-16,brooklyn,187 72ND STREET NYC
4,RICHMOND HILL,02 TWO FAMILY DWELLINGS,1,9431,65,B3,101-29 113TH STREET,11419.0,2.0,0.0,2.0,2800.0,1665.0,1930.0,1,B3,580000,2019-09-10,queens,101-29 113TH STREET NYC
4,MIDDLE VILLAGE,02 TWO FAMILY DWELLINGS,1,2819,105,B2,73-12 58TH AVE,11378.0,2.0,0.0,2.0,2000.0,1296.0,1910.0,1,B2,350000,2019-09-27,queens,73-12 58TH AVE NYC
4,CORONA,02 TWO FAMILY DWELLINGS,1,1960,53,S2,55-20 108TH STREET,11368.0,2.0,1.0,3.0,1063.0,2043.0,1920.0,1,S2,600000,2019-02-25,queens,55-20 108TH STREET NYC
5,MIDLAND BEACH,01 ONE FAMILY DWELLINGS,1,3690,30,A5,307 MIDLAND AVE,10306.0,1.0,0.0,1.0,2874.0,1300.0,1970.0,1,A5,560000,2019-11-19,statenisland,307 MIDLAND AVE NYC
3,MARINE PARK,01 ONE FAMILY DWELLINGS,1,7655,23,A5,3708 KINGS HIGHWAY,11234.0,1.0,0.0,1.0,2000.0,2687.0,1935.0,1,A5,750000,2019-06-17,brooklyn,3708 KINGS HIGHWAY NYC
4,LONG ISLAND CITY,01 ONE FAMILY DWELLINGS,1,601,15,A2,36-47 32 STREET,11106.0,1.0,0.0,1.0,2175.0,1408.0,1910.0,1,A2,1225000,2019-12-06,queens,36-47 32 STREET NYC
4,QUEENS VILLAGE,01 ONE FAMILY DWELLINGS,1,10733,11,A1,220-57 93RD AVENUE,11428.0,1.0,0.0,1.0,3000.0,1776.0,1920.0,1,A1,640000,2019-01-11,queens,220-57 93RD AVENUE NYC
3,CANARSIE,02 TWO FAMILY DWELLINGS,1,7987,125,B1,625 EAST 82ND STREET,11236.0,2.0,0.0,2.0,2000.0,1800.0,1955.0,1,B1,600000,2019-05-30,brooklyn,625 EAST 82ND STREET NYC
4,RICHMOND HILL,02 TWO FAMILY DWELLINGS,1,9535,28,B3,104-54 113TH STREET,11419.0,2.0,0.0,2.0,2500.0,1216.0,1925.0,1,B3,730000,2019-12-06,queens,104-54 113TH STREET NYC
3,FLATBUSH-EAST,02 TWO FAMILY DWELLINGS,1,4945,28,B3,4501 CLARENDON ROAD,11203.0,2.0,0.0,2.0,1800.0,1584.0,1925.0,1,B3,445000,2019-05-15,brooklyn,4501 CLARENDON ROAD NYC
4,BAYSIDE,01 ONE FAMILY DWELLINGS,1,7335,35,A1,215-39 46TH AVENUE,11361.0,1.0,0.0,1.0,4369.0,2086.0,1935.0,1,A1,1210000,2019-02-28,queens,215-39 46TH AVENUE NYC
3,SUNSET PARK,01 ONE FAMILY DWELLINGS,1,738,39,S1,4408 5 AVENUE,11220.0,1.0,1.0,2.0,1850.0,3700.0,1926.0,1,S1,1900000,2019-10-18,brooklyn,4408 5 AVENUE NYC
4,ROSEDALE,01 ONE FAMILY DWELLINGS,1,13556,23,A1,240-01 143RD AVENUE,11422.0,1.0,0.0,1.0,4040.0,1624.0,1920.0,1,A1,637000,2019-10-31,queens,240-01 143RD AVENUE NYC
4,HOLLIS,02 TWO FAMILY DWELLINGS,1,10477,12,S2,204-05 JAMAICA AVENUE,11423.0,2.0,1.0,3.0,3058.0,2600.0,1931.0,1,S2,535000,2019-03-05,queens,204-05 JAMAICA AVENUE NYC
3,BUSHWICK,02 TWO FAMILY DWELLINGS,1,3389,17,B2,1184 JEFFERSON AVENUE,11221.0,2.0,0.0,2.0,1800.0,2430.0,1910.0,1,B2,775000,2019-07-15,brooklyn,1184 JEFFERSON AVENUE NYC
4,JAMAICA HILLS,01 ONE FAMILY DWELLINGS,1,9735,60,A1,85-53 152ND STREET,11432.0,1.0,0.0,1.0,4000.0,1497.0,1920.0,1,A1,690000,2019-10-03,queens,85-53 152ND STREET NYC
4,COLLEGE POINT,14 RENTALS - 4-10 UNIT,2A,4083,39,S9,18-46 COLLEGE POINT BOULEVARD,11356.0,2.0,2.0,4.0,2500.0,2952.0,1960.0,2,S9,1143000,2019-02-21,queens,18-46 COLLEGE POINT BOULEVARD NYC
3,BAY RIDGE,01 ONE FAMILY DWELLINGS,1,5977,65,A1,159 80TH STREET,11209.0,1.0,0.0,1.0,4373.0,1982.0,1910.0,1,A1,1575000,2019-01-07,brooklyn,159 80TH STREET NYC
3,BOROUGH PARK,07 RENTALS - WALKUP APARTMENTS,2A,5584,25,C3,"1060 39TH STREET, 4",11219.0,4.0,0.0,4.0,1903.0,2800.0,1930.0,2,C3,1100000,2019-12-17,brooklyn,"1060 39TH STREET, 4 NYC"
5,NEW BRIGHTON,02 TWO FAMILY DWELLINGS,1,44,49,B2,219 BENZIGER AVENUE,10301.0,2.0,0.0,2.0,2500.0,2004.0,1920.0,1,B2,330000,2019-04-16,statenisland,219 BENZIGER AVENUE NYC
3,FLATBUSH-NORTH,02 TWO FAMILY DWELLINGS,1,4646,25,B1,326 EAST 92ND STREET,11212.0,2.0,0.0,2.0,1983.0,2204.0,1950.0,1,B1,469000,2019-12-02,brooklyn,326 EAST 92ND STREET NYC
5,TOTTENVILLE,01 ONE FAMILY DWELLINGS,1,7887,29,A1,276 MANHATTAN STREET,10307.0,1.0,0.0,1.0,4000.0,1160.0,1920.0,1,A1,450000,2019-01-22,statenisland,276 MANHATTAN STREET NYC
3,OCEAN PARKWAY-SOUTH,02 TWO FAMILY DWELLINGS,1,7242,42,B1,2947 SHORE PARKWAY,11235.0,2.0,0.0,2.0,1890.0,1643.0,1935.0,1,B1,641498,2019-10-16,brooklyn,2947 SHORE PARKWAY NYC
3,BENSONHURST,07 RENTALS - WALKUP APARTMENTS,2A,6326,34,C3,8431 BAY 16TH STREET,11214.0,4.0,0.0,4.0,2500.0,3157.0,1930.0,2,C3,1770000,2019-06-07,brooklyn,8431 BAY 16TH STREET NYC
5,NEW SPRINGVILLE,01 ONE FAMILY DWELLINGS,1,1990,13,A5,42 LATOURETTE LANE,10314.0,1.0,0.0,1.0,2520.0,1333.0,1997.0,1,A5,610000,2019-05-08,statenisland,42 LATOURETTE LANE NYC
4,ROSEDALE,02 TWO FAMILY DWELLINGS,1,13627,49,B2,137-10 255TH STREET,11422.0,2.0,0.0,2.0,2130.0,1496.0,1950.0,1,B2,659000,2019-05-21,queens,137-10 255TH STREET NYC
2,PELHAM PARKWAY NORTH,02 TWO FAMILY DWELLINGS,1,4466,63,B1,2415 YOUNG AVENUE,10469.0,2.0,0.0,2.0,2500.0,2304.0,1950.0,1,B1,680000,2019-09-11,bronx,2415 YOUNG AVENUE NYC
4,OZONE PARK,02 TWO FAMILY DWELLINGS,1,9047,10,B1,75-18 97TH AVE,11416.0,2.0,0.0,2.0,1580.0,2050.0,1920.0,1,B1,650000,2019-06-04,queens,75-18 97TH AVE NYC
3,CANARSIE,02 TWO FAMILY DWELLINGS,1,3641,18,B2,1095 THOMAS S BOYLAND ST,11236.0,2.0,0.0,2.0,2417.0,2224.0,1925.0,1,B2,480000,2019-03-07,brooklyn,1095 THOMAS S BOYLAND ST NYC
5,WESTERLEIGH,01 ONE FAMILY DWELLINGS,1,1467,34,A2,126 BRYSON AVENUE,10302.0,1.0,0.0,1.0,4200.0,980.0,1945.0,1,A2,450000,2019-09-24,statenisland,126 BRYSON AVENUE NYC
4,SPRINGFIELD GARDENS,02 TWO FAMILY DWELLINGS,1,12309,2,B1,161-06 137TH AVENUE,11434.0,2.0,0.0,2.0,3000.0,2112.0,2003.0,1,B1,516269,2019-08-21,queens,161-06 137TH AVENUE NYC
5,MANOR HEIGHTS,01 ONE FAMILY DWELLINGS,1,767,6,A0,51 LIVINGSTON AVENUE,10314.0,1.0,0.0,1.0,4000.0,1147.0,1945.0,1,A0,350000,2019-12-13,statenisland,51 LIVINGSTON AVENUE NYC
4,FLUSHING-SOUTH,01 ONE FAMILY DWELLINGS,1,6660,67,A5,144-39 72ND ROAD,11367.0,1.0,0.0,1.0,1800.0,1296.0,1945.0,1,A5,825000,2019-08-12,queens,144-39 72ND ROAD NYC
4,HOLLIS,02 TWO FAMILY DWELLINGS,1,9927,39,B3,89-36 187TH STREET,11423.0,2.0,0.0,2.0,2600.0,1648.0,1920.0,1,B3,882000,2019-12-02,queens,89-36 187TH STREET NYC
5,NEW DORP,01 ONE FAMILY DWELLINGS,1,3648,8,A0,203 JACQUES AVENUE,10306.0,1.0,0.0,1.0,4000.0,1188.0,1945.0,1,A0,640000,2019-12-11,statenisland,203 JACQUES AVENUE NYC
4,FLUSHING-NORTH,01 ONE FAMILY DWELLINGS,1,5453,17,A1,147-30 JASMINE AVENUE,11355.0,1.0,0.0,1.0,4000.0,1648.0,1925.0,1,A1,990000,2019-10-17,queens,147-30 JASMINE AVENUE NYC
5,WEST NEW BRIGHTON,02 TWO FAMILY DWELLINGS,1,128,42,S2,418 CASTLETON AVENUE,10301.0,2.0,1.0,3.0,3910.0,1492.0,1931.0,1,S2,335000,2019-01-24,statenisland,418 CASTLETON AVENUE NYC
5,TOMPKINSVILLE,01 ONE FAMILY DWELLINGS,1,571,65,A1,202 ST. PAUL'S AVENUE,10304.0,1.0,0.0,1.0,3000.0,1372.0,1905.0,1,A1,351000,2019-03-07,statenisland,202 ST. PAUL'S AVENUE NYC
4,ELMHURST,01 ONE FAMILY DWELLINGS,1,2470,26,A2,51-38 GORSLINE STREET,11373.0,1.0,0.0,1.0,2150.0,938.0,1940.0,1,A2,810000,2019-02-12,queens,51-38 GORSLINE STREET NYC
5,WILLOWBROOK,02 TWO FAMILY DWELLINGS,1,777,16,B2,244 KELL AVENUE,10314.0,2.0,0.0,2.0,4400.0,2376.0,1970.0,1,B2,830000,2019-01-11,statenisland,244 KELL AVENUE NYC
3,FLATBUSH-NORTH,07 RENTALS - WALKUP APARTMENTS,2A,4863,41,C3,85 EAST 42ND STREET,11203.0,4.0,0.0,4.0,3000.0,3280.0,1931.0,2,C3,999000,2019-12-24,brooklyn,85 EAST 42ND STREET NYC
3,WYCKOFF HEIGHTS,14 RENTALS - 4-10 UNIT,2A,3337,22,S3,264 WYCKOFF AVENUE,11237.0,3.0,1.0,4.0,1913.0,4500.0,1920.0,2,S3,1550000,2019-03-01,brooklyn,264 WYCKOFF AVENUE NYC
4,JAMAICA,02 TWO FAMILY DWELLINGS,1,10214,32,B2,92-57 173RD STREET,11433.0,2.0,0.0,2.0,2200.0,1264.0,1920.0,1,B2,450000,2019-08-19,queens,92-57 173RD STREET NYC
4,BELLEROSE,01 ONE FAMILY DWELLINGS,1,8652,18,A2,244-28 88TH DRIVE,11426.0,1.0,0.0,1.0,3200.0,1000.0,1940.0,1,A2,780000,2019-10-04,queens,244-28 88TH DRIVE NYC
3,BENSONHURST,01 ONE FAMILY DWELLINGS,1,6223,21,A1,1432 BAY RIDGE PARKWAY,11228.0,1.0,0.0,1.0,2000.0,1273.0,1925.0,1,A1,895000,2019-11-25,brooklyn,1432 BAY RIDGE PARKWAY NYC
4,FLUSHING-SOUTH,01 ONE FAMILY DWELLINGS,1,6640,20,A5,144-38 69TH AVENUE,11367.0,1.0,0.0,1.0,1710.0,1224.0,1940.0,1,A5,730000,2019-10-31,queens,144-38 69TH AVENUE NYC
4,HOLLIS,01 ONE FAMILY DWELLINGS,1,10496,65,A1,88-20 204TH STREET,11423.0,1.0,0.0,1.0,2300.0,1264.0,1920.0,1,A1,470000,2019-12-20,queens,88-20 204TH STREET NYC
4,ROSEDALE,02 TWO FAMILY DWELLINGS,1,13480,6,B2,145-19 223RD STREET,11413.0,2.0,0.0,2.0,3869.0,1744.0,1988.0,1,B2,760000,2019-07-24,queens,145-19 223RD STREET NYC
4,SPRINGFIELD GARDENS,01 ONE FAMILY DWELLINGS,1,12729,39,A2,191-16 PINEVILLE LANE,11413.0,1.0,0.0,1.0,4560.0,2250.0,1965.0,1,A2,609786,2019-10-14,queens,191-16 PINEVILLE LANE NYC
4,GLEN OAKS,01 ONE FAMILY DWELLINGS,1,8537,42,A2,76-47 263RD STREET,11004.0,1.0,0.0,1.0,4000.0,990.0,1950.0,1,A2,590000,2019-10-30,queens,76-47 263RD STREET NYC
4,QUEENS VILLAGE,01 ONE FAMILY DWELLINGS,1,7919,14,A1,80-18 234TH STREET,11427.0,1.0,0.0,1.0,4000.0,1443.0,1940.0,1,A1,675000,2019-10-31,queens,80-18 234TH STREET NYC
3,FLATBUSH-EAST,01 ONE FAMILY DWELLINGS,1,4889,35,A9,3515 SNYDER AVENUE,11203.0,1.0,0.0,1.0,1560.0,1456.0,1910.0,1,A9,465000,2019-11-29,brooklyn,3515 SNYDER AVENUE NYC
5,GREAT KILLS,01 ONE FAMILY DWELLINGS,1,4618,3,A2,145 MILES AVENUE,10308.0,1.0,0.0,1.0,4000.0,912.0,1960.0,1,A2,560000,2019-03-04,statenisland,145 MILES AVENUE NYC
4,JACKSON HEIGHTS,03 THREE FAMILY DWELLINGS,1,945,51,C0,19-71 76 STREET,11370.0,3.0,0.0,3.0,2850.0,1920.0,2006.0,1,C0,1330000,2019-10-17,queens,19-71 76 STREET NYC
3,OCEAN PARKWAY-NORTH,02 TWO FAMILY DWELLINGS,1,5370,18,B2,466 E. 2ND STREET,11218.0,2.0,0.0,2.0,3000.0,2325.0,1920.0,1,B2,1130500,2019-04-15,brooklyn,466 E. 2ND STREET NYC
5,SOUTH BEACH,01 ONE FAMILY DWELLINGS,1,3110,46,A5,201 SAND LANE,10305.0,1.0,0.0,1.0,2250.0,1348.0,2018.0,1,A5,600000,2019-06-18,statenisland,201 SAND LANE NYC
4,BELLEROSE,02 TWO FAMILY DWELLINGS,1,8589,14,B3,83-43 246TH STREET,11426.0,2.0,0.0,2.0,4000.0,1121.0,1950.0,1,B3,565000,2019-09-17,queens,83-43 246TH STREET NYC
5,OAKWOOD-BEACH,01 ONE FAMILY DWELLINGS,1,4674,40,A5,498 MEDINA STREET,10306.0,1.0,0.0,1.0,1300.0,1360.0,1996.0,1,A5,570000,2019-02-07,statenisland,498 MEDINA STREET NYC
4,FAR ROCKAWAY,03 THREE FAMILY DWELLINGS,1,15807,123,C0,207 BEACH 31 STREET,11691.0,3.0,0.0,3.0,1726.0,2772.0,2002.0,1,C0,450000,2019-03-07,queens,207 BEACH 31 STREET NYC
4,OZONE PARK,01 ONE FAMILY DWELLINGS,1,9048,9,A1,76-18 97TH AVENUE,11416.0,1.0,0.0,1.0,2000.0,1232.0,1920.0,1,A1,520000,2019-04-25,queens,76-18 97TH AVENUE NYC
2,BRONXDALE,03 THREE FAMILY DWELLINGS,1,4595,14,C0,3238 OLINVILLE AVENUE,10467.0,3.0,0.0,3.0,2571.0,2950.0,1970.0,1,C0,675000,2019-09-20,bronx,3238 OLINVILLE AVENUE NYC
4,OZONE PARK,02 TWO FAMILY DWELLINGS,1,11368,11,B2,133-43 88TH STREET,11417.0,2.0,0.0,2.0,3106.0,2120.0,1960.0,1,B2,980000,2019-10-11,queens,133-43 88TH STREET NYC
5,CASTLETON CORNERS,01 ONE FAMILY DWELLINGS,1,368,41,A0,280 SOUTH GREENLEAF AVE,10314.0,1.0,0.0,1.0,4320.0,1600.0,1950.0,1,A0,848000,2019-05-24,statenisland,280 SOUTH GREENLEAF AVE NYC
2,MOTT HAVEN/PORT MORRIS,03 THREE FAMILY DWELLINGS,1,2274,15,C0,526 E. 148 STREET,10455.0,3.0,0.0,3.0,1600.0,1440.0,1960.0,1,C0,850000,2019-06-06,bronx,526 E. 148 STREET NYC
3,GRAVESEND,02 TWO FAMILY DWELLINGS,1,6619,49,B3,29 QUENTIN ROAD,11223.0,2.0,0.0,2.0,2000.0,1408.0,1930.0,1,B3,870000,2019-03-20,brooklyn,29 QUENTIN ROAD NYC
3,FLATBUSH-EAST,02 TWO FAMILY DWELLINGS,1,4702,29,B3,282 EAST 55TH STREET,11203.0,2.0,0.0,2.0,2000.0,1248.0,1920.0,1,B3,615000,2019-01-25,brooklyn,282 EAST 55TH STREET NYC
2,THROGS NECK,02 TWO FAMILY DWELLINGS,1,5423,5,B2,3553 EAST TREMONT AVE,10465.0,2.0,0.0,2.0,3929.0,3348.0,1920.0,1,B2,592000,2019-12-30,bronx,3553 EAST TREMONT AVE NYC
4,OZONE PARK,01 ONE FAMILY DWELLINGS,1,9002,14,A5,94-18 78TH STREET,11416.0,1.0,0.0,1.0,2000.0,1312.0,1925.0,1,A5,560000,2019-04-22,queens,94-18 78TH STREET NYC
4,SPRINGFIELD GARDENS,02 TWO FAMILY DWELLINGS,1,13305,26,B2,146-38 176TH STREET,11434.0,2.0,0.0,2.0,3369.0,1020.0,1960.0,1,B2,641300,2019-07-08,queens,146-38 176TH STREET NYC
5,PORT RICHMOND,02 TWO FAMILY DWELLINGS,1,1058,21,B2,57 ORANGE AVENUE,10302.0,2.0,0.0,2.0,3742.0,2336.0,1920.0,1,B2,585494,2019-11-20,statenisland,57 ORANGE AVENUE NYC
3,OCEAN HILL,02 TWO FAMILY DWELLINGS,1,1566,32,B9,20 GUNTHER PLACE,11233.0,2.0,0.0,2.0,1639.0,1530.0,1901.0,1,B9,1035000,2019-12-06,brooklyn,20 GUNTHER PLACE NYC
3,OCEAN PARKWAY-SOUTH,02 TWO FAMILY DWELLINGS,1,7219,37,B2,25 MANHATTAN COURT,11223.0,2.0,0.0,2.0,3000.0,2520.0,1930.0,1,B2,975000,2019-12-03,brooklyn,25 MANHATTAN COURT NYC
3,BEDFORD STUYVESANT,02 TWO FAMILY DWELLINGS,1,1869,16,B3,300 HERKIMER STREET,11216.0,2.0,0.0,2.0,1505.0,2268.0,1901.0,1,B3,435006,2019-10-25,brooklyn,300 HERKIMER STREET NYC
5,WILLOWBROOK,01 ONE FAMILY DWELLINGS,1,2090,20,A5,5 DREYER AVENUE,10314.0,1.0,0.0,1.0,966.0,1200.0,1985.0,1,A5,410000,2019-01-16,statenisland,5 DREYER AVENUE NYC
4,BAYSIDE,01 ONE FAMILY DWELLINGS,1,6194,4,A2,37-08 222 STREET,11361.0,1.0,0.0,1.0,4000.0,696.0,1955.0,1,A2,799000,2019-10-31,queens,37-08 222 STREET NYC
4,JAMAICA,03 THREE FAMILY DWELLINGS,1,9819,17,C0,168-12 88TH AVE,11432.0,3.0,0.0,3.0,2000.0,2128.0,1905.0,1,C0,885000,2019-07-02,queens,168-12 88TH AVE NYC
5,CASTLETON CORNERS,01 ONE FAMILY DWELLINGS,1,721,16,A5,116 CLERMONT PLACE,10314.0,1.0,0.0,1.0,2700.0,1621.0,2018.0,1,A5,697501,2019-05-07,statenisland,116 CLERMONT PLACE NYC
3,FLATBUSH-EAST,03 THREE FAMILY DWELLINGS,1,4773,69,C0,679 EAST 52ND STREET,11203.0,3.0,0.0,3.0,3000.0,3432.0,2014.0,1,C0,1211718,2019-05-07,brooklyn,679 EAST 52ND STREET NYC
3,CANARSIE,02 TWO FAMILY DWELLINGS,1,4746,43,B1,136 EAST 87TH STREET,11236.0,2.0,0.0,2.0,2107.0,2045.0,1930.0,1,B1,420000,2019-10-16,brooklyn,136 EAST 87TH STREET NYC
3,BENSONHURST,02 TWO FAMILY DWELLINGS,1,6195,18,B1,1932 72ND STREET,11204.0,2.0,0.0,2.0,2500.0,2640.0,1930.0,1,B1,975000,2019-01-09,brooklyn,1932 72ND STREET NYC
4,QUEENS VILLAGE,01 ONE FAMILY DWELLINGS,1,11235,68,A1,219-19 113TH DRIVE,11429.0,1.0,0.0,1.0,3000.0,1416.0,1940.0,1,A1,456300,2019-11-05,queens,219-19 113TH DRIVE NYC
4,SPRINGFIELD GARDENS,02 TWO FAMILY DWELLINGS,1,12128,123,B3,133-01 CRANSTON STREET,11434.0,2.0,0.0,2.0,2700.0,1360.0,1925.0,1,B3,563000,2019-04-23,queens,133-01 CRANSTON STREET NYC
4,JAMAICA,02 TWO FAMILY DWELLINGS,1,9770,38,B9,87-18 162ND STREET,11432.0,2.0,0.0,2.0,1900.0,2650.0,1960.0,1,B9,840000,2019-01-10,queens,87-18 162ND STREET NYC
5,BULLS HEAD,02 TWO FAMILY DWELLINGS,1,2233,74,B2,34 BERGLUND AVENUE,10314.0,2.0,0.0,2.0,4000.0,2646.0,1970.0,1,B2,837500,2019-03-11,statenisland,34 BERGLUND AVENUE NYC
2,THROGS NECK,01 ONE FAMILY DWELLINGS,1,5500,3,A5,220 THROGGS NECK BLVD,10465.0,1.0,0.0,1.0,2000.0,960.0,1950.0,1,A5,435000,2019-04-05,bronx,220 THROGGS NECK BLVD NYC
3,GRAVESEND,02 TWO FAMILY DWELLINGS,1,7080,57,B2,1971 WEST 9TH STREET,11223.0,2.0,0.0,2.0,1950.0,1056.0,1930.0,1,B2,845000,2019-02-22,brooklyn,1971 WEST 9TH STREET NYC
3,BATH BEACH,01 ONE FAMILY DWELLINGS,1,6425,15,B1,231 BAY 7TH STREET,11228.0,2.0,0.0,2.0,2191.0,1708.0,1935.0,1,A5,990000,2019-10-10,brooklyn,231 BAY 7TH STREET NYC
3,MANHATTAN BEACH,01 ONE FAMILY DWELLINGS,1,8730,57,A1,28 EXETER STREET,11235.0,1.0,0.0,1.0,3600.0,1342.0,1940.0,1,A1,1385000,2019-11-01,brooklyn,28 EXETER STREET NYC
4,BEECHHURST,01 ONE FAMILY DWELLINGS,1,4593,4,A1,12-34 166 STREET,11357.0,1.0,0.0,1.0,4900.0,2379.0,1960.0,1,A1,1400000,2019-06-20,queens,12-34 166 STREET NYC
4,HOLLIS,02 TWO FAMILY DWELLINGS,1,10909,24,B9,104-38 FRANCIS LEWIS BLVD,11429.0,2.0,0.0,2.0,1793.0,1575.0,1940.0,1,B9,465000,2019-03-29,queens,104-38 FRANCIS LEWIS BLVD NYC
4,GLENDALE,02 TWO FAMILY DWELLINGS,1,3896,53,B3,91-29 71ST AVENUE,11375.0,2.0,0.0,2.0,2400.0,1552.0,1925.0,1,B3,800000,2019-12-23,queens,91-29 71ST AVENUE NYC
4,MASPETH,01 ONE FAMILY DWELLINGS,1,2370,18,A1,54-39 64TH STREET,11378.0,1.0,0.0,1.0,2500.0,1536.0,1925.0,1,A1,791000,2019-03-11,queens,54-39 64TH STREET NYC
3,BROWNSVILLE,02 TWO FAMILY DWELLINGS,1,3613,50,B1,540 CHESTER STREET,11212.0,2.0,0.0,2.0,3000.0,1920.0,1930.0,1,B1,512000,2019-09-19,brooklyn,540 CHESTER STREET NYC
3,EAST NEW YORK,03 THREE FAMILY DWELLINGS,1,4285,48,C0,744 LINCOLN AVENUE,11208.0,3.0,0.0,3.0,2000.0,1508.0,1910.0,1,C0,678500,2019-01-23,brooklyn,744 LINCOLN AVENUE NYC
4,CORONA,07 RENTALS - WALKUP APARTMENTS,2A,1606,40,C3,40-63 97TH STREET,11368.0,4.0,0.0,4.0,1960.0,2720.0,1931.0,2,C3,1252000,2019-08-02,queens,40-63 97TH STREET NYC
4,ST. ALBANS,01 ONE FAMILY DWELLINGS,1,10924,62,A1,192-06 109TH AVENUE,11412.0,1.0,0.0,1.0,4268.0,1415.0,1930.0,1,A1,529000,2019-01-29,queens,192-06 109TH AVENUE NYC
4,FRESH MEADOWS,02 TWO FAMILY DWELLINGS,1,7072,49,B1,61-17 183RD ST,11365.0,2.0,0.0,2.0,2200.0,2208.0,1940.0,1,B1,990000,2019-10-16,queens,61-17 183RD ST NYC
4,GLENDALE,02 TWO FAMILY DWELLINGS,1,3702,52,B3,67-41 COOPER AVENUE,11385.0,2.0,0.0,2.0,1733.0,1088.0,1910.0,1,B3,645000,2019-09-27,queens,67-41 COOPER AVENUE NYC
4,BAYSIDE,01 ONE FAMILY DWELLINGS,1,7362,28,A5,48-42 204TH STREET,11364.0,1.0,0.0,1.0,2825.0,896.0,1955.0,1,A5,680000,2019-07-05,queens,48-42 204TH STREET NYC
2,BAYCHESTER,02 TWO FAMILY DWELLINGS,1,4941,30,B2,3640 PRATT AVENUE,10466.0,2.0,0.0,2.0,1940.0,2270.0,1998.0,1,B2,605000,2019-06-03,bronx,3640 PRATT AVENUE NYC
4,MIDDLE VILLAGE,02 TWO FAMILY DWELLINGS,1,3056,78,B1,72-37 66TH DRIVE,11379.0,2.0,0.0,2.0,2000.0,1880.0,1960.0,1,B1,785000,2019-12-16,queens,72-37 66TH DRIVE NYC
3,OLD MILL BASIN,02 TWO FAMILY DWELLINGS,1,7874,31,B1,1651 EAST 49TH STREET,11234.0,2.0,0.0,2.0,2200.0,1729.0,1955.0,1,B1,659000,2019-02-06,brooklyn,1651 EAST 49TH STREET NYC
5,GREAT KILLS,01 ONE FAMILY DWELLINGS,1,5209,47,A5,29 ACKERMAN STREET,10308.0,1.0,0.0,1.0,2639.0,975.0,1986.0,1,A5,359000,2019-06-17,statenisland,29 ACKERMAN STREET NYC
4,ELMHURST,07 RENTALS - WALKUP APARTMENTS,2A,1521,16,C3,74-22 44TH AVENUE,11373.0,4.0,0.0,4.0,2142.0,3654.0,1976.0,2,C3,1710000,2019-12-27,queens,74-22 44TH AVENUE NYC
2,WESTCHESTER,02 TWO FAMILY DWELLINGS,1,3812,26,B2,2138 ELLIS AVENUE,10462.0,2.0,0.0,2.0,2549.0,2158.0,1920.0,1,B2,799000,2019-07-01,bronx,2138 ELLIS AVENUE NYC
3,BUSHWICK,03 THREE FAMILY DWELLINGS,1,3293,11,C0,1082 GREENE AVENUE,11221.0,3.0,0.0,3.0,1660.0,3300.0,1931.0,1,C0,1965000,2019-01-24,brooklyn,1082 GREENE AVENUE NYC
3,SUNSET PARK,02 TWO FAMILY DWELLINGS,1,785,26,B9,650 49TH STREET,11220.0,2.0,0.0,2.0,1669.0,1776.0,1930.0,1,B9,1300000,2019-03-11,brooklyn,650 49TH STREET NYC
3,FLATBUSH-EAST,02 TWO FAMILY DWELLINGS,1,4764,23,B1,530 EAST 54TH STREET,11203.0,2.0,0.0,2.0,2300.0,1814.0,1950.0,1,B1,598000,2019-12-03,brooklyn,530 EAST 54TH STREET NYC
4,SOUTH JAMAICA,01 ONE FAMILY DWELLINGS,1,11927,39,A1,109-32 142ND STREET,11435.0,1.0,0.0,1.0,2860.0,1576.0,1930.0,1,A1,580000,2019-03-15,queens,109-32 142ND STREET NYC
4,OZONE PARK,02 TWO FAMILY DWELLINGS,1,9052,22,B3,97-32 82ND STREET,11416.0,2.0,0.0,2.0,1942.0,1608.0,1920.0,1,B3,406000,2019-01-08,queens,97-32 82ND STREET NYC
3,OCEAN PARKWAY-SOUTH,03 THREE FAMILY DWELLINGS,1,7155,73,C0,2287 EAST 3RD STREET,11223.0,3.0,0.0,3.0,3162.0,2948.0,1945.0,1,C0,1275000,2019-08-06,brooklyn,2287 EAST 3RD STREET NYC
3,CANARSIE,02 TWO FAMILY DWELLINGS,1,8171,38,B2,102-14 FARRAGUT RD,11236.0,2.0,0.0,2.0,2264.0,2112.0,1930.0,1,B2,935000,2019-11-14,brooklyn,102-14 FARRAGUT RD NYC
5,BULLS HEAD,01 ONE FAMILY DWELLINGS,1,1616,43,A9,76 ELSON STREET,10314.0,1.0,0.0,1.0,2340.0,1380.0,1986.0,1,A9,374676,2019-12-10,statenisland,76 ELSON STREET NYC
3,OCEAN HILL,22 STORE BUILDINGS,4,1444,27,K4,1725 EAST NEW YORK AVENUE,11212.0,0.0,1.0,1.0,1609.0,1200.0,1921.0,4,K4,330000,2019-06-24,brooklyn,1725 EAST NEW YORK AVENUE NYC
4,ST. ALBANS,02 TWO FAMILY DWELLINGS,1,12621,15,B2,118-16 197TH STREET,11412.0,2.0,0.0,2.0,3780.0,2125.0,1930.0,1,B2,625000,2019-08-28,queens,118-16 197TH STREET NYC
2,BAYCHESTER,01 ONE FAMILY DWELLINGS,1,4723,5,A2,3479 MICKLE AVENUE,10469.0,1.0,0.0,1.0,1918.0,1024.0,1945.0,1,A2,404250,2019-03-29,bronx,3479 MICKLE AVENUE NYC
5,SOUTH BEACH,07 RENTALS - WALKUP APARTMENTS,2A,3110,1,C3,273-275 SAND LANE,10305.0,4.0,0.0,4.0,4500.0,3800.0,1931.0,2,C3,990000,2019-07-23,statenisland,273-275 SAND LANE NYC
4,JACKSON HEIGHTS,03 THREE FAMILY DWELLINGS,1,1357,40,C0,2551 83RD STREET,11370.0,3.0,0.0,3.0,2000.0,1504.0,1930.0,1,C0,855000,2019-08-08,queens,2551 83RD STREET NYC
4,OAKLAND GARDENS,01 ONE FAMILY DWELLINGS,1,7780,22,A1,78-33 223RD STREET,11364.0,1.0,0.0,1.0,4846.0,1508.0,1940.0,1,A1,930000,2019-12-06,queens,78-33 223RD STREET NYC
4,BAYSIDE,02 TWO FAMILY DWELLINGS,1,5542,23,B3,200-36 45TH AVENUE,11361.0,2.0,0.0,2.0,4000.0,2390.0,1955.0,1,B3,1790084,2019-03-19,queens,200-36 45TH AVENUE NYC
4,SOUTH JAMAICA,01 ONE FAMILY DWELLINGS,1,11962,43,A1,14536 111TH AVENUE,11435.0,1.0,0.0,1.0,2802.0,1280.0,1930.0,1,A1,455751,2019-07-26,queens,14536 111TH AVENUE NYC
3,GRAVESEND,02 TWO FAMILY DWELLINGS,1,7081,74,B3,1933 WEST 8TH STREET,11223.0,2.0,0.0,2.0,1609.0,928.0,1930.0,1,B3,800000,2019-01-09,brooklyn,1933 WEST 8TH STREET NYC
4,FRESH MEADOWS,01 ONE FAMILY DWELLINGS,1,7126,21,A5,67-32 198 STREET,11365.0,1.0,0.0,1.0,1700.0,1600.0,1950.0,1,A5,745000,2019-05-16,queens,67-32 198 STREET NYC
2,BAYCHESTER,02 TWO FAMILY DWELLINGS,1,4980,85,B2,4033 EDSON AVENUE,10466.0,2.0,0.0,2.0,2500.0,1848.0,1915.0,1,B2,694000,2019-03-22,bronx,4033 EDSON AVENUE NYC
2,BAYCHESTER,29 COMMERCIAL GARAGES,4,4728,46,G2,3450 KINGSLAND AVENUE,10469.0,0.0,1.0,1.0,3971.0,1760.0,1964.0,4,G2,775000,2019-05-23,bronx,3450 KINGSLAND AVENUE NYC
3,OLD MILL BASIN,01 ONE FAMILY DWELLINGS,1,8386,65,A9,1446 EAST 65TH STREET,11234.0,1.0,0.0,1.0,2000.0,1368.0,1920.0,1,A9,648500,2019-05-30,brooklyn,1446 EAST 65TH STREET NYC
4,QUEENS VILLAGE,02 TWO FAMILY DWELLINGS,1,11142,44,B3,215-34 111TH ROAD,11429.0,2.0,0.0,2.0,3000.0,1640.0,1930.0,1,B3,780000,2019-09-06,queens,215-34 111TH ROAD NYC
4,OZONE PARK,02 TWO FAMILY DWELLINGS,1,9002,35,B3,94-27 77TH STREET,11416.0,2.0,0.0,2.0,1900.0,1312.0,1925.0,1,B3,655000,2019-11-04,queens,94-27 77TH STREET NYC
4,ROSEDALE,01 ONE FAMILY DWELLINGS,1,13212,28,A1,133-87 HOOK CREEK BOULEVARD,11422.0,1.0,0.0,1.0,1107.0,1539.0,1935.0,1,A1,538175,2019-07-16,queens,133-87 HOOK CREEK BOULEVARD NYC
4,FLUSHING-NORTH,01 ONE FAMILY DWELLINGS,1,5689,7,A0,58-31 185TH STREET,11365.0,1.0,0.0,1.0,4000.0,1694.0,1950.0,1,A0,855000,2019-03-19,queens,58-31 185TH STREET NYC
4,LAURELTON,01 ONE FAMILY DWELLINGS,1,13125,23,A5,220-14 137TH AVENUE,11413.0,1.0,0.0,1.0,3971.0,1841.0,1920.0,1,A5,520000,2019-09-25,queens,220-14 137TH AVENUE NYC
4,HOLLIS,01 ONE FAMILY DWELLINGS,1,10349,68,A2,183-29 BRINKERHOFF AVE.,11412.0,1.0,0.0,1.0,4000.0,1200.0,1945.0,1,A2,565000,2019-12-31,queens,183-29 BRINKERHOFF AVE. NYC
4,QUEENS VILLAGE,01 ONE FAMILY DWELLINGS,1,11092,17,A1,102-09 216TH STREET,11429.0,1.0,0.0,1.0,2500.0,1120.0,1925.0,1,A1,369900,2019-03-15,queens,102-09 216TH STREET NYC
5,GREAT KILLS,01 ONE FAMILY DWELLINGS,1,5026,129,A5,36 OVIS PLACE,10306.0,1.0,0.0,1.0,2448.0,1232.0,1975.0,1,A5,465545,2019-02-01,statenisland,36 OVIS PLACE NYC
4,ELMHURST,02 TWO FAMILY DWELLINGS,1,1355,26,B2,72-42 44TH AVENUE,11377.0,2.0,0.0,2.0,1577.0,1742.0,1999.0,1,B2,1145000,2019-08-07,queens,72-42 44TH AVENUE NYC
4,WOODHAVEN,02 TWO FAMILY DWELLINGS,1,8850,36,B2,85-33 79TH STREET,11421.0,2.0,0.0,2.0,2458.0,1992.0,1920.0,1,B2,828000,2019-08-14,queens,85-33 79TH STREET NYC
4,FAR ROCKAWAY,01 ONE FAMILY DWELLINGS,1,15606,26,A1,130 BEACH 3RD STREET,11691.0,1.0,0.0,1.0,4000.0,1504.0,1925.0,1,A1,500000,2019-05-09,queens,130 BEACH 3RD STREET NYC
5,NEW DORP,01 ONE FAMILY DWELLINGS,1,4053,26,A5,208 CUBA AVENUE,10306.0,1.0,0.0,1.0,2146.0,1258.0,2019.0,1,A2,1305000,2019-06-07,statenisland,208 CUBA AVENUE NYC
3,OLD MILL BASIN,01 ONE FAMILY DWELLINGS,1,7848,67,A1,1562 E51 STREET,11234.0,1.0,0.0,1.0,2650.0,1088.0,1920.0,1,A1,570000,2019-06-28,brooklyn,1562 E51 STREET NYC
5,NEW DORP-HEIGHTS,01 ONE FAMILY DWELLINGS,1,4305,14,A1,49 DOROTHEA PLACE,10306.0,1.0,0.0,1.0,3910.0,2860.0,1965.0,1,A1,729000,2019-05-22,statenisland,49 DOROTHEA PLACE NYC
2,MOTT HAVEN/PORT MORRIS,02 TWO FAMILY DWELLINGS,1,2278,37,B3,458 EAST 134TH STREET,10454.0,2.0,0.0,2.0,1700.0,2160.0,1901.0,1,B3,450000,2019-11-12,bronx,458 EAST 134TH STREET NYC
3,BROWNSVILLE,01 ONE FAMILY DWELLINGS,1,3626,103,A5,945 ROCKAWAY AVENUE,11212.0,1.0,0.0,1.0,1800.0,1148.0,1987.0,1,A5,468000,2019-06-28,brooklyn,945 ROCKAWAY AVENUE NYC
3,FLATBUSH-NORTH,02 TWO FAMILY DWELLINGS,1,4595,114,B1,31 EAST 92ND STREET,11212.0,2.0,0.0,2.0,2200.0,1920.0,1950.0,1,B1,600000,2019-09-27,brooklyn,31 EAST 92ND STREET NYC
5,ARDEN HEIGHTS,02 TWO FAMILY DWELLINGS,1,6024,146,B9,96 STACK DRIVE,10312.0,2.0,0.0,2.0,2070.0,2392.0,1980.0,1,B9,563000,2019-01-23,statenisland,96 STACK DRIVE NYC
2,WILLIAMSBRIDGE,02 TWO FAMILY DWELLINGS,1,4877,64,B3,1034 EAST 231 ST,10466.0,2.0,0.0,2.0,2752.0,2016.0,1925.0,1,B3,660000,2019-05-13,bronx,1034 EAST 231 ST NYC
5,WESTERLEIGH,01 ONE FAMILY DWELLINGS,1,1452,6,A2,73 GLASCOE AVENUE,10314.0,1.0,0.0,1.0,4484.0,1647.0,1970.0,1,A2,625000,2019-08-14,statenisland,73 GLASCOE AVENUE NYC
4,RICHMOND HILL,01 ONE FAMILY DWELLINGS,1,9289,24,S1,105-12 JAMAICA AVENUE,11418.0,1.0,1.0,2.0,1081.0,1352.0,1920.0,1,S1,610000,2019-10-31,queens,105-12 JAMAICA AVENUE NYC
4,DOUGLASTON,01 ONE FAMILY DWELLINGS,1,8288,14,A5,240-26 65TH AVENUE,11362.0,1.0,0.0,1.0,2030.0,1520.0,1970.0,1,A5,870000,2019-07-12,queens,240-26 65TH AVENUE NYC
4,ROSEDALE,02 TWO FAMILY DWELLINGS,1,13603,61,B3,257-15 FRANCIS LEWIS BLVD,11422.0,2.0,0.0,2.0,3498.0,1125.0,1945.0,1,B3,593600,2019-08-29,queens,257-15 FRANCIS LEWIS BLVD NYC
4,FLORAL PARK,01 ONE FAMILY DWELLINGS,1,8710,48,A0,80-34 255TH STREET,11004.0,1.0,0.0,1.0,4050.0,1407.0,1950.0,1,A0,700000,2019-08-23,queens,80-34 255TH STREET NYC
4,SOUTH JAMAICA,01 ONE FAMILY DWELLINGS,1,10266,97,A1,10946 175TH STREET,11433.0,1.0,0.0,1.0,3000.0,1292.0,1920.0,1,A1,590000,2019-07-12,queens,10946 175TH STREET NYC
4,OAKLAND GARDENS,03 THREE FAMILY DWELLINGS,1,7608,31,C0,61-50 219TH STREET,11364.0,3.0,0.0,3.0,2483.0,2728.0,1964.0,1,C0,1500000,2019-11-26,queens,61-50 219TH STREET NYC
4,MIDDLE VILLAGE,02 TWO FAMILY DWELLINGS,1,2822,126,B1,5806 76 STREET,11379.0,2.0,0.0,2.0,2065.0,1840.0,2008.0,1,B1,1255000,2019-04-05,queens,5806 76 STREET NYC
4,QUEENS VILLAGE,01 ONE FAMILY DWELLINGS,1,7974,94,A1,89-11 LYMAN STREET,11427.0,1.0,0.0,1.0,3000.0,1460.0,1935.0,1,A1,620000,2019-08-02,queens,89-11 LYMAN STREET NYC
4,MIDDLE VILLAGE,01 ONE FAMILY DWELLINGS,1,2936,94,A5,61-01 78TH STREET,11379.0,1.0,0.0,1.0,2300.0,1152.0,1940.0,1,A5,750000,2019-10-23,queens,61-01 78TH STREET NYC
4,RICHMOND HILL,02 TWO FAMILY DWELLINGS,1,9595,15,B3,105-40 VAN WYCK EXPRESSWAY,11419.0,2.0,0.0,2.0,2500.0,1929.0,1915.0,1,B3,626417,2019-12-26,queens,105-40 VAN WYCK EXPRESSWAY NYC
4,SPRINGFIELD GARDENS,01 ONE FAMILY DWELLINGS,1,12476,1,A2,127-19 SIDWAY PLACE,11434.0,1.0,0.0,1.0,3000.0,925.0,1925.0,1,A2,555000,2019-10-01,queens,127-19 SIDWAY PLACE NYC
5,WOODROW,02 TWO FAMILY DWELLINGS,1,7317,119,B2,73 ROBIN COURT,10309.0,2.0,0.0,2.0,4125.0,2160.0,1994.0,1,B2,625000,2019-05-21,statenisland,73 ROBIN COURT NYC
2,WILLIAMSBRIDGE,02 TWO FAMILY DWELLINGS,1,4879,62,B1,1042 EAST 233,10466.0,2.0,0.0,2.0,1636.0,1944.0,1950.0,1,B1,413000,2019-08-09,bronx,1042 EAST 233 NYC
3,EAST NEW YORK,02 TWO FAMILY DWELLINGS,1,4038,14,B9,235 BERRIMAN STREET,11208.0,2.0,0.0,2.0,1840.0,2793.0,1925.0,1,B9,850000,2019-02-04,brooklyn,235 BERRIMAN STREET NYC
3,EAST NEW YORK,01 ONE FAMILY DWELLINGS,1,3852,115,A5,575 HINSDALE ST,11207.0,1.0,0.0,1.0,1800.0,1332.0,2001.0,1,A5,500000,2019-09-30,brooklyn,575 HINSDALE ST NYC
4,ASTORIA,02 TWO FAMILY DWELLINGS,1,804,35,B9,23-18 38TH STREET,11105.0,2.0,0.0,2.0,2370.0,2600.0,1950.0,1,B9,1400000,2019-12-04,queens,23-18 38TH STREET NYC
3,CANARSIE,02 TWO FAMILY DWELLINGS,1,8064,6,B1,1269 EAST 85TH STREET,11236.0,2.0,0.0,2.0,2150.0,1956.0,1955.0,1,B1,565920,2019-01-25,brooklyn,1269 EAST 85TH STREET NYC
2,MORRIS PARK/VAN NEST,02 TWO FAMILY DWELLINGS,1,4267,21,B1,1946 RADCLIFF AVENUE,10462.0,2.0,0.0,2.0,3000.0,2089.0,1955.0,1,B1,750000,2019-11-14,bronx,1946 RADCLIFF AVENUE NYC
3,EAST NEW YORK,02 TWO FAMILY DWELLINGS,1,4088,116,B1,579 VAN SICLEN AVENUE,11207.0,2.0,0.0,2.0,1000.0,1800.0,1930.0,1,B1,719000,2019-05-31,brooklyn,579 VAN SICLEN AVENUE NYC
3,OCEAN PARKWAY-NORTH,03 THREE FAMILY DWELLINGS,1,5401,1,C0,704 DITMAS AVENUE,11218.0,3.0,0.0,3.0,3415.0,3370.0,1910.0,1,C0,1675000,2019-02-07,brooklyn,704 DITMAS AVENUE NYC
2,EAST TREMONT,03 THREE FAMILY DWELLINGS,1,3098,132,C0,2165 CLINTON AVENUE,10457.0,3.0,0.0,3.0,1868.0,2922.0,2004.0,1,C0,525000,2019-12-31,bronx,2165 CLINTON AVENUE NYC
3,MIDWOOD,01 ONE FAMILY DWELLINGS,1,6748,35,A1,1940 BAY AVENUE,11230.0,1.0,0.0,1.0,2176.0,1424.0,1925.0,1,A1,999998,2019-05-31,brooklyn,1940 BAY AVENUE NYC
5,STAPLETON,01 ONE FAMILY DWELLINGS,1,612,1,A2,20 PEARL STREET,10304.0,1.0,0.0,1.0,4628.0,2224.0,1955.0,1,A2,629000,2019-09-25,statenisland,20 PEARL STREET NYC
4,QUEENS VILLAGE,03 THREE FAMILY DWELLINGS,1,7970,122,C0,89-31 PONTIAC STREET,11427.0,3.0,0.0,3.0,2067.0,3168.0,1975.0,1,C0,715000,2019-09-19,queens,89-31 PONTIAC STREET NYC
3,BENSONHURST,02 TWO FAMILY DWELLINGS,1,6234,56,B3,1469 77TH STREET,11228.0,2.0,0.0,2.0,2800.0,1784.0,1930.0,1,B3,1340000,2019-11-01,brooklyn,1469 77TH STREET NYC
3,BEDFORD STUYVESANT,02 TWO FAMILY DWELLINGS,1,1604,104,B9,31 MALCOLM X BOULEVARD,11221.0,2.0,0.0,2.0,1760.0,2772.0,2002.0,1,B9,915000,2019-04-08,brooklyn,31 MALCOLM X BOULEVARD NYC
3,CROWN HEIGHTS,02 TWO FAMILY DWELLINGS,1,1253,24,B9,752 ST JOHNS PLACE,11216.0,2.0,0.0,2.0,1837.0,2637.0,1910.0,1,B9,1480000,2019-02-04,brooklyn,752 ST JOHNS PLACE NYC
3,MIDWOOD,01 ONE FAMILY DWELLINGS,1,7640,21,A1,1325 EAST 22ND STREET,11210.0,1.0,0.0,1.0,3500.0,2186.0,1915.0,1,A1,1825000,2019-06-20,brooklyn,1325 EAST 22ND STREET NYC
4,CORONA,02 TWO FAMILY DWELLINGS,1,1713,53,B2,33-31 98TH STREET,11368.0,2.0,0.0,2.0,2533.0,1978.0,1910.0,1,B2,325000,2019-11-22,queens,33-31 98TH STREET NYC
4,ROSEDALE,02 TWO FAMILY DWELLINGS,1,13733,21,B2,235-09 BENTLEY ROAD,11422.0,2.0,0.0,2.0,3000.0,1850.0,2003.0,1,B2,783991,2019-05-07,queens,235-09 BENTLEY ROAD NYC
5,NEW SPRINGVILLE,02 TWO FAMILY DWELLINGS,1,1991,1,B9,15 GREENWAY AVENUE,10314.0,2.0,0.0,2.0,3174.0,1344.0,1998.0,1,B9,650000,2019-11-07,statenisland,15 GREENWAY AVENUE NYC
3,CROWN HEIGHTS,02 TWO FAMILY DWELLINGS,1,1365,55,B9,192 SCHENECTADY,11213.0,2.0,0.0,2.0,1900.0,2064.0,1910.0,1,B9,400000,2019-09-04,brooklyn,192 SCHENECTADY NYC
4,OZONE PARK,02 TWO FAMILY DWELLINGS,1,9125,23,B2,7512 GLENMORE AVE,11417.0,2.0,0.0,2.0,4064.0,2016.0,1960.0,1,B2,600000,2019-12-19,queens,7512 GLENMORE AVE NYC
4,SOUTH OZONE PARK,01 ONE FAMILY DWELLINGS,1,11759,10,A2,123-69 135TH STREET,11420.0,1.0,0.0,1.0,4370.0,1050.0,1960.0,1,A2,605000,2019-06-20,queens,123-69 135TH STREET NYC
4,GLENDALE,02 TWO FAMILY DWELLINGS,1,3598,26,B1,74-17 64TH PLACE,11385.0,2.0,0.0,2.0,2000.0,1920.0,1910.0,1,B1,985000,2019-05-17,queens,74-17 64TH PLACE NYC
3,BENSONHURST,02 TWO FAMILY DWELLINGS,1,6212,29,B1,1452 74TH STREET,11228.0,2.0,0.0,2.0,3100.0,2012.0,1930.0,1,B1,990000,2019-08-28,brooklyn,1452 74TH STREET NYC
2,WILLIAMSBRIDGE,03 THREE FAMILY DWELLINGS,1,4676,29,C0,825 EAST 217TH STREET,10467.0,3.0,0.0,3.0,2286.0,3600.0,2006.0,1,C0,750000,2019-05-10,bronx,825 EAST 217TH STREET NYC
3,KENSINGTON,07 RENTALS - WALKUP APARTMENTS,2A,5325,59,C3,221 EAST 2ND STREET,11218.0,4.0,0.0,4.0,3000.0,3116.0,1931.0,2,C3,1600000,2019-11-25,brooklyn,221 EAST 2ND STREET NYC
4,QUEENS VILLAGE,01 ONE FAMILY DWELLINGS,1,11144,8,A1,216-04 111TH AVENUE,11429.0,1.0,0.0,1.0,3000.0,1392.0,1930.0,1,A1,640000,2019-12-18,queens,216-04 111TH AVENUE NYC
3,CANARSIE,02 TWO FAMILY DWELLINGS,1,8278,37,B1,9406 AVENUE M,11236.0,2.0,0.0,2.0,2457.0,2208.0,1930.0,1,B1,751600,2019-02-15,brooklyn,9406 AVENUE M NYC
4,SOUTH OZONE PARK,22 STORE BUILDINGS,4,11862,32,K1,128-04 135TH AVENUE,11420.0,0.0,1.0,1.0,2000.0,800.0,1931.0,4,K1,320000,2019-11-04,queens,128-04 135TH AVENUE NYC
3,BENSONHURST,01 ONE FAMILY DWELLINGS,1,6236,73,S1,7614 17TH AVENUE,11214.0,1.0,1.0,2.0,1600.0,2240.0,1931.0,1,S1,1500800,2019-05-08,brooklyn,7614 17TH AVENUE NYC
4,QUEENS VILLAGE,01 ONE FAMILY DWELLINGS,1,10740,33,A1,221-79 91ST AVENUE,11428.0,1.0,0.0,1.0,3560.0,1252.0,1925.0,1,A1,575000,2019-07-30,queens,221-79 91ST AVENUE NYC
4,HOWARD BEACH,01 ONE FAMILY DWELLINGS,1,14080,46,A1,164-23 86TH STREET,11414.0,1.0,0.0,1.0,3900.0,2496.0,1970.0,1,A1,725000,2019-08-27,queens,164-23 86TH STREET NYC
4,SUNNYSIDE,02 TWO FAMILY DWELLINGS,1,2293,72,B1,50-52 44TH STREET,11377.0,2.0,0.0,2.0,2000.0,1592.0,1930.0,1,B1,999000,2019-09-27,queens,50-52 44TH STREET NYC
4,QUEENS VILLAGE,01 ONE FAMILY DWELLINGS,1,11139,68,A1,213-27 112TH AVENUE,11429.0,1.0,0.0,1.0,3000.0,1616.0,1925.0,1,A1,602500,2019-10-31,queens,213-27 112TH AVENUE NYC
5,GRANT CITY,01 ONE FAMILY DWELLINGS,1,3345,14,A2,266 SEAVIEW AVENUE,10305.0,1.0,0.0,1.0,4550.0,960.0,1965.0,1,A2,599999,2019-12-30,statenisland,266 SEAVIEW AVENUE NYC
3,BOROUGH PARK,29 COMMERCIAL GARAGES,4,5294,9,G2,3801 12TH AVENUE,11218.0,0.0,1.0,1.0,2633.0,2630.0,1931.0,4,G1,1450000,2019-09-05,brooklyn,3801 12TH AVENUE NYC
3,CYPRESS HILLS,02 TWO FAMILY DWELLINGS,1,4117,55,B3,248 ETNA STREET,11208.0,2.0,0.0,2.0,1615.0,2019.0,1901.0,1,B3,535000,2019-04-12,brooklyn,248 ETNA STREET NYC
3,CANARSIE,03 THREE FAMILY DWELLINGS,1,8300,72,C0,1588 EAST 98TH STREET,11236.0,3.0,0.0,3.0,3000.0,2946.0,1965.0,1,C0,440000,2019-08-20,brooklyn,1588 EAST 98TH STREET NYC
4,QUEENS VILLAGE,37 RELIGIOUS FACILITIES,4,11151,29,M9,108-28 SPRINGFIELD BLVD,11429.0,0.0,1.0,1.0,3350.0,1750.0,1931.0,4,M9,425000,2019-01-25,queens,108-28 SPRINGFIELD BLVD NYC
4,JACKSON HEIGHTS,01 ONE FAMILY DWELLINGS,1,1386,29,A5,30-46 89TH STREET,11369.0,1.0,0.0,1.0,2042.0,2292.0,1940.0,1,A5,720000,2019-11-08,queens,30-46 89TH STREET NYC
4,ST. ALBANS,01 ONE FAMILY DWELLINGS,1,10984,40,A1,112-32 208TH STREET,11429.0,1.0,0.0,1.0,3000.0,1672.0,1920.0,1,A1,540000,2019-07-30,queens,112-32 208TH STREET NYC
2,SCHUYLERVILLE/PELHAM BAY,02 TWO FAMILY DWELLINGS,1,5356,40,B2,2831 LA SALLE AVENUE,10461.0,2.0,0.0,2.0,2660.0,1672.0,1920.0,1,B2,655000,2019-12-11,bronx,2831 LA SALLE AVENUE NYC
4,FLUSHING-NORTH,01 ONE FAMILY DWELLINGS,1,4825,34,A1,30-34 MURRAY LANE,11354.0,1.0,0.0,1.0,2000.0,1400.0,1940.0,1,A1,757000,2019-10-31,queens,30-34 MURRAY LANE NYC
4,RICHMOND HILL,02 TWO FAMILY DWELLINGS,1,9499,72,B3,101-33 131ST STREET,11419.0,2.0,0.0,2.0,2521.0,1456.0,1920.0,1,B3,824000,2019-12-09,queens,101-33 131ST STREET NYC
4,ROSEDALE,01 ONE FAMILY DWELLINGS,1,13687,33,A2,259-19 148TH ROAD,11422.0,1.0,0.0,1.0,4000.0,759.0,1955.0,1,A2,445000,2019-03-04,queens,259-19 148TH ROAD NYC
4,BAYSIDE,02 TWO FAMILY DWELLINGS,1,7321,4,B1,206-09 48TH AVENUE,11364.0,2.0,0.0,2.0,3217.0,2240.0,2016.0,1,B1,1266703,2019-01-28,queens,206-09 48TH AVENUE NYC
3,FLATBUSH-EAST,01 ONE FAMILY DWELLINGS,1,4940,34,A2,463 EAST 40TH STREET,11203.0,1.0,0.0,1.0,2150.0,904.0,1945.0,1,A2,445000,2019-05-23,brooklyn,463 EAST 40TH STREET NYC
3,BRIGHTON BEACH,07 RENTALS - WALKUP APARTMENTS,2A,8673,27,C3,3015 BRIGHTON 3 STREET,11235.0,4.0,0.0,4.0,2000.0,1408.0,1931.0,2,C3,782500,2019-07-29,brooklyn,3015 BRIGHTON 3 STREET NYC
5,TOMPKINSVILLE,02 TWO FAMILY DWELLINGS,1,576,126,B2,15 ROSEWOOD PLACE,10304.0,2.0,0.0,2.0,3600.0,2350.0,1910.0,1,B2,550000,2019-10-23,statenisland,15 ROSEWOOD PLACE NYC
5,NEW DORP,01 ONE FAMILY DWELLINGS,1,4228,29,A2,122 STERLING AVE,10306.0,1.0,0.0,1.0,4000.0,1196.0,1960.0,1,A2,598888,2019-04-02,statenisland,122 STERLING AVE NYC
3,BEDFORD STUYVESANT,03 THREE FAMILY DWELLINGS,1,1710,13,C0,824 HERKIMER STREET,11233.0,3.0,0.0,3.0,2053.0,3822.0,2004.0,1,C0,735000,2019-03-28,brooklyn,824 HERKIMER STREET NYC
2,WILLIAMSBRIDGE,02 TWO FAMILY DWELLINGS,1,4837,15,B2,763 EAST 223 STREET,10466.0,2.0,0.0,2.0,2504.0,1736.0,1925.0,1,B2,430950,2019-12-10,bronx,763 EAST 223 STREET NYC
4,ELMHURST,02 TWO FAMILY DWELLINGS,1,1310,15,B3,41-35 70TH STREET,11377.0,2.0,0.0,2.0,2000.0,1462.0,1930.0,1,B3,940000,2019-05-14,queens,41-35 70TH STREET NYC
4,COLLEGE POINT,01 ONE FAMILY DWELLINGS,1,4036,64,A5,115-15 14TH AVENUE,11356.0,1.0,0.0,1.0,2500.0,1122.0,1955.0,1,A5,690000,2019-08-30,queens,115-15 14TH AVENUE NYC
2,CROTONA PARK,01 ONE FAMILY DWELLINGS,1,2958,53,A1,1831 WATERLOO PLACE,10460.0,1.0,0.0,1.0,1750.0,1210.0,1910.0,1,A1,459000,2019-12-13,bronx,1831 WATERLOO PLACE NYC
4,SUNNYSIDE,03 THREE FAMILY DWELLINGS,1,208,59,C0,50-54 41ST STREET,11104.0,3.0,0.0,3.0,2400.0,2600.0,1930.0,1,C0,1500000,2019-08-20,queens,50-54 41ST STREET NYC
3,SUNSET PARK,02 TWO FAMILY DWELLINGS,1,808,22,B9,540 52ND STREET,11220.0,2.0,0.0,2.0,2003.0,2820.0,1910.0,1,B9,1500000,2019-03-12,brooklyn,540 52ND STREET NYC
4,SPRINGFIELD GARDENS,01 ONE FAMILY DWELLINGS,1,13093,7,A5,144-19 182ND PLACE,11413.0,1.0,0.0,1.0,3180.0,1056.0,1960.0,1,A5,390515,2019-11-21,queens,144-19 182ND PLACE NYC
4,HOLLIS,02 TWO FAMILY DWELLINGS,1,10345,39,B3,183-37 BABYLON AVE.,11412.0,2.0,0.0,2.0,4000.0,1250.0,1945.0,1,B3,570000,2019-08-06,queens,183-37 BABYLON AVE. NYC
3,CANARSIE,02 TWO FAMILY DWELLINGS,1,8250,14,B1,1165 EAST 104TH STREET,11236.0,2.0,0.0,2.0,2000.0,1585.0,1960.0,1,B1,630000,2019-11-12,brooklyn,1165 EAST 104TH STREET NYC
2,THROGS NECK,02 TWO FAMILY DWELLINGS,1,5590,15,B1,279 REVERE AVENUE,10465.0,2.0,0.0,2.0,2500.0,1600.0,1930.0,1,B1,596888,2019-02-11,bronx,279 REVERE AVENUE NYC
5,GREAT KILLS,02 TWO FAMILY DWELLINGS,1,5467,58,B2,345 KATAN AVENUE,10308.0,2.0,0.0,2.0,4141.0,1720.0,1960.0,1,B2,725000,2019-10-03,statenisland,345 KATAN AVENUE NYC
5,WILLOWBROOK,01 ONE FAMILY DWELLINGS,1,735,125,A5,59 CARMEL AVENUE,10314.0,1.0,0.0,1.0,2800.0,1070.0,1970.0,1,A5,563888,2019-06-17,statenisland,59 CARMEL AVENUE NYC
4,QUEENS VILLAGE,01 ONE FAMILY DWELLINGS,1,10634,70,A1,92-09 217TH STREET,11428.0,1.0,0.0,1.0,3300.0,1828.0,1930.0,1,A1,680000,2019-06-05,queens,92-09 217TH STREET NYC
4,ROSEDALE,01 ONE FAMILY DWELLINGS,1,13746,34,A2,239-54 148 ROAD,11422.0,1.0,0.0,1.0,4000.0,978.0,1945.0,1,A2,360000,2019-03-13,queens,239-54 148 ROAD NYC
4,WOODHAVEN,02 TWO FAMILY DWELLINGS,1,8871,11,B1,91-22 86 ROAD,11421.0,2.0,0.0,2.0,2017.0,2096.0,1915.0,1,B1,890000,2019-03-06,queens,91-22 86 ROAD NYC
2,WILLIAMSBRIDGE,02 TWO FAMILY DWELLINGS,1,4662,8,B3,710 EAST 215 STREET,10467.0,2.0,0.0,2.0,2750.0,2200.0,1928.0,1,B3,447698,2019-05-02,bronx,710 EAST 215 STREET NYC
4,CAMBRIA HEIGHTS,01 ONE FAMILY DWELLINGS,1,11305,19,A5,115-87 223RD ST,11411.0,1.0,0.0,1.0,2000.0,1544.0,1935.0,1,A5,570000,2019-08-13,queens,115-87 223RD ST NYC
5,SOUTH BEACH,01 ONE FAMILY DWELLINGS,1,3257,5,A2,111 OLYMPIA BOULEVARD,10305.0,1.0,0.0,1.0,4200.0,2257.0,1960.0,1,A2,685000,2019-08-14,statenisland,111 OLYMPIA BOULEVARD NYC
3,OLD MILL BASIN,02 TWO FAMILY DWELLINGS,1,7874,47,B1,4916 AVENUE M,11234.0,2.0,0.0,2.0,2000.0,1600.0,1955.0,1,B1,550000,2019-03-01,brooklyn,4916 AVENUE M NYC
2,THROGS NECK,01 ONE FAMILY DWELLINGS,1,5423,12,A1,2912 SOMMER PLACE,10465.0,1.0,0.0,1.0,3125.0,1504.0,1920.0,1,A1,520000,2019-12-19,bronx,2912 SOMMER PLACE NYC
4,HOWARD BEACH,01 ONE FAMILY DWELLINGS,1,13979,15,A1,158-20 81ST STREET,11414.0,1.0,0.0,1.0,4360.0,2400.0,1965.0,1,A1,689419,2019-04-30,queens,158-20 81ST STREET NYC
3,CYPRESS HILLS,02 TWO FAMILY DWELLINGS,1,4117,55,B3,248 ETNA STREET,11208.0,2.0,0.0,2.0,1615.0,2019.0,1901.0,1,B3,675000,2019-06-20,brooklyn,248 ETNA STREET NYC
4,ST. ALBANS,01 ONE FAMILY DWELLINGS,1,12659,22,A2,202-19 120TH AVENUE,11412.0,1.0,0.0,1.0,3485.0,1008.0,1955.0,1,A2,489000,2019-04-03,queens,202-19 120TH AVENUE NYC
4,SPRINGFIELD GARDENS,01 ONE FAMILY DWELLINGS,1,12527,68,A1,176-28 129TH AVENUE,11434.0,1.0,0.0,1.0,2755.0,1442.0,1930.0,1,A1,515000,2019-04-12,queens,176-28 129TH AVENUE NYC
2,SOUNDVIEW,02 TWO FAMILY DWELLINGS,1,3757,14,B2,1116 LELAND AVENUE,10472.0,2.0,0.0,2.0,2500.0,2000.0,1935.0,1,B2,590000,2019-02-20,bronx,1116 LELAND AVENUE NYC
4,SOUTH OZONE PARK,02 TWO FAMILY DWELLINGS,1,11858,41,B2,135-14 125TH STREET,11420.0,2.0,0.0,2.0,4000.0,2444.0,1960.0,1,B2,930000,2019-10-23,queens,135-14 125TH STREET NYC
4,OZONE PARK,01 ONE FAMILY DWELLINGS,1,9150,52,A1,105-55 87TH STREET,11417.0,1.0,0.0,1.0,2300.0,1184.0,1925.0,1,A1,520000,2019-01-09,queens,105-55 87TH STREET NYC
4,QUEENS VILLAGE,01 ONE FAMILY DWELLINGS,1,10638,26,A1,91-28 VANDERVEER STREET,11428.0,1.0,0.0,1.0,4662.0,992.0,1920.0,1,A1,384575,2019-08-12,queens,91-28 VANDERVEER STREET NYC
4,ELMHURST,01 ONE FAMILY DWELLINGS,1,2470,23,A2,51-34 GORSLINE STREET,11373.0,1.0,0.0,1.0,2642.0,938.0,1940.0,1,A2,845000,2019-07-19,queens,51-34 GORSLINE STREET NYC
3,FLATBUSH-EAST,02 TWO FAMILY DWELLINGS,1,5005,62,B1,648 EAST 31ST STREET,11210.0,2.0,0.0,2.0,2000.0,2000.0,1920.0,1,B1,710000,2019-03-22,brooklyn,648 EAST 31ST STREET NYC
2,SOUNDVIEW,01 ONE FAMILY DWELLINGS,1,3460,5,A1,2011 GILDERSLEEVE AVE,10473.0,1.0,0.0,1.0,3400.0,2200.0,1930.0,1,A1,335000,2019-05-15,bronx,2011 GILDERSLEEVE AVE NYC
5,ELTINGVILLE,01 ONE FAMILY DWELLINGS,1,5654,2,A5,95 ANNADALE ROAD,10312.0,1.0,0.0,1.0,3201.0,1920.0,1975.0,1,A5,479000,2019-11-12,statenisland,95 ANNADALE ROAD NYC
5,SOUTH BEACH,02 TWO FAMILY DWELLINGS,1,3255,1,B2,227 KENSINGTON AVENUE,10305.0,2.0,0.0,2.0,4000.0,3150.0,1990.0,1,B2,999800,2019-04-15,statenisland,227 KENSINGTON AVENUE NYC
3,BOROUGH PARK,07 RENTALS - WALKUP APARTMENTS,2A,6559,55,C3,2355 65TH STREET,11204.0,4.0,0.0,4.0,2533.0,2600.0,1931.0,2,C3,1550000,2019-02-15,brooklyn,2355 65TH STREET NYC
5,MARINERS HARBOR,01 ONE FAMILY DWELLINGS,1,1236,133,A1,109 LOCKMAN AVENUE,10303.0,1.0,0.0,1.0,2835.0,768.0,1920.0,1,A1,435000,2019-09-06,statenisland,109 LOCKMAN AVENUE NYC
5,ROSEBANK,01 ONE FAMILY DWELLINGS,1,2858,24,A1,14 WHITE STREET,10305.0,1.0,0.0,1.0,3304.0,2266.0,1910.0,1,A1,543000,2019-08-27,statenisland,14 WHITE STREET NYC
4,SOUTH JAMAICA,01 ONE FAMILY DWELLINGS,1,10206,37,A1,111-14 169TH STREET,11433.0,1.0,0.0,1.0,2400.0,1264.0,1940.0,1,A1,450751,2019-08-09,queens,111-14 169TH STREET NYC
1,HARLEM-CENTRAL,37 RELIGIOUS FACILITIES,4,1913,49,M1,136 WEST 129TH,10027.0,0.0,1.0,1.0,2498.0,3414.0,1910.0,4,M1,1356000,2019-09-12,manhattan,136 WEST 129TH NYC
4,ASTORIA,03 THREE FAMILY DWELLINGS,1,551,133,C0,30-80 23RD STREET,11102.0,3.0,0.0,3.0,1242.0,4104.0,1965.0,1,C0,725000,2019-03-07,queens,30-80 23RD STREET NYC
4,FLUSHING-NORTH,01 ONE FAMILY DWELLINGS,1,4900,17,A0,163-24 25TH AVENUE,11357.0,1.0,0.0,1.0,3600.0,1234.0,1950.0,1,A0,864215,2019-08-29,queens,163-24 25TH AVENUE NYC
2,THROGS NECK,01 ONE FAMILY DWELLINGS,1,5603,34,A5,117 HOLLYWOOD AVENUE,10465.0,1.0,0.0,1.0,2087.0,1998.0,1960.0,1,A5,550000,2019-06-19,bronx,117 HOLLYWOOD AVENUE NYC
3,CONEY ISLAND,02 TWO FAMILY DWELLINGS,1,7014,51,S2,2423 MERMAID AVENUE,11224.0,2.0,1.0,3.0,1950.0,3218.0,1920.0,1,S2,825000,2019-11-05,brooklyn,2423 MERMAID AVENUE NYC
4,CORONA,07 RENTALS - WALKUP APARTMENTS,2A,1718,73,C3,33-13 103RD STREET,11368.0,4.0,0.0,4.0,2162.0,2576.0,1930.0,2,C3,1400000,2019-06-12,queens,33-13 103RD STREET NYC
2,THROGS NECK,02 TWO FAMILY DWELLINGS,1,5450,63,B1,286 HOLLYWOOD AVENUE,10465.0,2.0,0.0,2.0,2708.0,1600.0,1925.0,1,B1,750000,2019-05-21,bronx,286 HOLLYWOOD AVENUE NYC
4,FLUSHING-NORTH,03 THREE FAMILY DWELLINGS,1,5121,15,C0,133-12 SANFORD AVE,11355.0,3.0,0.0,3.0,2625.0,3328.0,1960.0,1,C0,1500000,2019-04-08,queens,133-12 SANFORD AVE NYC
4,HOLLIS,01 ONE FAMILY DWELLINGS,1,10484,126,A1,90-44 204 STREET,11423.0,1.0,0.0,1.0,2400.0,1280.0,1925.0,1,A1,500000,2019-12-13,queens,90-44 204 STREET NYC
4,LAURELTON,01 ONE FAMILY DWELLINGS,1,13156,57,A5,134-44 230 STREET,11413.0,1.0,0.0,1.0,2542.0,1368.0,1930.0,1,A5,352000,2019-05-20,queens,134-44 230 STREET NYC
5,WOODROW,02 TWO FAMILY DWELLINGS,1,7316,84,B9,57 DARNELL LANE,10309.0,2.0,0.0,2.0,2311.0,1500.0,1995.0,1,B2,620000,2019-06-20,statenisland,57 DARNELL LANE NYC
2,WESTCHESTER,02 TWO FAMILY DWELLINGS,1,3996,50,B1,2441 BUCK STREET,10461.0,2.0,0.0,2.0,1528.0,1600.0,1920.0,1,B1,350000,2019-07-31,bronx,2441 BUCK STREET NYC
2,WESTCHESTER,02 TWO FAMILY DWELLINGS,1,3969,32,B2,2304 LYON AVENUE,10462.0,2.0,0.0,2.0,2500.0,2196.0,1910.0,1,B2,760000,2019-12-30,bronx,2304 LYON AVENUE NYC
5,NEW DORP-BEACH,01 ONE FAMILY DWELLINGS,1,4079,7,A6,57 WATERSIDE STREET,10306.0,1.0,0.0,1.0,1800.0,800.0,1930.0,1,A6,365000,2019-08-01,statenisland,57 WATERSIDE STREET NYC
3,CANARSIE,02 TWO FAMILY DWELLINGS,1,8324,26,B2,1741 EAST 93RD STREET,11236.0,2.0,0.0,2.0,3175.0,3097.0,1960.0,1,B2,888856,2019-02-28,brooklyn,1741 EAST 93RD STREET NYC
4,SOUTH OZONE PARK,01 ONE FAMILY DWELLINGS,1,11803,15,A5,135-43 116TH STREET,11420.0,1.0,0.0,1.0,2000.0,1400.0,1950.0,1,A5,462000,2019-05-14,queens,135-43 116TH STREET NYC
3,BRIGHTON BEACH,02 TWO FAMILY DWELLINGS,1,8704,74,B3,3079 CONEY ISLAND AVENUE,11235.0,2.0,0.0,2.0,1800.0,1096.0,1920.0,1,B3,650000,2019-02-15,brooklyn,3079 CONEY ISLAND AVENUE NYC
3,EAST NEW YORK,01 ONE FAMILY DWELLINGS,1,4059,110,A5,565 HENDRIX STREET,11207.0,1.0,0.0,1.0,1800.0,1116.0,1989.0,1,A5,342699,2019-06-28,brooklyn,565 HENDRIX STREET NYC
4,ROSEDALE,02 TWO FAMILY DWELLINGS,1,13674,8,B3,257-08 148TH DRIVE,11422.0,2.0,0.0,2.0,4000.0,2228.0,1955.0,1,B3,840000,2019-05-17,queens,257-08 148TH DRIVE NYC
4,HOLLIS HILLS,01 ONE FAMILY DWELLINGS,1,7815,67,A1,85-15 211TH STREET,11427.0,1.0,0.0,1.0,4000.0,1790.0,1940.0,1,A1,912500,2019-07-02,queens,85-15 211TH STREET NYC
4,SOUTH JAMAICA,01 ONE FAMILY DWELLINGS,1,12147,51,A1,156-07 110 AVE,11433.0,1.0,0.0,1.0,2500.0,940.0,1925.0,1,A1,375000,2019-11-25,queens,156-07 110 AVE NYC
4,ELMHURST,02 TWO FAMILY DWELLINGS,1,1523,70,B3,42-41 77TH STREET,11373.0,2.0,0.0,2.0,2000.0,1344.0,1925.0,1,B3,995000,2019-12-16,queens,42-41 77TH STREET NYC
4,LITTLE NECK,01 ONE FAMILY DWELLINGS,1,8346,77,A5,57-56 LITTLE NECK PARKWAY,11362.0,1.0,0.0,1.0,3021.0,1296.0,1950.0,1,A5,805000,2019-07-17,queens,57-56 LITTLE NECK PARKWAY NYC
2,WILLIAMSBRIDGE,07 RENTALS - WALKUP APARTMENTS,2A,4862,80,C3,948 EAST 227 STREET,10466.0,4.0,0.0,4.0,2735.0,2940.0,1931.0,2,C3,600000,2019-08-19,bronx,948 EAST 227 STREET NYC
4,SPRINGFIELD GARDENS,01 ONE FAMILY DWELLINGS,1,12580,137,A1,138-08 175TH STREET,11434.0,1.0,0.0,1.0,4060.0,1456.0,1935.0,1,A1,480000,2019-06-05,queens,138-08 175TH STREET NYC
3,CROWN HEIGHTS,02 TWO FAMILY DWELLINGS,1,1373,61,B1,1489 STERLING PLACE,11213.0,2.0,0.0,2.0,2555.0,3492.0,1901.0,1,B1,775000,2019-06-14,brooklyn,1489 STERLING PLACE NYC
3,GRAVESEND,01 ONE FAMILY DWELLINGS,1,6599,59,A5,1583 WEST 8TH STREET,11204.0,1.0,0.0,1.0,1155.0,980.0,1930.0,1,A5,660000,2019-11-27,brooklyn,1583 WEST 8TH STREET NYC
4,FLUSHING-NORTH,01 ONE FAMILY DWELLINGS,1,5530,32,A1,189-12 45TH AVENUE,11358.0,1.0,0.0,1.0,3000.0,1530.0,1920.0,1,A1,855000,2019-09-26,queens,189-12 45TH AVENUE NYC
3,FLATBUSH-EAST,01 ONE FAMILY DWELLINGS,1,4910,21,A9,284 EAST 43RD STREET,11203.0,1.0,0.0,1.0,2000.0,1472.0,1920.0,1,A9,679000,2019-02-21,brooklyn,284 EAST 43RD STREET NYC
3,FLATBUSH-NORTH,02 TWO FAMILY DWELLINGS,1,4623,26,B1,78 EAST 54TH STREET,11203.0,2.0,0.0,2.0,1397.0,1740.0,1935.0,1,B1,580000,2019-01-08,brooklyn,78 EAST 54TH STREET NYC
4,EAST ELMHURST,01 ONE FAMILY DWELLINGS,1,1375,37,A2,26-51 95TH STREET,11369.0,1.0,0.0,1.0,1785.0,1932.0,1935.0,1,A2,525000,2019-05-02,queens,26-51 95TH STREET NYC
3,MARINE PARK,02 TWO FAMILY DWELLINGS,1,6840,20,B3,1834 STUART STREET,11229.0,2.0,0.0,2.0,1800.0,1890.0,1930.0,1,B3,670000,2019-12-20,brooklyn,1834 STUART STREET NYC
4,BROAD CHANNEL,01 ONE FAMILY DWELLINGS,1,15400,30,A1,9 EAST 6TH ROAD,11693.0,1.0,0.0,1.0,3360.0,1920.0,1987.0,1,A1,400000,2019-11-13,queens,9 EAST 6TH ROAD NYC
5,GREAT KILLS,01 ONE FAMILY DWELLINGS,1,5489,124,A2,183 CORTELYOU AVENUE,10312.0,1.0,0.0,1.0,3800.0,1680.0,1970.0,1,A2,620000,2019-01-30,statenisland,183 CORTELYOU AVENUE NYC
2,SOUNDVIEW,02 TWO FAMILY DWELLINGS,1,3525,24,B2,526 LELAND AVENUE,10473.0,2.0,0.0,2.0,2500.0,2266.0,2006.0,1,B2,425000,2019-08-01,bronx,526 LELAND AVENUE NYC
5,GRANT CITY,03 THREE FAMILY DWELLINGS,1,3590,41,C0,224 MIDLAND AVENUE,10306.0,3.0,0.0,3.0,2946.0,1540.0,2004.0,1,C0,745000,2019-04-23,statenisland,224 MIDLAND AVENUE NYC
2,SCHUYLERVILLE/PELHAM BAY,02 TWO FAMILY DWELLINGS,1,4237,19,B1,3143 SCHUYLER PLACE,10461.0,2.0,0.0,2.0,2500.0,2507.0,1950.0,1,B1,500000,2019-07-12,bronx,3143 SCHUYLER PLACE NYC
3,GRAVESEND,02 TWO FAMILY DWELLINGS,1,6882,69,B1,92 BAY 43RD STREET,11214.0,2.0,0.0,2.0,1933.0,1297.0,1960.0,1,B1,920000,2019-07-01,brooklyn,92 BAY 43RD STREET NYC
4,FLUSHING-NORTH,01 ONE FAMILY DWELLINGS,1,6422,25,A5,148-35 58TH ROAD,11355.0,1.0,0.0,1.0,1800.0,1296.0,1950.0,1,A5,885000,2019-01-10,queens,148-35 58TH ROAD NYC
3,BEDFORD STUYVESANT,02 TWO FAMILY DWELLINGS,1,1687,51,B1,284 PATCHEN AVENUE,11233.0,2.0,0.0,2.0,1200.0,2412.0,2017.0,1,B1,1330000,2019-12-20,brooklyn,284 PATCHEN AVENUE NYC
5,WESTERLEIGH,01 ONE FAMILY DWELLINGS,1,470,40,A1,390 LIVERMORE AVENUE,10314.0,1.0,0.0,1.0,4278.0,1228.0,1925.0,1,A1,699000,2019-11-26,statenisland,390 LIVERMORE AVENUE NYC
3,GRAVESEND,01 ONE FAMILY DWELLINGS,1,7085,70,A1,420 APPLEGATE COURT,11223.0,1.0,0.0,1.0,1840.0,1036.0,1925.0,1,A1,785000,2019-05-17,brooklyn,420 APPLEGATE COURT NYC
5,ARDEN HEIGHTS,01 ONE FAMILY DWELLINGS,1,6043,13,A5,84 EVERTON AVENUE,10312.0,1.0,0.0,1.0,1043.0,1008.0,1986.0,1,A5,317625,2019-08-13,statenisland,84 EVERTON AVENUE NYC
4,SO. JAMAICA-BAISLEY PARK,02 TWO FAMILY DWELLINGS,1,12011,20,B2,117-27 139TH STREET,11436.0,2.0,0.0,2.0,2375.0,2088.0,2009.0,1,B2,725000,2019-04-26,queens,117-27 139TH STREET NYC
4,MASPETH,01 ONE FAMILY DWELLINGS,1,2693,16,A1,59-10 57TH ROAD,11378.0,1.0,0.0,1.0,2700.0,960.0,1920.0,1,A1,580000,2019-10-29,queens,59-10 57TH ROAD NYC
5,GREAT KILLS,01 ONE FAMILY DWELLINGS,1,5195,11,A5,39 CORAL COURT,10308.0,1.0,0.0,1.0,2350.0,1500.0,2000.0,1,A5,610000,2019-02-26,statenisland,39 CORAL COURT NYC
3,MADISON,01 ONE FAMILY DWELLINGS,1,6819,25,A1,1846 EAST 14TH STREET,11229.0,1.0,0.0,1.0,2000.0,1220.0,1920.0,1,A1,995000,2019-06-13,brooklyn,1846 EAST 14TH STREET NYC
3,WINDSOR TERRACE,01 ONE FAMILY DWELLINGS,1,5270,48,A2,117 GREENWOOD AVENUE,11218.0,1.0,0.0,1.0,2150.0,1650.0,1940.0,1,A2,1450000,2019-07-08,brooklyn,117 GREENWOOD AVENUE NYC
4,ROSEDALE,01 ONE FAMILY DWELLINGS,1,13668,5,A5,255-40 148TH DRIVE,11422.0,1.0,0.0,1.0,2185.0,1728.0,1960.0,1,A5,469000,2019-11-26,queens,255-40 148TH DRIVE NYC
3,MADISON,01 ONE FAMILY DWELLINGS,1,6808,69,A1,3859 BEDFORD AVENUE,11229.0,1.0,0.0,1.0,2000.0,1328.0,1930.0,1,A1,810000,2019-11-21,brooklyn,3859 BEDFORD AVENUE NYC
4,GLENDALE,01 ONE FAMILY DWELLINGS,1,3651,40,A9,69-11 67TH PLACE,11385.0,1.0,0.0,1.0,1940.0,1314.0,1930.0,1,A9,618000,2019-10-01,queens,69-11 67TH PLACE NYC
3,FLATBUSH-CENTRAL,02 TWO FAMILY DWELLINGS,1,5210,27,S2,1233 FLATBUSH AVENUE,11226.0,2.0,1.0,3.0,2670.0,3620.0,1910.0,1,S2,950000,2019-07-10,brooklyn,1233 FLATBUSH AVENUE NYC
4,ROSEDALE,01 ONE FAMILY DWELLINGS,1,13207,7,A2,243-07 134TH AVENUE,11422.0,1.0,0.0,1.0,4000.0,1493.0,1950.0,1,A2,560000,2019-05-17,queens,243-07 134TH AVENUE NYC
4,OZONE PARK,02 TWO FAMILY DWELLINGS,1,11491,65,B3,94-19 134TH AVENUE,11417.0,2.0,0.0,2.0,2500.0,1356.0,1930.0,1,B3,515000,2019-01-23,queens,94-19 134TH AVENUE NYC
3,MADISON,02 TWO FAMILY DWELLINGS,1,6830,67,B3,1845 E 24 ST,11229.0,2.0,0.0,2.0,4000.0,2716.0,1940.0,1,B3,1650000,2019-07-05,brooklyn,1845 E 24 ST NYC
2,CASTLE HILL/UNIONPORT,01 ONE FAMILY DWELLINGS,1,3692,67,A1,2229 HERMANY AVENUE,10473.0,1.0,0.0,1.0,2575.0,2150.0,1925.0,1,A1,549000,2019-08-19,bronx,2229 HERMANY AVENUE NYC
4,CAMBRIA HEIGHTS,01 ONE FAMILY DWELLINGS,1,12795,104,A2,119-13 235TH STREET,11411.0,1.0,0.0,1.0,4900.0,1062.0,1950.0,1,A2,460000,2019-10-01,queens,119-13 235TH STREET NYC
3,CANARSIE,01 ONE FAMILY DWELLINGS,1,8251,50,A5,10575 FLATLANDS 3 STREET,11236.0,1.0,0.0,1.0,2700.0,2310.0,1965.0,1,A5,625000,2019-08-13,brooklyn,10575 FLATLANDS 3 STREET NYC
4,FLUSHING-NORTH,01 ONE FAMILY DWELLINGS,1,5594,42,A2,50-28 175 PLACE,11365.0,1.0,0.0,1.0,4000.0,1092.0,1950.0,1,A2,880000,2019-03-26,queens,50-28 175 PLACE NYC
4,SOUTH JAMAICA,01 ONE FAMILY DWELLINGS,1,12152,20,A1,109-31 UNION HALL STREET,11433.0,1.0,0.0,1.0,2886.0,1248.0,1920.0,1,A1,370110,2019-10-29,queens,109-31 UNION HALL STREET NYC
2,BAYCHESTER,02 TWO FAMILY DWELLINGS,1,4983,22,B1,4046 DE REIMER AVENUE,10466.0,2.0,0.0,2.0,2375.0,2760.0,2018.0,1,B1,795000,2019-01-22,bronx,4046 DE REIMER AVENUE NYC
5,BULLS HEAD,01 ONE FAMILY DWELLINGS,1,2155,83,A1,79 CARNEGIE AVENUE,10314.0,1.0,0.0,1.0,4100.0,1986.0,1970.0,1,A1,680000,2019-09-16,statenisland,79 CARNEGIE AVENUE NYC
3,CANARSIE,02 TWO FAMILY DWELLINGS,1,8209,39,B1,101-10 FLATLANDS AVENUE,11236.0,2.0,0.0,2.0,2000.0,1560.0,1960.0,1,B1,790000,2019-05-20,brooklyn,101-10 FLATLANDS AVENUE NYC
4,RICHMOND HILL,01 ONE FAMILY DWELLINGS,1,9591,107,A1,131-07 107 AVENUE,11419.0,1.0,0.0,1.0,3000.0,1608.0,1920.0,1,A1,640000,2019-02-20,queens,131-07 107 AVENUE NYC
3,OCEAN HILL,02 TWO FAMILY DWELLINGS,1,1458,128,B1,374 SARATOGA AVENUE,11233.0,2.0,0.0,2.0,2065.0,2970.0,2001.0,1,B1,729000,2019-07-31,brooklyn,374 SARATOGA AVENUE NYC
4,SO. JAMAICA-BAISLEY PARK,02 TWO FAMILY DWELLINGS,1,11990,25,B3,145-33 116TH AVENUE,11436.0,2.0,0.0,2.0,4000.0,2378.0,1930.0,1,B3,805000,2019-12-23,queens,145-33 116TH AVENUE NYC
3,WILLIAMSBURG-EAST,02 TWO FAMILY DWELLINGS,1,2769,33,B9,183 AINSLIE STREET,11211.0,2.0,0.0,2.0,2785.0,2328.0,1901.0,1,B9,1800000,2019-02-26,brooklyn,183 AINSLIE STREET NYC
4,QUEENS VILLAGE,01 ONE FAMILY DWELLINGS,1,11206,69,A0,22315 111 AVENUE,11429.0,1.0,0.0,1.0,4000.0,1110.0,1950.0,1,A0,425880,2019-08-19,queens,22315 111 AVENUE NYC
4,HOLLIS,02 TWO FAMILY DWELLINGS,1,10375,9,B2,188-10 104 AVE,11412.0,2.0,0.0,2.0,4000.0,3158.0,1925.0,1,B2,660000,2019-06-27,queens,188-10 104 AVE NYC
5,NEW BRIGHTON,02 TWO FAMILY DWELLINGS,1,28,31,B2,241 WESTERVELT AVENUE,10301.0,2.0,0.0,2.0,3552.0,2500.0,1901.0,1,B2,626288,2019-05-16,statenisland,241 WESTERVELT AVENUE NYC
5,SOUTH BEACH,01 ONE FAMILY DWELLINGS,1,3491,5,A5,413 FATHER CAPODANNO BL,10305.0,1.0,0.0,1.0,2002.0,1030.0,2001.0,1,A5,540000,2019-08-13,statenisland,413 FATHER CAPODANNO BL NYC
2,WAKEFIELD,02 TWO FAMILY DWELLINGS,1,5096,22,B2,4444 WILDER AVENUE,10466.0,2.0,0.0,2.0,2463.0,1430.0,1935.0,1,B2,352365,2019-04-12,bronx,4444 WILDER AVENUE NYC
3,OCEAN HILL,02 TWO FAMILY DWELLINGS,1,1574,10,B1,1 JARDINE PLACE,11233.0,2.0,0.0,2.0,1581.0,1626.0,1920.0,1,B1,735000,2019-07-03,brooklyn,1 JARDINE PLACE NYC
5,SOUTH BEACH,02 TWO FAMILY DWELLINGS,1,3392,16,B2,95 OBERLIN STREET,10305.0,2.0,0.0,2.0,4357.0,1460.0,1965.0,1,B2,835000,2019-08-06,statenisland,95 OBERLIN STREET NYC
5,ARDEN HEIGHTS,01 ONE FAMILY DWELLINGS,1,5741,26,A5,102 ILYSSA WAY,10312.0,1.0,0.0,1.0,500.0,1354.0,1996.0,1,A5,310000,2019-06-13,statenisland,102 ILYSSA WAY NYC
4,OZONE PARK,02 TWO FAMILY DWELLINGS,1,9539,80,B1,107-71 100TH STREET,11417.0,2.0,0.0,2.0,2167.0,2772.0,1960.0,1,B1,830000,2019-08-19,queens,107-71 100TH STREET NYC
3,MARINE PARK,01 ONE FAMILY DWELLINGS,1,8818,32,A5,2260 STUART ST,11229.0,1.0,0.0,1.0,1817.0,1092.0,1925.0,1,A5,600000,2019-08-26,brooklyn,2260 STUART ST NYC
4,LAURELTON,01 ONE FAMILY DWELLINGS,1,13159,21,A1,134-23 231ST STREET,11413.0,1.0,0.0,1.0,3200.0,1297.0,1930.0,1,A1,500000,2019-05-31,queens,134-23 231ST STREET NYC
5,PORT RICHMOND,22 STORE BUILDINGS,4,1022,1,K2,139 PORT RICHMOND AVENUE,10302.0,0.0,1.0,1.0,2000.0,4000.0,1931.0,4,K2,525000,2019-12-27,statenisland,139 PORT RICHMOND AVENUE NYC
2,WILLIAMSBRIDGE,03 THREE FAMILY DWELLINGS,1,4685,46,C0,924 EAST 215TH STREET,10469.0,3.0,0.0,3.0,2375.0,2784.0,1925.0,1,C0,770000,2019-11-06,bronx,924 EAST 215TH STREET NYC
4,FLUSHING-NORTH,02 TWO FAMILY DWELLINGS,1,5299,37,B3,35-14 172ND STREET,11358.0,2.0,0.0,2.0,4000.0,1324.0,1935.0,1,B3,800000,2019-11-08,queens,35-14 172ND STREET NYC
5,PORT RICHMOND,02 TWO FAMILY DWELLINGS,1,1039,54,B2,35 MITCHEL LANE,10302.0,2.0,0.0,2.0,2275.0,1350.0,2003.0,1,B2,642035,2019-12-12,statenisland,35 MITCHEL LANE NYC
4,FLUSHING-NORTH,01 ONE FAMILY DWELLINGS,1,5216,2,A1,140-18 LABURNUM AVE,11355.0,1.0,0.0,1.0,3780.0,1616.0,1920.0,1,A1,990000,2019-11-15,queens,140-18 LABURNUM AVE NYC
3,GOWANUS,30 WAREHOUSES,4,440,24,E1,538 UNION STREET,11215.0,0.0,1.0,1.0,1800.0,1800.0,1931.0,4,E1,829000,2019-05-08,brooklyn,538 UNION STREET NYC
3,EAST NEW YORK,02 TWO FAMILY DWELLINGS,1,3992,5,B2,123 MONTAUK AVENUE,11208.0,2.0,0.0,2.0,2000.0,1512.0,1901.0,1,B2,507000,2019-12-18,brooklyn,123 MONTAUK AVENUE NYC
3,GREENPOINT,27 FACTORIES,4,2582,103,F5,345 CALYER STREET,11222.0,0.0,1.0,1.0,3000.0,4000.0,1931.0,4,F5,1450000,2019-11-21,brooklyn,345 CALYER STREET NYC
5,NEW SPRINGVILLE,01 ONE FAMILY DWELLINGS,1,2381,55,A1,754 KLONDIKE AVENUE,10314.0,1.0,0.0,1.0,4515.0,2190.0,1970.0,1,A1,771000,2019-10-29,statenisland,754 KLONDIKE AVENUE NYC
3,GRAVESEND,03 THREE FAMILY DWELLINGS,1,6912,34,C0,2652 HARWAY AVENUE,11214.0,3.0,0.0,3.0,2473.0,3265.0,1965.0,1,C0,1150000,2019-10-16,brooklyn,2652 HARWAY AVENUE NYC
3,BEDFORD STUYVESANT,02 TWO FAMILY DWELLINGS,1,1806,121,B1,494 LEXINGTON AVENUE,11221.0,2.0,0.0,2.0,2916.0,1920.0,1993.0,1,B1,850000,2019-07-25,brooklyn,494 LEXINGTON AVENUE NYC
3,EAST NEW YORK,03 THREE FAMILY DWELLINGS,1,3988,24,C0,346 SHEPHERD AVENUE,11208.0,3.0,0.0,3.0,2500.0,2415.0,1910.0,1,C0,849000,2019-12-05,brooklyn,346 SHEPHERD AVENUE NYC
4,BELLEROSE,01 ONE FAMILY DWELLINGS,1,7988,45,A1,89-40 241 STREET,11426.0,1.0,0.0,1.0,3000.0,1506.0,1930.0,1,A1,640000,2019-01-30,queens,89-40 241 STREET NYC
4,FLORAL PARK,01 ONE FAMILY DWELLINGS,1,8756,48,A1,82-18 263RD ST,11004.0,1.0,0.0,1.0,4000.0,1682.0,1950.0,1,A1,635000,2019-04-30,queens,82-18 263RD ST NYC
5,WILLOWBROOK,02 TWO FAMILY DWELLINGS,1,1988,105,B9,55 WASHINGTON AVENUE,10314.0,2.0,0.0,2.0,3492.0,2781.0,1985.0,1,B9,750000,2019-12-03,statenisland,55 WASHINGTON AVENUE NYC
5,PRINCES BAY,02 TWO FAMILY DWELLINGS,1,6724,110,B2,127 WATERBURY AVENUE,10309.0,2.0,0.0,2.0,4320.0,1750.0,2004.0,1,B2,750000,2019-08-15,statenisland,127 WATERBURY AVENUE NYC
4,FLUSHING-NORTH,01 ONE FAMILY DWELLINGS,1,5525,52,A5,45-18 172ND STREET,11358.0,1.0,0.0,1.0,2587.0,1833.0,1940.0,1,A5,840000,2019-08-02,queens,45-18 172ND STREET NYC
4,ST. ALBANS,01 ONE FAMILY DWELLINGS,1,10402,45,A1,188-34 DORMANS ROAD,11412.0,1.0,0.0,1.0,4000.0,1846.0,1920.0,1,A1,558260,2019-07-12,queens,188-34 DORMANS ROAD NYC
3,BAY RIDGE,01 ONE FAMILY DWELLINGS,1,6100,21,A1,44 OLIVER STREET,11209.0,1.0,0.0,1.0,2500.0,1808.0,1925.0,1,A1,1368333,2019-08-23,brooklyn,44 OLIVER STREET NYC
3,MARINE PARK,01 ONE FAMILY DWELLINGS,1,8503,42,A9,3600 FILLMORE AVENUE,11234.0,1.0,0.0,1.0,1445.0,1064.0,1925.0,1,A9,620000,2019-11-18,brooklyn,3600 FILLMORE AVENUE NYC
4,FLUSHING-NORTH,01 ONE FAMILY DWELLINGS,1,5215,41,A5,146-15 LABURNUM AVENUE,11355.0,1.0,0.0,1.0,2916.0,1188.0,1950.0,1,A5,747000,2019-01-25,queens,146-15 LABURNUM AVENUE NYC
5,NEW BRIGHTON,01 ONE FAMILY DWELLINGS,1,59,56,A1,34 FILLMORE STREET,10301.0,1.0,0.0,1.0,2700.0,1644.0,1920.0,1,A1,392857,2019-05-10,statenisland,34 FILLMORE STREET NYC
4,OZONE PARK,02 TWO FAMILY DWELLINGS,1,9021,27,B3,85-05 97TH AVENUE,11416.0,2.0,0.0,2.0,1800.0,1980.0,1910.0,1,B3,460000,2019-05-02,queens,85-05 97TH AVENUE NYC
3,OCEAN HILL,02 TWO FAMILY DWELLINGS,1,1561,31,B9,254A SARATOGA AVENUE,11233.0,2.0,0.0,2.0,1593.0,1920.0,1901.0,1,B9,999000,2019-11-04,brooklyn,254A SARATOGA AVENUE NYC
4,JACKSON HEIGHTS,02 TWO FAMILY DWELLINGS,1,1289,50,B1,37-55 78TH STREET,11372.0,2.0,0.0,2.0,1842.0,1782.0,1935.0,1,B1,1100000,2019-03-07,queens,37-55 78TH STREET NYC
4,QUEENS VILLAGE,01 ONE FAMILY DWELLINGS,1,11201,51,A1,108-15 221ST STREET,11429.0,1.0,0.0,1.0,2730.0,1264.0,1915.0,1,A1,357250,2019-10-25,queens,108-15 221ST STREET NYC
3,BOROUGH PARK,03 THREE FAMILY DWELLINGS,1,5496,64,C0,1529 58TH STREET,11219.0,3.0,0.0,3.0,2400.0,3600.0,1989.0,1,C0,1850000,2019-10-11,brooklyn,1529 58TH STREET NYC
2,THROGS NECK,02 TWO FAMILY DWELLINGS,1,5582,98,B1,349 HUNTINGTON AVENUE,10465.0,2.0,0.0,2.0,2200.0,2288.0,2000.0,1,B1,775000,2019-06-28,bronx,349 HUNTINGTON AVENUE NYC
5,ELTINGVILLE,01 ONE FAMILY DWELLINGS,1,5600,36,A2,44 MEMPHIS AVENUE,10312.0,1.0,0.0,1.0,4000.0,1848.0,1975.0,1,A2,620000,2019-12-27,statenisland,44 MEMPHIS AVENUE NYC
1,GRAMERCY,02 TWO FAMILY DWELLINGS,1,902,55,S2,"235 EAST 22ND STREET, 7M",10010.0,2.0,1.0,3.0,1650.0,4488.0,1910.0,1,S2,425000,2019-09-18,manhattan,"235 EAST 22ND STREET, 7M NYC"
4,FLUSHING-SOUTH,01 ONE FAMILY DWELLINGS,1,6606,48,A5,138-18 76TH AVENUE,11367.0,1.0,0.0,1.0,2232.0,1224.0,1945.0,1,A5,808000,2019-12-05,queens,138-18 76TH AVENUE NYC
3,FLATBUSH-EAST,02 TWO FAMILY DWELLINGS,1,4702,38,B2,5419 SNYDER AVENUE,11203.0,2.0,0.0,2.0,4000.0,2160.0,1925.0,1,B2,450000,2019-04-09,brooklyn,5419 SNYDER AVENUE NYC
4,SOUTH OZONE PARK,01 ONE FAMILY DWELLINGS,1,11779,12,A1,131-33 134TH STREET,11420.0,1.0,0.0,1.0,3072.0,1298.0,1930.0,1,A1,610000,2019-05-30,queens,131-33 134TH STREET NYC
5,DONGAN HILLS,01 ONE FAMILY DWELLINGS,1,3307,105,A2,104 WILSON STREET,10304.0,1.0,0.0,1.0,4750.0,988.0,1955.0,1,A2,618000,2019-07-29,statenisland,104 WILSON STREET NYC
3,SUNSET PARK,02 TWO FAMILY DWELLINGS,1,822,58,B9,333 55TH STREET,11220.0,2.0,0.0,2.0,2003.0,2502.0,1901.0,1,B9,985000,2019-06-20,brooklyn,333 55TH STREET NYC
4,SOUTH JAMAICA,01 ONE FAMILY DWELLINGS,1,11937,83,A1,143-46 110 AVENUE,11435.0,1.0,0.0,1.0,2433.0,1248.0,1920.0,1,A1,625000,2019-10-30,queens,143-46 110 AVENUE NYC
4,RIDGEWOOD,02 TWO FAMILY DWELLINGS,1,3602,21,B2,64-18 65TH PLACE,11379.0,2.0,0.0,2.0,2000.0,1920.0,1925.0,1,B2,452000,2019-10-03,queens,64-18 65TH PLACE NYC
4,WOODSIDE,01 ONE FAMILY DWELLINGS,1,2341,4,A1,48-57 58TH STREET,11377.0,1.0,0.0,1.0,1338.0,1186.0,1925.0,1,A1,675000,2019-02-22,queens,48-57 58TH STREET NYC
3,FLATBUSH-EAST,01 ONE FAMILY DWELLINGS,1,4784,3,A5,4906 FOSTER AVENUE,11203.0,1.0,0.0,1.0,1907.0,1604.0,1920.0,1,A5,625000,2019-07-29,brooklyn,4906 FOSTER AVENUE NYC
4,RICHMOND HILL,01 ONE FAMILY DWELLINGS,1,9461,22,A1,97-30 123RD STREET,11419.0,1.0,0.0,1.0,2282.0,1110.0,1920.0,1,A1,515000,2019-01-14,queens,97-30 123RD STREET NYC
3,MARINE PARK,01 ONE FAMILY DWELLINGS,1,8481,61,A9,1822 EAST 38TH STREET,11234.0,1.0,0.0,1.0,1800.0,924.0,1925.0,1,A9,485000,2019-08-23,brooklyn,1822 EAST 38TH STREET NYC
5,MIDLAND BEACH,01 ONE FAMILY DWELLINGS,1,3718,54,A9,455 ADAMS AVENUE,10306.0,1.0,0.0,1.0,3294.0,1760.0,1975.0,1,A9,630000,2019-08-06,statenisland,455 ADAMS AVENUE NYC
5,HUGUENOT,02 TWO FAMILY DWELLINGS,1,6848,59,B2,665 SINCLAIR AVENUE,10312.0,2.0,0.0,2.0,4275.0,1880.0,1970.0,1,B2,605000,2019-06-18,statenisland,665 SINCLAIR AVENUE NYC
3,GRAVESEND,01 ONE FAMILY DWELLINGS,1,6628,31,A9,1660 WEST 3RD STREET,11223.0,1.0,0.0,1.0,2000.0,1428.0,1930.0,1,A9,830000,2019-12-11,brooklyn,1660 WEST 3RD STREET NYC
3,SHEEPSHEAD BAY,02 TWO FAMILY DWELLINGS,1,7428,9,B9,3092 AVENUE X,11235.0,2.0,0.0,2.0,3000.0,2265.0,1955.0,1,B9,1050000,2019-02-12,brooklyn,3092 AVENUE X NYC
3,GRAVESEND,01 ONE FAMILY DWELLINGS,1,6647,35,A5,1756 WEST 9TH STREET,11223.0,1.0,0.0,1.0,1700.0,1128.0,1910.0,1,A5,900000,2019-12-27,brooklyn,1756 WEST 9TH STREET NYC
4,ARVERNE,02 TWO FAMILY DWELLINGS,1,15954,9,B2,416 BEACH 38 STREET,11691.0,2.0,0.0,2.0,3000.0,1728.0,1931.0,1,B2,376500,2019-12-20,queens,416 BEACH 38 STREET NYC
2,PELHAM GARDENS,01 ONE FAMILY DWELLINGS,1,4486,27,A5,2544 MICKLE AVENUE,10469.0,1.0,0.0,1.0,2000.0,1400.0,1931.0,1,A5,352450,2019-05-15,bronx,2544 MICKLE AVENUE NYC
4,WOODHAVEN,01 ONE FAMILY DWELLINGS,1,8982,43,A9,91-49 88TH STREET,11421.0,1.0,0.0,1.0,1667.0,1176.0,1920.0,1,A9,414560,2019-08-23,queens,91-49 88TH STREET NYC
3,SHEEPSHEAD BAY,01 ONE FAMILY DWELLINGS,1,7385,18,A5,2226 EAST 28TH STREET,11229.0,1.0,0.0,1.0,1600.0,1624.0,1940.0,1,A5,692000,2019-10-03,brooklyn,2226 EAST 28TH STREET NYC
4,ST. ALBANS,01 ONE FAMILY DWELLINGS,1,10986,12,A1,112-21 209TH STREET,11429.0,1.0,0.0,1.0,2860.0,1600.0,1920.0,1,A1,310000,2019-06-13,queens,112-21 209TH STREET NYC
4,SOUTH JAMAICA,01 ONE FAMILY DWELLINGS,1,10195,4,A1,167-08 110 AVENUE,11433.0,1.0,0.0,1.0,3640.0,1544.0,1930.0,1,A1,462133,2019-07-12,queens,167-08 110 AVENUE NYC
4,CORONA,02 TWO FAMILY DWELLINGS,1,1766,70,B2,37-67 100TH STREET,11368.0,2.0,0.0,2.0,2638.0,2192.0,1925.0,1,B2,930000,2019-07-24,queens,37-67 100TH STREET NYC
5,NEW DORP,02 TWO FAMILY DWELLINGS,1,3633,43,B3,140 OTIS AVENUE,10306.0,2.0,0.0,2.0,4000.0,1848.0,1920.0,1,B3,798950,2019-08-15,statenisland,140 OTIS AVENUE NYC
3,OCEAN PARKWAY-SOUTH,02 TWO FAMILY DWELLINGS,1,7176,3,B1,342 AVENUE W,11223.0,2.0,0.0,2.0,2000.0,1792.0,1925.0,1,B1,920000,2019-11-05,brooklyn,342 AVENUE W NYC
4,REGO PARK,02 TWO FAMILY DWELLINGS,1,3112,8,B3,63-16 CARLTON STREET,11374.0,2.0,0.0,2.0,4000.0,2105.0,1928.0,1,B3,1315000,2019-12-20,queens,63-16 CARLTON STREET NYC
2,BAYCHESTER,02 TWO FAMILY DWELLINGS,1,4761,29,B3,3172 FENTON AVENUE,10469.0,2.0,0.0,2.0,2500.0,1768.0,1945.0,1,B3,529000,2019-10-18,bronx,3172 FENTON AVENUE NYC
4,FLORAL PARK,01 ONE FAMILY DWELLINGS,1,8739,40,A0,81-12 265TH STREET,11004.0,1.0,0.0,1.0,4142.0,1092.0,1945.0,1,A0,635000,2019-01-17,queens,81-12 265TH STREET NYC
4,FRESH MEADOWS,01 ONE FAMILY DWELLINGS,1,7207,54,A2,75-41 190TH STREET,11366.0,1.0,0.0,1.0,4000.0,1485.0,1950.0,1,A2,825000,2019-08-14,queens,75-41 190TH STREET NYC
2,SOUNDVIEW,03 THREE FAMILY DWELLINGS,1,3493,69,C0,415 ST. LAWRENCE AVENUE,10473.0,3.0,0.0,3.0,1967.0,2650.0,1975.0,1,C0,670000,2019-06-04,bronx,415 ST. LAWRENCE AVENUE NYC
3,GRAVESEND,01 ONE FAMILY DWELLINGS,1,6600,37,A9,1574 WEST 6TH STREET,11204.0,1.0,0.0,1.0,2000.0,1170.0,1925.0,1,A9,830000,2019-02-20,brooklyn,1574 WEST 6TH STREET NYC
5,SUNNYSIDE,02 TWO FAMILY DWELLINGS,1,657,14,B2,96 SENECA AVENUE,10301.0,2.0,0.0,2.0,4000.0,1932.0,1960.0,1,B2,697500,2019-01-04,statenisland,96 SENECA AVENUE NYC
4,ARVERNE,02 TWO FAMILY DWELLINGS,1,16029,19,B9,636 BEACH 69 STREET,11692.0,2.0,0.0,2.0,2725.0,1848.0,1960.0,1,B9,520000,2019-09-23,queens,636 BEACH 69 STREET NYC
3,GOWANUS,02 TWO FAMILY DWELLINGS,1,1015,27,B9,256 10TH STREET,11215.0,2.0,0.0,2.0,1667.0,1440.0,1901.0,1,B9,1100000,2019-02-15,brooklyn,256 10TH STREET NYC
3,OLD MILL BASIN,01 ONE FAMILY DWELLINGS,1,8402,30,A9,2025 E 59 ST,11234.0,1.0,0.0,1.0,3008.0,1245.0,1945.0,1,A9,605000,2019-05-28,brooklyn,2025 E 59 ST NYC
1,WASHINGTON HEIGHTS UPPER,01 ONE FAMILY DWELLINGS,1,2170,22,A9,286 WADSWORTH AVENUE,10040.0,1.0,0.0,1.0,2248.0,1914.0,1901.0,1,A9,945000,2019-06-13,manhattan,286 WADSWORTH AVENUE NYC
4,ST. ALBANS,01 ONE FAMILY DWELLINGS,1,12629,59,A5,118-19 200TH STREET,11412.0,1.0,0.0,1.0,2600.0,1566.0,1930.0,1,A5,435000,2019-01-24,queens,118-19 200TH STREET NYC
4,JACKSON HEIGHTS,03 THREE FAMILY DWELLINGS,1,1045,39,C0,24-55 81ST STREET,11370.0,3.0,0.0,3.0,1640.0,2022.0,1987.0,1,C0,1150000,2019-06-20,queens,24-55 81ST STREET NYC
5,BULLS HEAD,01 ONE FAMILY DWELLINGS,1,1597,38,A5,385 HILLMAN AVENUE,10314.0,1.0,0.0,1.0,3000.0,1392.0,1970.0,1,A5,665000,2019-03-12,statenisland,385 HILLMAN AVENUE NYC
4,BAYSIDE,01 ONE FAMILY DWELLINGS,1,5774,1,A5,15-03 UTOPIA PARKWAY,11357.0,1.0,0.0,1.0,2800.0,1826.0,1960.0,1,A5,860000,2019-02-05,queens,15-03 UTOPIA PARKWAY NYC
4,QUEENS VILLAGE,02 TWO FAMILY DWELLINGS,1,10738,33,B1,91-44 222ND STREET,11428.0,2.0,0.0,2.0,2500.0,2750.0,1945.0,1,B1,350000,2019-01-02,queens,91-44 222ND STREET NYC
4,SOUTH JAMAICA,01 ONE FAMILY DWELLINGS,1,10256,33,A9,172-05 109TH AVENUE,11433.0,1.0,0.0,1.0,1642.0,1651.0,1920.0,1,A9,325000,2019-07-30,queens,172-05 109TH AVENUE NYC
4,BAYSIDE,01 ONE FAMILY DWELLINGS,1,6266,54,A1,42-15 205TH STREET,11361.0,1.0,0.0,1.0,4000.0,1914.0,1920.0,1,A1,949000,2019-07-22,queens,42-15 205TH STREET NYC
2,SOUNDVIEW,02 TWO FAMILY DWELLINGS,1,3765,31,B2,1250 TAYLOR AVENUE,10472.0,2.0,0.0,2.0,2500.0,3141.0,1925.0,1,B2,560000,2019-11-15,bronx,1250 TAYLOR AVENUE NYC
3,BENSONHURST,02 TWO FAMILY DWELLINGS,1,6310,38,B1,1478 83RD STREET,11228.0,2.0,0.0,2.0,1975.0,2018.0,1960.0,1,B1,950000,2019-04-17,brooklyn,1478 83RD STREET NYC
2,BRONXDALE,02 TWO FAMILY DWELLINGS,1,4553,36,B9,2939 COLDEN,10469.0,2.0,0.0,2.0,2150.0,3076.0,1970.0,1,B9,527500,2019-08-12,bronx,2939 COLDEN NYC
3,GREENPOINT,03 THREE FAMILY DWELLINGS,1,2700,40,C0,39A BROOME STREET,11222.0,3.0,0.0,3.0,1925.0,2850.0,1910.0,1,C0,1950000,2019-01-09,brooklyn,39A BROOME STREET NYC
5,GRANT CITY,01 ONE FAMILY DWELLINGS,1,3539,82,A5,132 DONGAN HILLS AVENUE,10305.0,1.0,0.0,1.0,1840.0,1188.0,1965.0,1,A5,575000,2019-11-15,statenisland,132 DONGAN HILLS AVENUE NYC
4,QUEENS VILLAGE,02 TWO FAMILY DWELLINGS,1,11173,40,B3,223-19 107TH AVE,11429.0,2.0,0.0,2.0,4000.0,1965.0,1935.0,1,B3,635000,2019-03-01,queens,223-19 107TH AVE NYC
2,SOUNDVIEW,03 THREE FAMILY DWELLINGS,1,3493,54,C0,445 ST LAWRENCE AVENUE,10473.0,3.0,0.0,3.0,1967.0,2650.0,1975.0,1,C0,500000,2019-03-22,bronx,445 ST LAWRENCE AVENUE NYC
4,ASTORIA,02 TWO FAMILY DWELLINGS,1,818,25,B3,24-14 36TH STREET,11103.0,2.0,0.0,2.0,2000.0,1328.0,1925.0,1,B3,1100000,2019-12-04,queens,24-14 36TH STREET NYC
3,BENSONHURST,02 TWO FAMILY DWELLINGS,1,6183,41,B1,7116 19TH AVENUE,11204.0,2.0,0.0,2.0,2650.0,2360.0,1930.0,1,B1,1400000,2019-08-22,brooklyn,7116 19TH AVENUE NYC
3,CANARSIE,02 TWO FAMILY DWELLINGS,1,8037,6,B9,1081 EAST 85TH STREET,11236.0,2.0,0.0,2.0,2000.0,2840.0,1970.0,1,B9,372500,2019-03-08,brooklyn,1081 EAST 85TH STREET NYC
4,FLUSHING-NORTH,01 ONE FAMILY DWELLINGS,1,6740,22,A5,59-23 162ND STREET,11365.0,1.0,0.0,1.0,1800.0,1260.0,1950.0,1,A5,400000,2019-06-11,queens,59-23 162ND STREET NYC
3,GRAVESEND,02 TWO FAMILY DWELLINGS,1,7080,58,B2,1969 WEST 9TH STREET,11223.0,2.0,0.0,2.0,1950.0,1056.0,1930.0,1,B2,820000,2019-04-29,brooklyn,1969 WEST 9TH STREET NYC
3,CONEY ISLAND,01 ONE FAMILY DWELLINGS,1,7010,17,A5,2822 WEST 29 STREET,11224.0,1.0,0.0,1.0,2733.0,1344.0,1993.0,1,A5,580000,2019-12-05,brooklyn,2822 WEST 29 STREET NYC
3,EAST NEW YORK,03 THREE FAMILY DWELLINGS,1,3988,23,C0,344 SHEPHERD AVENUE,11208.0,3.0,0.0,3.0,2500.0,2415.0,1910.0,1,C0,810000,2019-09-19,brooklyn,344 SHEPHERD AVENUE NYC
4,FLUSHING-NORTH,01 ONE FAMILY DWELLINGS,1,5666,54,A5,53-34 196TH STREET,11365.0,1.0,0.0,1.0,1800.0,1633.0,1955.0,1,A5,728888,2019-04-19,queens,53-34 196TH STREET NYC
2,PELHAM GARDENS,02 TWO FAMILY DWELLINGS,1,4488,130,B1,2550 KINGSLAND AVENUE,10469.0,2.0,0.0,2.0,3300.0,2480.0,2008.0,1,B1,960000,2019-11-07,bronx,2550 KINGSLAND AVENUE NYC
3,BERGEN BEACH,02 TWO FAMILY DWELLINGS,1,8356,50,B1,6932 AVENUE L,11234.0,2.0,0.0,2.0,4573.0,2288.0,1965.0,1,B1,865000,2019-03-25,brooklyn,6932 AVENUE L NYC
4,JACKSON HEIGHTS,02 TWO FAMILY DWELLINGS,1,1359,49,B3,25-31 85 STREET,11370.0,2.0,0.0,2.0,2000.0,1440.0,1940.0,1,B3,865000,2019-03-01,queens,25-31 85 STREET NYC
5,MIDLAND BEACH,01 ONE FAMILY DWELLINGS,1,3697,31,A5,344 LINCOLN AVENUE,10306.0,1.0,0.0,1.0,3658.0,1120.0,1965.0,1,A5,630000,2019-11-08,statenisland,344 LINCOLN AVENUE NYC
5,DONGAN HILLS,01 ONE FAMILY DWELLINGS,1,3340,109,A5,283 CROMWELL AVENUE,10305.0,1.0,0.0,1.0,1728.0,880.0,1991.0,1,A5,499990,2019-10-31,statenisland,283 CROMWELL AVENUE NYC
4,HOWARD BEACH,01 ONE FAMILY DWELLINGS,1,14151,31,A9,156-21 96TH STREET,11414.0,1.0,0.0,1.0,3500.0,1728.0,1940.0,1,A9,659000,2019-03-21,queens,156-21 96TH STREET NYC
4,SPRINGFIELD GARDENS,01 ONE FAMILY DWELLINGS,1,13055,35,A1,141-25 184TH STREET,11413.0,1.0,0.0,1.0,4000.0,1224.0,1925.0,1,A1,525000,2019-08-21,queens,141-25 184TH STREET NYC
2,SOUNDVIEW,02 TWO FAMILY DWELLINGS,1,3455,5,B2,209 WHITE PLAINS RD,10473.0,2.0,0.0,2.0,1590.0,2380.0,2002.0,1,B2,650000,2019-07-19,bronx,209 WHITE PLAINS RD NYC
4,ROSEDALE,01 ONE FAMILY DWELLINGS,1,13251,10,A1,136-25 HOOK CREEK BOULEVARD,11422.0,1.0,0.0,1.0,4861.0,1655.0,1925.0,1,A1,420000,2019-09-24,queens,136-25 HOOK CREEK BOULEVARD NYC
3,OCEAN PARKWAY-NORTH,01 ONE FAMILY DWELLINGS,1,6611,30,A9,1652 EAST 5TH STREET,11230.0,1.0,0.0,1.0,2000.0,1568.0,1935.0,1,A9,1050000,2019-01-17,brooklyn,1652 EAST 5TH STREET NYC
4,ASTORIA,02 TWO FAMILY DWELLINGS,1,647,64,B1,32-68 37TH STREET,11103.0,2.0,0.0,2.0,2500.0,3139.0,1965.0,1,B1,1710000,2019-06-11,queens,32-68 37TH STREET NYC
4,BELLEROSE,01 ONE FAMILY DWELLINGS,1,8561,21,A5,80-30 249TH STREET,11426.0,1.0,0.0,1.0,1991.0,1224.0,1945.0,1,A5,600000,2019-05-24,queens,80-30 249TH STREET NYC
4,BAYSIDE,01 ONE FAMILY DWELLINGS,1,6160,17,A1,36-24 209TH STREET,11361.0,1.0,0.0,1.0,4000.0,2329.0,1940.0,1,A1,1013000,2019-11-26,queens,36-24 209TH STREET NYC
4,BRIARWOOD,01 ONE FAMILY DWELLINGS,1,9737,147,A2,143-25 84TH ROAD,11435.0,1.0,0.0,1.0,4160.0,1212.0,1960.0,1,A2,800000,2019-12-04,queens,143-25 84TH ROAD NYC
4,RICHMOND HILL,02 TWO FAMILY DWELLINGS,1,9480,34,B2,97-11 132ND ST,11419.0,2.0,0.0,2.0,2523.0,2470.0,1915.0,1,B2,770000,2019-12-06,queens,97-11 132ND ST NYC
4,JACKSON HEIGHTS,03 THREE FAMILY DWELLINGS,1,1480,74,C0,37-11 92 STREET,11372.0,3.0,0.0,3.0,2900.0,2850.0,1920.0,1,C0,1495000,2019-05-10,queens,37-11 92 STREET NYC
5,NEW BRIGHTON,02 TWO FAMILY DWELLINGS,1,81,23,B2,9 VAN TUYL STREET,10301.0,2.0,0.0,2.0,2500.0,1248.0,1920.0,1,B2,500000,2019-02-26,statenisland,9 VAN TUYL STREET NYC
3,FLATBUSH-EAST,02 TWO FAMILY DWELLINGS,1,5006,14,B1,669 EAST 31ST STREET,11210.0,2.0,0.0,2.0,2000.0,2096.0,1910.0,1,B1,1086000,2019-10-16,brooklyn,669 EAST 31ST STREET NYC
3,GRAVESEND,02 TWO FAMILY DWELLINGS,1,6667,11,B2,1812 WEST 13TH STREET,11223.0,2.0,0.0,2.0,2850.0,2436.0,1915.0,1,B2,1270000,2019-03-22,brooklyn,1812 WEST 13TH STREET NYC
4,ELMHURST,01 ONE FAMILY DWELLINGS,1,2470,31,A2,51-48 GORSLINE STREET,11373.0,1.0,0.0,1.0,2150.0,938.0,1940.0,1,A2,790000,2019-05-17,queens,51-48 GORSLINE STREET NYC
3,FLATBUSH-EAST,03 THREE FAMILY DWELLINGS,1,4773,70,C0,677 EAST 52 STREET,11203.0,3.0,0.0,3.0,3000.0,3432.0,2014.0,1,C0,1220000,2019-12-10,brooklyn,677 EAST 52 STREET NYC
2,WILLIAMSBRIDGE,02 TWO FAMILY DWELLINGS,1,4690,18,B1,929 EAST 219 STREET,10469.0,2.0,0.0,2.0,2383.0,1620.0,1935.0,1,B1,689000,2019-05-24,bronx,929 EAST 219 STREET NYC
4,QUEENS VILLAGE,01 ONE FAMILY DWELLINGS,1,10663,63,A1,89-24 219TH STREET,11427.0,1.0,0.0,1.0,2400.0,1152.0,1930.0,1,A1,570000,2019-11-15,queens,89-24 219TH STREET NYC
2,WILLIAMSBRIDGE,02 TWO FAMILY DWELLINGS,1,4651,142,B1,668 EAST 219 STREET,10467.0,2.0,0.0,2.0,1674.0,2800.0,2000.0,1,B1,670000,2019-09-10,bronx,668 EAST 219 STREET NYC
3,FLATBUSH-NORTH,03 THREE FAMILY DWELLINGS,1,4643,9,C0,348 REMSEN AVENUE,11212.0,3.0,0.0,3.0,1900.0,1550.0,1950.0,1,C0,715000,2019-06-05,brooklyn,348 REMSEN AVENUE NYC
4,HOLLIS,02 TWO FAMILY DWELLINGS,1,10466,16,B2,91-09 197TH STREET,11423.0,2.0,0.0,2.0,2727.0,1920.0,1920.0,1,B2,846600,2019-04-19,queens,91-09 197TH STREET NYC
4,QUEENS VILLAGE,01 ONE FAMILY DWELLINGS,1,11133,76,A5,114-35 COLFAX ST,11411.0,1.0,0.0,1.0,2300.0,1360.0,1940.0,1,A5,480000,2019-05-24,queens,114-35 COLFAX ST NYC
5,WEST NEW BRIGHTON,01 ONE FAMILY DWELLINGS,1,131,135,B2,18 ELWOOD PLACE,10301.0,2.0,0.0,2.0,4100.0,2688.0,1980.0,1,A9,708000,2019-06-20,statenisland,18 ELWOOD PLACE NYC
2,BAYCHESTER,02 TWO FAMILY DWELLINGS,1,4796,132,B2,2905 GRACE AVENUE,10469.0,2.0,0.0,2.0,2375.0,2040.0,2004.0,1,B2,539673,2019-07-19,bronx,2905 GRACE AVENUE NYC
4,ST. ALBANS,01 ONE FAMILY DWELLINGS,1,11038,9,A1,197-01 116TH AVE.,11412.0,1.0,0.0,1.0,2800.0,1376.0,1925.0,1,A1,572400,2019-10-02,queens,197-01 116TH AVE. NYC
4,BROAD CHANNEL,01 ONE FAMILY DWELLINGS,1,15400,85,A1,416 CROSS BAY BLVD,11693.0,1.0,0.0,1.0,2500.0,1405.0,1920.0,1,A1,350000,2019-03-29,queens,416 CROSS BAY BLVD NYC
3,CANARSIE,02 TWO FAMILY DWELLINGS,1,7962,17,B1,583 EAST 83RD STREET,11236.0,2.0,0.0,2.0,2000.0,1800.0,1960.0,1,B1,618000,2019-09-12,brooklyn,583 EAST 83RD STREET NYC
3,BUSHWICK,02 TWO FAMILY DWELLINGS,1,3396,25,B2,1136 HANCOCK STREET,11221.0,2.0,0.0,2.0,2000.0,3000.0,1910.0,1,B2,1550000,2019-12-30,brooklyn,1136 HANCOCK STREET NYC
4,WHITESTONE,02 TWO FAMILY DWELLINGS,1,4735,19,B2,154-32 20TH AVENUE,11357.0,2.0,0.0,2.0,3897.0,1249.0,1950.0,1,B2,995000,2019-09-19,queens,154-32 20TH AVENUE NYC
2,SCHUYLERVILLE/PELHAM BAY,02 TWO FAMILY DWELLINGS,1,4241,32,B2,2035 HOBART AVENUE,10461.0,2.0,0.0,2.0,2500.0,2180.0,1920.0,1,B2,689000,2019-07-29,bronx,2035 HOBART AVENUE NYC
4,WOODSIDE,03 THREE FAMILY DWELLINGS,1,1181,48,C0,33-22 58TH STREET,11377.0,3.0,0.0,3.0,2500.0,2850.0,1940.0,1,C0,1231500,2019-04-18,queens,33-22 58TH STREET NYC
4,ELMHURST,02 TWO FAMILY DWELLINGS,1,1870,47,B3,92-27 55TH AVENUE,11373.0,2.0,0.0,2.0,2919.0,1442.0,1920.0,1,B3,839999,2019-02-14,queens,92-27 55TH AVENUE NYC
4,ASTORIA,03 THREE FAMILY DWELLINGS,1,511,29,C0,12-18 27TH AVENUE,11102.0,3.0,0.0,3.0,1861.0,2607.0,1991.0,1,C0,1550000,2019-08-23,queens,12-18 27TH AVENUE NYC
3,FLATBUSH-EAST,01 ONE FAMILY DWELLINGS,1,7614,28,A5,1041 EAST 32 STREET,11210.0,1.0,0.0,1.0,2000.0,1800.0,1925.0,1,A5,995000,2019-06-06,brooklyn,1041 EAST 32 STREET NYC
3,FLATBUSH-CENTRAL,02 TWO FAMILY DWELLINGS,1,5248,7,B1,2705 GLENWOOD ROAD,11210.0,2.0,0.0,2.0,1557.0,2088.0,1931.0,1,B1,975000,2019-05-29,brooklyn,2705 GLENWOOD ROAD NYC
4,OZONE PARK,01 ONE FAMILY DWELLINGS,1,11345,36,A5,82-03 133 AVENUE,11417.0,1.0,0.0,1.0,2000.0,1216.0,1935.0,1,A5,647500,2019-08-15,queens,82-03 133 AVENUE NYC
4,QUEENS VILLAGE,01 ONE FAMILY DWELLINGS,1,10641,53,A1,91-08 216TH STREET,11428.0,1.0,0.0,1.0,3400.0,1420.0,1920.0,1,A1,530000,2019-09-18,queens,91-08 216TH STREET NYC
3,BOROUGH PARK,03 THREE FAMILY DWELLINGS,1,5585,52,C0,1147 40TH STREET,11218.0,3.0,0.0,3.0,1903.0,2280.0,1920.0,1,C0,1200250,2019-03-18,brooklyn,1147 40TH STREET NYC
5,OAKWOOD-BEACH,02 TWO FAMILY DWELLINGS,1,4721,76,B9,165 MALONE AVENUE,10306.0,2.0,0.0,2.0,2760.0,1900.0,1977.0,1,B9,575000,2019-06-13,statenisland,165 MALONE AVENUE NYC
4,ROSEDALE,01 ONE FAMILY DWELLINGS,1,13694,3,A5,148-25 HOOK CREEK BOULEVARD,11422.0,1.0,0.0,1.0,1470.0,1520.0,1996.0,1,A5,425000,2019-04-29,queens,148-25 HOOK CREEK BOULEVARD NYC
5,WEST NEW BRIGHTON,01 ONE FAMILY DWELLINGS,1,151,133,A5,23 CLARION COURT,10310.0,1.0,0.0,1.0,1280.0,1280.0,1999.0,1,A5,400000,2019-10-01,statenisland,23 CLARION COURT NYC
4,EAST ELMHURST,01 ONE FAMILY DWELLINGS,1,1697,51,A5,32-39 102ND STREET,11369.0,1.0,0.0,1.0,2000.0,1338.0,1910.0,1,A5,715000,2019-01-24,queens,32-39 102ND STREET NYC
4,MIDDLE VILLAGE,02 TWO FAMILY DWELLINGS,1,3799,22,B1,79-34 68TH ROAD,11379.0,2.0,0.0,2.0,2000.0,2000.0,1930.0,1,B1,650000,2019-12-11,queens,79-34 68TH ROAD NYC
5,WILLOWBROOK,01 ONE FAMILY DWELLINGS,1,2091,71,A5,47 HALL AVENUE,10314.0,1.0,0.0,1.0,3521.0,1775.0,2016.0,1,A5,579000,2019-02-12,statenisland,47 HALL AVENUE NYC
5,BULLS HEAD,01 ONE FAMILY DWELLINGS,1,1591,92,A5,41 HIRSCH LANE,10314.0,1.0,0.0,1.0,1302.0,1410.0,1995.0,1,A5,468000,2019-12-20,statenisland,41 HIRSCH LANE NYC
2,WILLIAMSBRIDGE,03 THREE FAMILY DWELLINGS,1,4839,84,C0,768 EAST 226TH STREET,10466.0,3.0,0.0,3.0,2860.0,3306.0,1901.0,1,C0,875000,2019-08-05,bronx,768 EAST 226TH STREET NYC
4,COLLEGE POINT,01 ONE FAMILY DWELLINGS,1,3949,43,A2,124-08 6 AVENUE,11356.0,1.0,0.0,1.0,2500.0,1732.0,1955.0,1,A2,729000,2019-10-21,queens,124-08 6 AVENUE NYC
4,ROSEDALE,02 TWO FAMILY DWELLINGS,1,13673,55,B3,257-23 148TH DRIVE,11422.0,2.0,0.0,2.0,4000.0,2344.0,1950.0,1,B3,849000,2019-02-01,queens,257-23 148TH DRIVE NYC
4,GLENDALE,02 TWO FAMILY DWELLINGS,1,3852,104,B3,88-42 AUBREY AVENUE,11385.0,2.0,0.0,2.0,3159.0,1296.0,1935.0,1,B3,743000,2019-01-25,queens,88-42 AUBREY AVENUE NYC
3,CYPRESS HILLS,02 TWO FAMILY DWELLINGS,1,4148,8,B3,301 HEMLOCK STREET,11208.0,2.0,0.0,2.0,1900.0,2052.0,1910.0,1,B3,705000,2019-07-26,brooklyn,301 HEMLOCK STREET NYC
4,ST. ALBANS,01 ONE FAMILY DWELLINGS,1,10270,98,A5,110-20 172ND STREET,11433.0,1.0,0.0,1.0,1440.0,1320.0,1960.0,1,A5,450000,2019-05-14,queens,110-20 172ND STREET NYC
4,MASPETH,03 THREE FAMILY DWELLINGS,1,2538,28,C0,54-68 46TH STREET,11378.0,3.0,0.0,3.0,2500.0,1440.0,1910.0,1,C0,600000,2019-01-03,queens,54-68 46TH STREET NYC
4,WHITESTONE,02 TWO FAMILY DWELLINGS,1,4521,16,B1,151-19 7TH AVENUE,11357.0,2.0,0.0,2.0,2000.0,1480.0,1950.0,1,B1,755000,2019-09-25,queens,151-19 7TH AVENUE NYC
4,FRESH MEADOWS,01 ONE FAMILY DWELLINGS,1,7183,74,A1,73-15 196 STREET,11366.0,1.0,0.0,1.0,4000.0,1600.0,1955.0,1,A1,960000,2019-09-30,queens,73-15 196 STREET NYC
2,BAYCHESTER,01 ONE FAMILY DWELLINGS,1,4716,59,A9,1103 E. 221ST STREET,10469.0,1.0,0.0,1.0,1432.0,1648.0,1950.0,1,A9,465000,2019-01-09,bronx,1103 E. 221ST STREET NYC
3,BUSHWICK,01 ONE FAMILY DWELLINGS,1,3457,50,A5,97 GRANITE ST,11207.0,1.0,0.0,1.0,2000.0,1376.0,1925.0,1,A5,950000,2019-06-27,brooklyn,97 GRANITE ST NYC
2,MORRISANIA/LONGWOOD,07 RENTALS - WALKUP APARTMENTS,2A,2676,73,C3,777 PROSPECT AVENUE,10455.0,4.0,0.0,4.0,2000.0,3078.0,1915.0,2,C3,345000,2019-01-25,bronx,777 PROSPECT AVENUE NYC
4,ROSEDALE,02 TWO FAMILY DWELLINGS,1,13479,14,B3,145-19 222 STREET,11413.0,2.0,0.0,2.0,4000.0,2424.0,1925.0,1,B3,715000,2019-07-30,queens,145-19 222 STREET NYC
4,LAURELTON,01 ONE FAMILY DWELLINGS,1,13183,48,A1,139-20 229TH STREET,11413.0,1.0,0.0,1.0,4000.0,1584.0,1935.0,1,A1,640000,2019-03-22,queens,139-20 229TH STREET NYC
4,FAR ROCKAWAY,02 TWO FAMILY DWELLINGS,1,15502,5,B2,15-08 BEACH 12 STREET,11691.0,2.0,0.0,2.0,1640.0,1660.0,1945.0,1,B2,500000,2019-12-23,queens,15-08 BEACH 12 STREET NYC
4,OZONE PARK,02 TWO FAMILY DWELLINGS,1,9000,16,B3,95-20 76TH STREET,11416.0,2.0,0.0,2.0,1700.0,1088.0,1920.0,1,B3,320000,2019-09-27,queens,95-20 76TH STREET NYC
4,QUEENS VILLAGE,01 ONE FAMILY DWELLINGS,1,7915,5,A2,81-15 229TH STREET,11427.0,1.0,0.0,1.0,4000.0,1175.0,1950.0,1,A2,650000,2019-02-15,queens,81-15 229TH STREET NYC
5,ROSEBANK,01 ONE FAMILY DWELLINGS,1,2850,3,A5,19 ROSEBANK PLACE,10305.0,1.0,0.0,1.0,2500.0,1318.0,1998.0,1,A5,538000,2019-11-25,statenisland,19 ROSEBANK PLACE NYC
3,BENSONHURST,02 TWO FAMILY DWELLINGS,1,6848,1,B3,2301 81ST STREET,11214.0,2.0,0.0,2.0,1800.0,1790.0,1925.0,1,B3,998000,2019-05-09,brooklyn,2301 81ST STREET NYC
4,JACKSON HEIGHTS,02 TWO FAMILY DWELLINGS,1,1052,13,B1,25-08 76TH STREET,11370.0,2.0,0.0,2.0,2200.0,2008.0,1950.0,1,B1,960000,2019-06-19,queens,25-08 76TH STREET NYC
4,BAYSIDE,01 ONE FAMILY DWELLINGS,1,6101,7,A0,209-42 33RD ROAD,11361.0,1.0,0.0,1.0,4000.0,1451.0,1950.0,1,A0,990000,2019-10-29,queens,209-42 33RD ROAD NYC
4,RICHMOND HILL,01 ONE FAMILY DWELLINGS,1,9583,16,A1,105-08 130TH STREET,11419.0,1.0,0.0,1.0,2500.0,1522.0,1920.0,1,A1,620000,2019-01-10,queens,105-08 130TH STREET NYC
4,NEPONSIT,01 ONE FAMILY DWELLINGS,1,16304,51,A2,320 BEACH 148 STREET,11694.0,1.0,0.0,1.0,4500.0,789.0,1987.0,1,A2,630000,2019-11-27,queens,320 BEACH 148 STREET NYC
4,ASTORIA,07 RENTALS - WALKUP APARTMENTS,2A,875,9,C3,23-83 23RD STREET,11105.0,4.0,0.0,4.0,3800.0,2100.0,1931.0,2,C3,1740000,2019-01-17,queens,23-83 23RD STREET NYC
4,BRIARWOOD,01 ONE FAMILY DWELLINGS,1,9709,50,A1,139-90 86TH AVENUE,11435.0,1.0,0.0,1.0,2080.0,1232.0,1920.0,1,A1,510000,2019-05-29,queens,139-90 86TH AVENUE NYC
3,CYPRESS HILLS,01 ONE FAMILY DWELLINGS,1,3956,8,A1,8 FOLSOM PLACE,11208.0,1.0,0.0,1.0,2717.0,1240.0,1901.0,1,A1,380000,2019-01-22,brooklyn,8 FOLSOM PLACE NYC
4,FLUSHING-SOUTH,01 ONE FAMILY DWELLINGS,1,6814,18,A5,153-36 78TH AVENUE,11367.0,1.0,0.0,1.0,1800.0,1732.0,1950.0,1,A5,600000,2019-06-17,queens,153-36 78TH AVENUE NYC
2,EAST TREMONT,01 ONE FAMILY DWELLINGS,1,3909,20,S1,1186 EAST TREMONT AVENUE,10460.0,1.0,1.0,2.0,1554.0,1304.0,1901.0,1,S1,479400,2019-12-23,bronx,1186 EAST TREMONT AVENUE NYC
3,CANARSIE,02 TWO FAMILY DWELLINGS,1,8076,70,B9,1315 EAST 85TH STREE,11236.0,2.0,0.0,2.0,2000.0,2288.0,1955.0,1,B9,450000,2019-04-03,brooklyn,1315 EAST 85TH STREE NYC
4,QUEENS VILLAGE,01 ONE FAMILY DWELLINGS,1,11128,23,A1,110-15 214TH STREET,11429.0,1.0,0.0,1.0,4000.0,1770.0,1920.0,1,A1,397500,2019-06-11,queens,110-15 214TH STREET NYC
3,OCEAN HILL,02 TWO FAMILY DWELLINGS,1,1520,68,B1,237A SUMPTER STREET,11233.0,2.0,0.0,2.0,1783.0,2400.0,1920.0,1,B1,1250000,2019-04-30,brooklyn,237A SUMPTER STREET NYC
2,PELHAM GARDENS,01 ONE FAMILY DWELLINGS,1,4485,22,A2,2432 KINGSLAND AVENUE,10469.0,1.0,0.0,1.0,2500.0,717.0,1945.0,1,A2,425000,2019-06-03,bronx,2432 KINGSLAND AVENUE NYC
2,WESTCHESTER,02 TWO FAMILY DWELLINGS,1,3830,30,B2,2344 ELLIS AVENUE,10462.0,2.0,0.0,2.0,3425.0,2328.0,1901.0,1,B2,790000,2019-12-06,bronx,2344 ELLIS AVENUE NYC
2,BAYCHESTER,14 RENTALS - 4-10 UNIT,2A,4762,40,S3,3061 EASTCHESTER ROAD,10469.0,3.0,1.0,4.0,3129.0,3296.0,1931.0,2,S3,750000,2019-01-15,bronx,3061 EASTCHESTER ROAD NYC
4,WOODSIDE,02 TWO FAMILY DWELLINGS,1,1201,32,B2,35-24 63RD STREET,11377.0,2.0,0.0,2.0,2400.0,2560.0,1930.0,1,B2,995000,2019-08-12,queens,35-24 63RD STREET NYC
4,SUNNYSIDE,02 TWO FAMILY DWELLINGS,1,210,36,B3,50-16 39TH PLACE,11104.0,2.0,0.0,2.0,2100.0,1511.0,1950.0,1,B3,1130000,2019-07-29,queens,50-16 39TH PLACE NYC
3,MADISON,03 THREE FAMILY DWELLINGS,1,6820,81,C0,1819 EAST 14TH STREET,11229.0,3.0,0.0,3.0,2000.0,3725.0,1970.0,1,C0,1300000,2019-08-15,brooklyn,1819 EAST 14TH STREET NYC
3,BERGEN BEACH,02 TWO FAMILY DWELLINGS,1,8359,20,B9,1239 EAST 72ND STREET,11234.0,2.0,0.0,2.0,2179.0,3191.0,1970.0,1,B9,900000,2019-08-14,brooklyn,1239 EAST 72ND STREET NYC
3,CANARSIE,01 ONE FAMILY DWELLINGS,1,8307,39,A5,1401 EAST 104 STREET,11236.0,1.0,0.0,1.0,2625.0,1440.0,1960.0,1,A5,385000,2019-08-06,brooklyn,1401 EAST 104 STREET NYC
3,CANARSIE,03 THREE FAMILY DWELLINGS,1,8029,55,C0,19 PAERDEGAT 2 STREET,11236.0,3.0,0.0,3.0,2942.0,3013.0,1965.0,1,C0,880000,2019-09-09,brooklyn,19 PAERDEGAT 2 STREET NYC
3,EAST NEW YORK,03 THREE FAMILY DWELLINGS,1,4281,48,C0,622 PINE STREET,11208.0,3.0,0.0,3.0,1800.0,1944.0,1965.0,1,C0,640000,2019-04-30,brooklyn,622 PINE STREET NYC
3,MADISON,01 ONE FAMILY DWELLINGS,1,6827,42,A1,2123 AVENUE S,11229.0,1.0,0.0,1.0,3040.0,1728.0,1925.0,1,A1,1350000,2019-10-03,brooklyn,2123 AVENUE S NYC
5,WEST NEW BRIGHTON,02 TWO FAMILY DWELLINGS,1,165,112,B9,343 SHEFFIELD STREET,10310.0,2.0,0.0,2.0,3025.0,1425.0,1999.0,1,B9,568073,2019-04-11,statenisland,343 SHEFFIELD STREET NYC
3,CROWN HEIGHTS,03 THREE FAMILY DWELLINGS,1,1399,17,C0,1320 EASTERN PARKWAY,11233.0,3.0,0.0,3.0,1910.0,2563.0,1910.0,1,C0,481000,2019-04-12,brooklyn,1320 EASTERN PARKWAY NYC
5,WEST NEW BRIGHTON,02 TWO FAMILY DWELLINGS,1,222,89,B2,687 DELAFIELD AVENUE,10310.0,2.0,0.0,2.0,4588.0,760.0,1935.0,1,B2,543000,2019-06-13,statenisland,687 DELAFIELD AVENUE NYC
2,MOUNT HOPE/MOUNT EDEN,02 TWO FAMILY DWELLINGS,1,2802,32,B2,256 MOUNT HOPE PLACE,10457.0,2.0,0.0,2.0,2375.0,1830.0,1905.0,1,B2,600000,2019-06-04,bronx,256 MOUNT HOPE PLACE NYC
3,BENSONHURST,02 TWO FAMILY DWELLINGS,1,5568,46,B1,1769 68TH STREET,11204.0,2.0,0.0,2.0,1569.0,1900.0,1930.0,1,B1,694000,2019-11-18,brooklyn,1769 68TH STREET NYC
4,COLLEGE POINT,02 TWO FAMILY DWELLINGS,1,4204,10,B2,22-25 128TH STREET,11356.0,2.0,0.0,2.0,3000.0,1676.0,1920.0,1,B2,920000,2019-02-01,queens,22-25 128TH STREET NYC
5,ROSEBANK,01 ONE FAMILY DWELLINGS,1,3075,38,A1,125 GARFIELD AVENUE,10305.0,1.0,0.0,1.0,3284.0,2517.0,2016.0,1,A1,661863,2019-12-03,statenisland,125 GARFIELD AVENUE NYC
5,BULLS HEAD,01 ONE FAMILY DWELLINGS,1,1611,10,A5,14 GLOBE AVENUE,10314.0,1.0,0.0,1.0,2000.0,1214.0,1995.0,1,A5,505000,2019-03-12,statenisland,14 GLOBE AVENUE NYC
4,BAYSIDE,02 TWO FAMILY DWELLINGS,1,5543,106,B3,45-31 FRANCIS LEWIS BLVD,11361.0,2.0,0.0,2.0,3337.0,2070.0,1920.0,1,B3,1277500,2019-10-02,queens,45-31 FRANCIS LEWIS BLVD NYC
4,FLUSHING-NORTH,01 ONE FAMILY DWELLINGS,1,5615,67,A2,196-11 48TH AVENUE,11365.0,1.0,0.0,1.0,3600.0,1425.0,1930.0,1,A2,847000,2019-05-17,queens,196-11 48TH AVENUE NYC
4,SOUTH JAMAICA,01 ONE FAMILY DWELLINGS,1,10186,10,A1,167-28 109TH AVENUE,11433.0,1.0,0.0,1.0,2639.0,1264.0,1925.0,1,A1,340000,2019-02-01,queens,167-28 109TH AVENUE NYC
4,ST. ALBANS,01 ONE FAMILY DWELLINGS,1,10315,25,A5,114-51 180TH STREET,11434.0,1.0,0.0,1.0,2183.0,840.0,1940.0,1,A5,430000,2019-10-04,queens,114-51 180TH STREET NYC
3,BAY RIDGE,02 TWO FAMILY DWELLINGS,1,5942,26,S2,544 BAY RIDGE PARKWAY,11209.0,2.0,1.0,3.0,2000.0,3516.0,1915.0,1,S2,1245000,2019-10-28,brooklyn,544 BAY RIDGE PARKWAY NYC
5,WEST NEW BRIGHTON,01 ONE FAMILY DWELLINGS,1,233,38,A0,869 DELAFIELD AVENUE,10310.0,1.0,0.0,1.0,4600.0,600.0,1925.0,1,A0,485000,2019-10-23,statenisland,869 DELAFIELD AVENUE NYC
4,BAYSIDE,03 THREE FAMILY DWELLINGS,1,6310,12,C0,43-12 217TH STREET,11361.0,3.0,0.0,3.0,2800.0,2935.0,1970.0,1,C0,1370000,2019-10-08,queens,43-12 217TH STREET NYC
4,SO. JAMAICA-BAISLEY PARK,01 ONE FAMILY DWELLINGS,1,12217,6,A2,122-05 SUTPHIN BOULEVARD,11434.0,1.0,0.0,1.0,4493.0,1846.0,1910.0,1,A2,910000,2019-03-22,queens,122-05 SUTPHIN BOULEVARD NYC
3,CARROLL GARDENS,07 RENTALS - WALKUP APARTMENTS,2A,364,26,C3,598 HENRY STREET,11231.0,4.0,0.0,4.0,1958.0,3600.0,1930.0,2,C3,825000,2019-03-07,brooklyn,598 HENRY STREET NYC
5,WESTERLEIGH,01 ONE FAMILY DWELLINGS,1,474,114,A2,150 CASWELL AVENUE,10314.0,1.0,0.0,1.0,4400.0,2012.0,1965.0,1,A2,725000,2019-10-03,statenisland,150 CASWELL AVENUE NYC
3,BAY RIDGE,01 ONE FAMILY DWELLINGS,1,5938,2,A9,7519 COLONIAL ROAD,11209.0,1.0,0.0,1.0,2000.0,1184.0,1925.0,1,A9,1105000,2019-07-17,brooklyn,7519 COLONIAL ROAD NYC
4,CAMBRIA HEIGHTS,01 ONE FAMILY DWELLINGS,1,12749,85,A5,11705 232ND STREET,11411.0,1.0,0.0,1.0,1380.0,1944.0,1965.0,1,A5,500000,2019-11-19,queens,11705 232ND STREET NYC
3,WILLIAMSBURG-EAST,01 ONE FAMILY DWELLINGS,1,2867,120,A5,135 MASPETH AVENUE,11211.0,1.0,0.0,1.0,1228.0,992.0,1955.0,1,A5,940000,2019-08-16,brooklyn,135 MASPETH AVENUE NYC
2,BAYCHESTER,01 ONE FAMILY DWELLINGS,1,4983,70,A5,4047 WILDER AVENUE,10466.0,1.0,0.0,1.0,2375.0,1920.0,1955.0,1,A5,495000,2019-07-25,bronx,4047 WILDER AVENUE NYC
2,WAKEFIELD,01 ONE FAMILY DWELLINGS,1,5054,27,A1,4362 ELY AVENUE,10466.0,1.0,0.0,1.0,3800.0,1462.0,1925.0,1,A1,492900,2019-10-04,bronx,4362 ELY AVENUE NYC
4,KEW GARDENS,01 ONE FAMILY DWELLINGS,1,3337,18,A1,82-37 GRENFELL ST,11415.0,1.0,0.0,1.0,4680.0,2076.0,1930.0,1,A1,1255000,2019-07-12,queens,82-37 GRENFELL ST NYC
3,BOROUGH PARK,02 TWO FAMILY DWELLINGS,1,5652,57,B1,951 52ND STREET,11219.0,2.0,0.0,2.0,2003.0,3120.0,1905.0,1,B1,1475000,2019-07-24,brooklyn,951 52ND STREET NYC
3,CYPRESS HILLS,07 RENTALS - WALKUP APARTMENTS,2A,3957,9,C3,193 ESSEX STREET,11208.0,4.0,0.0,4.0,2500.0,3000.0,1901.0,2,C3,1175000,2019-07-30,brooklyn,193 ESSEX STREET NYC
2,BELMONT,07 RENTALS - WALKUP APARTMENTS,2A,3089,49,C3,2333 BEAUMONT AVENUE,10458.0,4.0,0.0,4.0,3042.0,2000.0,1931.0,2,C3,610000,2019-03-11,bronx,2333 BEAUMONT AVENUE NYC
5,ROSSVILLE-CHARLESTON,02 TWO FAMILY DWELLINGS,1,7356,122,B9,65 PEACOCK LOOP,10309.0,2.0,0.0,2.0,1940.0,2470.0,2001.0,1,B9,484050,2019-06-27,statenisland,65 PEACOCK LOOP NYC
3,BENSONHURST,02 TWO FAMILY DWELLINGS,1,6283,82,B1,1607 81ST STREET,11214.0,2.0,0.0,2.0,1967.0,2166.0,1950.0,1,B1,1180000,2019-04-26,brooklyn,1607 81ST STREET NYC
4,QUEENS VILLAGE,01 ONE FAMILY DWELLINGS,1,11262,18,A0,217-46 114TH ROAD,11411.0,1.0,0.0,1.0,4648.0,1130.0,1950.0,1,A0,425000,2019-10-25,queens,217-46 114TH ROAD NYC
4,WHITESTONE,01 ONE FAMILY DWELLINGS,1,4522,40,A0,7-24 LEGGETT PLACE,11357.0,1.0,0.0,1.0,4770.0,1078.0,1950.0,1,A0,775000,2019-11-14,queens,7-24 LEGGETT PLACE NYC
4,ST. ALBANS,01 ONE FAMILY DWELLINGS,1,11076,43,A1,116-04 205 STREET,11412.0,1.0,0.0,1.0,2500.0,1280.0,1920.0,1,A1,554500,2019-08-12,queens,116-04 205 STREET NYC
5,PORT RICHMOND,22 STORE BUILDINGS,4,1102,33,K4,468 PORT RICHMOND AVENUE,10302.0,2.0,2.0,4.0,4750.0,2000.0,1931.0,4,K4,655000,2019-08-20,statenisland,468 PORT RICHMOND AVENUE NYC
3,EAST NEW YORK,02 TWO FAMILY DWELLINGS,1,4528,19,B9,928 CRESCENT STREET,11208.0,2.0,0.0,2.0,1600.0,2319.0,2006.0,1,B9,600000,2019-11-06,brooklyn,928 CRESCENT STREET NYC
4,RICHMOND HILL,02 TWO FAMILY DWELLINGS,1,9334,45,B2,87-76 126TH STREET,11418.0,2.0,0.0,2.0,2100.0,2352.0,1920.0,1,B2,375000,2019-05-15,queens,87-76 126TH STREET NYC
3,CANARSIE,02 TWO FAMILY DWELLINGS,1,8214,24,B9,943 EAST 106TH STREET,11236.0,2.0,0.0,2.0,2000.0,2100.0,1960.0,1,B9,775000,2019-03-11,brooklyn,943 EAST 106TH STREET NYC
3,MARINE PARK,01 ONE FAMILY DWELLINGS,1,8522,8,A5,3605 AVENUE T,11234.0,1.0,0.0,1.0,2000.0,2160.0,1935.0,1,A5,790000,2019-08-06,brooklyn,3605 AVENUE T NYC
4,SPRINGFIELD GARDENS,01 ONE FAMILY DWELLINGS,1,12576,19,A1,137-31 170TH STREET,11434.0,1.0,0.0,1.0,4000.0,2140.0,1975.0,1,A1,375000,2019-04-29,queens,137-31 170TH STREET NYC
3,CANARSIE,01 ONE FAMILY DWELLINGS,1,7908,83,A5,263 DORSET STREET,11236.0,1.0,0.0,1.0,1440.0,864.0,1945.0,1,A5,500000,2019-12-13,brooklyn,263 DORSET STREET NYC
3,CANARSIE,02 TWO FAMILY DWELLINGS,1,8240,27,B3,1351 EAST 94TH STREET,11236.0,2.0,0.0,2.0,2000.0,1184.0,1920.0,1,B3,813000,2019-12-16,brooklyn,1351 EAST 94TH STREET NYC
3,OLD MILL BASIN,01 ONE FAMILY DWELLINGS,1,7882,77,A1,1408 EAST 58TH STREET,11234.0,1.0,0.0,1.0,2500.0,1092.0,1920.0,1,A1,382000,2019-12-11,brooklyn,1408 EAST 58TH STREET NYC
5,NEW DORP,02 TWO FAMILY DWELLINGS,1,3635,14,B2,61 BACHE AVENUE,10306.0,2.0,0.0,2.0,3500.0,2388.0,2019.0,1,B2,1007049,2019-08-14,statenisland,61 BACHE AVENUE NYC
4,SO. JAMAICA-BAISLEY PARK,01 ONE FAMILY DWELLINGS,1,11987,21,A2,115-32 144TH STREET,11436.0,1.0,0.0,1.0,2000.0,630.0,1920.0,1,A2,430000,2019-12-20,queens,115-32 144TH STREET NYC
4,SO. JAMAICA-BAISLEY PARK,01 ONE FAMILY DWELLINGS,1,11998,91,A1,116-48 141ST STREET,11436.0,1.0,0.0,1.0,2170.0,952.0,1930.0,1,A1,487600,2019-08-05,queens,116-48 141ST STREET NYC
2,WAKEFIELD,02 TWO FAMILY DWELLINGS,1,5094,21,B2,4434 EDSON AVENUE,10466.0,2.0,0.0,2.0,2185.0,2160.0,1930.0,1,B2,785000,2019-08-05,bronx,4434 EDSON AVENUE NYC
5,NEW DORP-HEIGHTS,01 ONE FAMILY DWELLINGS,1,4349,27,A5,203 RIEDEL AVENUE,10306.0,1.0,0.0,1.0,3952.0,1600.0,1965.0,1,A5,457314,2019-02-14,statenisland,203 RIEDEL AVENUE NYC
4,WHITESTONE,01 ONE FAMILY DWELLINGS,1,4639,65,A2,146-44 22ND AVENUE,11357.0,1.0,0.0,1.0,3033.0,2216.0,1955.0,1,A2,885000,2019-12-18,queens,146-44 22ND AVENUE NYC
4,SOUTH JAMAICA,02 TWO FAMILY DWELLINGS,1,10335,66,B1,106-53 RUSCOE STREET,11433.0,2.0,0.0,2.0,2500.0,1600.0,1930.0,1,B1,750000,2019-07-12,queens,106-53 RUSCOE STREET NYC
5,GREAT KILLS-BAY TERRACE,01 ONE FAMILY DWELLINGS,1,5023,22,A2,154 HOOPER AVENUE,10306.0,1.0,0.0,1.0,3960.0,1144.0,1960.0,1,A2,575000,2019-08-07,statenisland,154 HOOPER AVENUE NYC
4,OZONE PARK,02 TWO FAMILY DWELLINGS,1,9505,7,B1,103-06 102ND STREET,11417.0,2.0,0.0,2.0,1967.0,2530.0,1963.0,1,B1,765000,2019-01-24,queens,103-06 102ND STREET NYC
4,GLEN OAKS,01 ONE FAMILY DWELLINGS,1,8547,48,A2,76-29 269TH STREET,11040.0,1.0,0.0,1.0,4500.0,1195.0,1950.0,1,A2,650000,2019-03-27,queens,76-29 269TH STREET NYC
4,ARVERNE,02 TWO FAMILY DWELLINGS,1,16092,46,B2,164 COMMODORE CIRCLE E,11692.0,2.0,0.0,2.0,1971.0,2926.0,2008.0,1,B2,890000,2019-08-12,queens,164 COMMODORE CIRCLE E NYC
4,WOODSIDE,02 TWO FAMILY DWELLINGS,1,1328,44,S2,4028 58TH STREET,11377.0,2.0,1.0,3.0,2037.0,1823.0,1931.0,1,S2,997000,2019-08-12,queens,4028 58TH STREET NYC
4,BROAD CHANNEL,01 ONE FAMILY DWELLINGS,1,15320,77,A1,63 WEST 16TH ROAD,11693.0,1.0,0.0,1.0,2500.0,1332.0,1930.0,1,A1,425000,2019-05-08,queens,63 WEST 16TH ROAD NYC
4,SO. JAMAICA-BAISLEY PARK,01 ONE FAMILY DWELLINGS,1,11976,57,A5,114-27 INWOOD STREET,11436.0,1.0,0.0,1.0,1600.0,1068.0,1930.0,1,A5,329700,2019-12-17,queens,114-27 INWOOD STREET NYC
1,HARLEM-CENTRAL,02 TWO FAMILY DWELLINGS,1,2041,11,B1,309 WEST 137 STREET,10030.0,2.0,0.0,2.0,1499.0,3000.0,1901.0,1,B1,1997000,2019-10-10,manhattan,309 WEST 137 STREET NYC
4,ROSEDALE,02 TWO FAMILY DWELLINGS,1,13483,17,B3,226-04 145 AVE,11413.0,2.0,0.0,2.0,4000.0,2093.0,1950.0,1,B3,835000,2019-10-24,queens,226-04 145 AVE NYC
4,SO. JAMAICA-BAISLEY PARK,01 ONE FAMILY DWELLINGS,1,12335,97,A1,115-58 MARSDEN STREET,11434.0,1.0,0.0,1.0,2522.0,1152.0,2003.0,1,A1,400000,2019-02-22,queens,115-58 MARSDEN STREET NYC
3,SHEEPSHEAD BAY,07 RENTALS - WALKUP APARTMENTS,2A,7413,60,C3,2463 EAST 12TH STREET,11235.0,4.0,0.0,4.0,3600.0,2880.0,1950.0,2,C3,750000,2019-01-18,brooklyn,2463 EAST 12TH STREET NYC
3,MADISON,01 ONE FAMILY DWELLINGS,1,7304,51,A5,4087 BEDFORD AVENUE,11229.0,1.0,0.0,1.0,2300.0,1216.0,1930.0,1,A5,420000,2019-07-02,brooklyn,4087 BEDFORD AVENUE NYC
4,LAURELTON,01 ONE FAMILY DWELLINGS,1,13156,25,A5,134-11 229TH STREET,11413.0,1.0,0.0,1.0,2542.0,1368.0,1930.0,1,A5,535000,2019-04-02,queens,134-11 229TH STREET NYC
3,EAST NEW YORK,03 THREE FAMILY DWELLINGS,1,4203,13,C0,173 SHERIDAN AVENUE,11208.0,3.0,0.0,3.0,2000.0,2820.0,1901.0,1,C0,525000,2019-12-23,brooklyn,173 SHERIDAN AVENUE NYC
4,HOWARD BEACH,02 TWO FAMILY DWELLINGS,1,13939,53,B1,156-15 76TH STREET,11414.0,2.0,0.0,2.0,3103.0,2520.0,1996.0,1,B1,903465,2019-10-18,queens,156-15 76TH STREET NYC
2,MORRIS PARK/VAN NEST,01 ONE FAMILY DWELLINGS,1,4056,27,A5,1810 MULINER AVENUE,10462.0,1.0,0.0,1.0,1171.0,1218.0,1955.0,1,A5,500000,2019-08-23,bronx,1810 MULINER AVENUE NYC
4,SOUTH OZONE PARK,02 TWO FAMILY DWELLINGS,1,11857,26,B1,123-04 135 AVENUE,11420.0,2.0,0.0,2.0,4000.0,2272.0,1950.0,1,B1,880000,2019-11-15,queens,123-04 135 AVENUE NYC
4,SOUTH JAMAICA,01 ONE FAMILY DWELLINGS,1,10129,50,A1,106-41 UNION HALL STREET,11433.0,1.0,0.0,1.0,2414.0,1464.0,1915.0,1,A1,333000,2019-03-15,queens,106-41 UNION HALL STREET NYC
2,CASTLE HILL/UNIONPORT,02 TWO FAMILY DWELLINGS,1,3608,65,B3,2053 HOMER AVE,10473.0,2.0,0.0,2.0,2250.0,1760.0,1960.0,1,B3,520000,2019-10-23,bronx,2053 HOMER AVE NYC
5,ELTINGVILLE,01 ONE FAMILY DWELLINGS,1,5651,63,A5,18 WATKINS AVENUE,10312.0,1.0,0.0,1.0,3300.0,1760.0,1976.0,1,A5,549000,2019-05-01,statenisland,18 WATKINS AVENUE NYC
4,SOUTH JAMAICA,01 ONE FAMILY DWELLINGS,1,10194,1,A1,166-09 111TH AVENUE,11433.0,1.0,0.0,1.0,1900.0,1216.0,1920.0,1,A1,528000,2019-06-25,queens,166-09 111TH AVENUE NYC
2,PARKCHESTER,07 RENTALS - WALKUP APARTMENTS,2A,3895,65,C3,1467 ROSEDALE AVE,10460.0,4.0,0.0,4.0,2800.0,3519.0,2014.0,2,C3,900000,2019-01-11,bronx,1467 ROSEDALE AVE NYC
4,ST. ALBANS,02 TWO FAMILY DWELLINGS,1,12640,17,B2,118-46 NASHVILLE BOULEVARD,11411.0,2.0,0.0,2.0,3952.0,2250.0,1955.0,1,B2,844901,2019-06-05,queens,118-46 NASHVILLE BOULEVARD NYC
4,BAYSIDE,02 TWO FAMILY DWELLINGS,1,6198,43,B3,200-55 39 AVE,11361.0,2.0,0.0,2.0,4677.0,1200.0,1950.0,1,B3,1155000,2019-08-19,queens,200-55 39 AVE NYC
4,WOODHAVEN,02 TWO FAMILY DWELLINGS,1,8865,42,B3,84-15 86TH STREET,11421.0,2.0,0.0,2.0,4000.0,2472.0,1920.0,1,B3,880000,2019-08-15,queens,84-15 86TH STREET NYC
4,FOREST HILLS,01 ONE FAMILY DWELLINGS,1,3280,3,A5,101-04 ASCAN AVENUE,11375.0,1.0,0.0,1.0,2000.0,1200.0,1935.0,1,A5,1100000,2019-05-09,queens,101-04 ASCAN AVENUE NYC
3,OCEAN PARKWAY-SOUTH,01 ONE FAMILY DWELLINGS,1,7176,71,A1,2317 WEST STREET,11223.0,1.0,0.0,1.0,2000.0,744.0,1925.0,1,A1,710000,2019-01-08,brooklyn,2317 WEST STREET NYC
4,QUEENS VILLAGE,02 TWO FAMILY DWELLINGS,1,7880,18,B2,82-131 COUNTRY POINTE CRCL,11427.0,2.0,0.0,2.0,1797.0,2200.0,2002.0,1,B2,920000,2019-10-28,queens,82-131 COUNTRY POINTE CRCL NYC
4,QUEENS VILLAGE,01 ONE FAMILY DWELLINGS,1,11111,32,A5,208-17 BARDWELL AVENUE,11429.0,1.0,0.0,1.0,1400.0,1400.0,1960.0,1,A5,366000,2019-11-22,queens,208-17 BARDWELL AVENUE NYC
4,JACKSON HEIGHTS,01 ONE FAMILY DWELLINGS,1,1445,23,A5,34-34 85TH STREET,11372.0,1.0,0.0,1.0,3142.0,1674.0,1930.0,1,A5,1257000,2019-08-15,queens,34-34 85TH STREET NYC
3,BOROUGH PARK,07 RENTALS - WALKUP APARTMENTS,2A,5548,13,C3,1930 64TH STREET,11204.0,4.0,0.0,4.0,2500.0,3198.0,1931.0,2,C3,1560000,2019-08-23,brooklyn,1930 64TH STREET NYC
3,CANARSIE,01 ONE FAMILY DWELLINGS,1,8297,9,S1,9401 SEAVIEW AVENUE,11236.0,1.0,1.0,2.0,3033.0,2369.0,1931.0,1,S1,721000,2019-06-13,brooklyn,9401 SEAVIEW AVENUE NYC
2,THROGS NECK,01 ONE FAMILY DWELLINGS,1,5535,29,A1,1013 SWINTON AVENUE,10465.0,1.0,0.0,1.0,2800.0,1938.0,1955.0,1,A1,377400,2019-11-26,bronx,1013 SWINTON AVENUE NYC
5,NEW DORP-BEACH,02 TWO FAMILY DWELLINGS,1,4085,38,B3,111 MARINE WAY,10306.0,2.0,0.0,2.0,4960.0,1360.0,1930.0,1,B3,549855,2019-06-18,statenisland,111 MARINE WAY NYC
4,EAST ELMHURST,02 TWO FAMILY DWELLINGS,1,1376,2,B1,96-04 ASTORIA BLVD,11369.0,2.0,0.0,2.0,2020.0,1548.0,1970.0,1,B1,995000,2019-03-19,queens,96-04 ASTORIA BLVD NYC
2,MOUNT HOPE/MOUNT EDEN,03 THREE FAMILY DWELLINGS,1,2784,3,C0,1412 COLLEGE AVENUE,10456.0,3.0,0.0,3.0,3125.0,3721.0,1930.0,1,C0,658000,2019-08-29,bronx,1412 COLLEGE AVENUE NYC
3,BOROUGH PARK,03 THREE FAMILY DWELLINGS,1,5470,15,C0,978 DAHILL ROAD,11204.0,3.0,0.0,3.0,2000.0,2485.0,1935.0,1,C0,1085000,2019-10-24,brooklyn,978 DAHILL ROAD NYC
3,MIDWOOD,01 ONE FAMILY DWELLINGS,1,7665,3,S1,2921 AVENUE N,11210.0,1.0,1.0,2.0,1900.0,1824.0,1931.0,1,S1,1133333,2019-06-25,brooklyn,2921 AVENUE N NYC
5,MARINERS HARBOR,01 ONE FAMILY DWELLINGS,1,1165,96,A9,365 WALKER STREET,10303.0,1.0,0.0,1.0,2500.0,1102.0,1990.0,1,A9,360000,2019-10-25,statenisland,365 WALKER STREET NYC
3,CANARSIE,02 TWO FAMILY DWELLINGS,1,8075,50,B9,1322 EAST 85TH STREET,11236.0,2.0,0.0,2.0,2000.0,1760.0,1955.0,1,B9,590000,2019-09-13,brooklyn,1322 EAST 85TH STREET NYC
4,HOLLIS,01 ONE FAMILY DWELLINGS,1,10559,13,A1,9043 209TH STREET,11428.0,1.0,0.0,1.0,2800.0,1152.0,1935.0,1,A1,463146,2019-03-29,queens,9043 209TH STREET NYC
4,WOODHAVEN,02 TWO FAMILY DWELLINGS,1,8863,76,B1,86-22 89TH STREET,11421.0,2.0,0.0,2.0,2017.0,2048.0,1901.0,1,B1,800000,2019-02-04,queens,86-22 89TH STREET NYC
3,BEDFORD STUYVESANT,03 THREE FAMILY DWELLINGS,1,1708,55,C0,44 ROCHESTER AVE,11233.0,3.0,0.0,3.0,1600.0,2800.0,1901.0,1,C0,1592000,2019-09-04,brooklyn,44 ROCHESTER AVE NYC
4,FLORAL PARK,01 ONE FAMILY DWELLINGS,1,8736,44,A1,81-18 262 STREET,11004.0,1.0,0.0,1.0,4500.0,1488.0,1950.0,1,A1,805000,2019-07-31,queens,81-18 262 STREET NYC
2,PELHAM PARKWAY SOUTH,01 ONE FAMILY DWELLINGS,1,4205,50,A5,1790 SEMINOLE AVENUE,10461.0,1.0,0.0,1.0,2400.0,1600.0,1940.0,1,A5,616440,2019-04-03,bronx,1790 SEMINOLE AVENUE NYC
3,BEDFORD STUYVESANT,02 TWO FAMILY DWELLINGS,1,1604,137,B9,615 KOSCIUSZKO STREET,11221.0,2.0,0.0,2.0,1777.0,1912.0,1993.0,1,B9,1115000,2019-08-14,brooklyn,615 KOSCIUSZKO STREET NYC
4,FLUSHING-NORTH,01 ONE FAMILY DWELLINGS,1,5772,65,A1,169-23 25TH AVENUE,11357.0,1.0,0.0,1.0,4000.0,1399.0,1940.0,1,A1,920000,2019-12-23,queens,169-23 25TH AVENUE NYC
4,RICHMOND HILL,02 TWO FAMILY DWELLINGS,1,9491,13,B2,101-16 125TH STREET,11419.0,2.0,0.0,2.0,2000.0,1648.0,1901.0,1,B2,720000,2019-11-27,queens,101-16 125TH STREET NYC
3,BENSONHURST,02 TWO FAMILY DWELLINGS,1,6327,35,B1,1870 83RD STREET,11214.0,2.0,0.0,2.0,2496.0,3953.0,1940.0,1,B1,1400000,2019-07-24,brooklyn,1870 83RD STREET NYC
3,SHEEPSHEAD BAY,02 TWO FAMILY DWELLINGS,1,7394,18,B1,2306 EAST 12TH STREET,11229.0,2.0,0.0,2.0,1460.0,2090.0,1940.0,1,B1,975000,2019-08-19,brooklyn,2306 EAST 12TH STREET NYC
4,QUEENS VILLAGE,01 ONE FAMILY DWELLINGS,1,11113,46,A1,209-51 BARDWELL AVE.,11429.0,1.0,0.0,1.0,3242.0,1280.0,1930.0,1,A1,540000,2019-06-27,queens,209-51 BARDWELL AVE. NYC
4,SPRINGFIELD GARDENS,01 ONE FAMILY DWELLINGS,1,12718,23,A5,125-08 PINEVILLE LANE,11413.0,1.0,0.0,1.0,1920.0,1325.0,1950.0,1,A5,593826,2019-04-16,queens,125-08 PINEVILLE LANE NYC
4,FLUSHING-SOUTH,01 ONE FAMILY DWELLINGS,1,6497,50,A5,14033 69 RD,11367.0,1.0,0.0,1.0,1800.0,1296.0,1940.0,1,A5,720000,2019-02-21,queens,14033 69 RD NYC
2,WILLIAMSBRIDGE,02 TWO FAMILY DWELLINGS,1,4826,37,B3,639 EAST 224 STREET,10466.0,2.0,0.0,2.0,2926.0,1786.0,1915.0,1,B3,344760,2019-07-10,bronx,639 EAST 224 STREET NYC
4,WOODSIDE,02 TWO FAMILY DWELLINGS,1,1295,40,B2,39-66 64TH STREET,11377.0,2.0,0.0,2.0,3000.0,2330.0,1925.0,1,B2,1150000,2019-12-19,queens,39-66 64TH STREET NYC
3,CANARSIE,02 TWO FAMILY DWELLINGS,1,8246,50,B9,1124 E 101ST STREET,11236.0,2.0,0.0,2.0,1427.0,1863.0,1955.0,1,B9,451230,2019-04-09,brooklyn,1124 E 101ST STREET NYC
3,BOROUGH PARK,03 THREE FAMILY DWELLINGS,1,5521,24,C0,2042 60TH STREET,11204.0,3.0,0.0,3.0,2550.0,2440.0,1930.0,1,C0,1380000,2019-03-14,brooklyn,2042 60TH STREET NYC
5,GREAT KILLS,02 TWO FAMILY DWELLINGS,1,5316,26,B9,60 ROBINSON AVENUE,10312.0,2.0,0.0,2.0,3400.0,2590.0,1988.0,1,B9,630000,2019-11-19,statenisland,60 ROBINSON AVENUE NYC
5,GREAT KILLS,01 ONE FAMILY DWELLINGS,1,4608,55,A5,93 LEVERETT AVENUE,10308.0,1.0,0.0,1.0,2500.0,1360.0,1970.0,1,A5,499900,2019-06-19,statenisland,93 LEVERETT AVENUE NYC
4,SO. JAMAICA-BAISLEY PARK,02 TWO FAMILY DWELLINGS,1,12392,93,B3,119-43 MERRILL STREET,11434.0,2.0,0.0,2.0,4000.0,2100.0,1950.0,1,B3,646589,2019-11-22,queens,119-43 MERRILL STREET NYC
4,HOWARD BEACH,02 TWO FAMILY DWELLINGS,1,11410,104,B2,78-17 151ST AVENUE,11414.0,2.0,0.0,2.0,3723.0,2496.0,1970.0,1,B2,890000,2019-12-03,queens,78-17 151ST AVENUE NYC
4,FLUSHING-NORTH,02 TWO FAMILY DWELLINGS,1,5455,1,B1,156-05 LABURNUM AVENUE,11355.0,2.0,0.0,2.0,4000.0,3000.0,1935.0,1,B1,1460500,2019-10-03,queens,156-05 LABURNUM AVENUE NYC
3,FLATBUSH-EAST,01 ONE FAMILY DWELLINGS,1,4970,31,A5,700 EAST 37TH STREET,11203.0,1.0,0.0,1.0,2000.0,1504.0,1925.0,1,A5,820000,2019-11-13,brooklyn,700 EAST 37TH STREET NYC
3,OLD MILL BASIN,01 ONE FAMILY DWELLINGS,1,7853,21,A9,1403 EAST 55TH STREET,11234.0,1.0,0.0,1.0,1800.0,952.0,1920.0,1,A9,357850,2019-04-03,brooklyn,1403 EAST 55TH STREET NYC
4,FLUSHING-SOUTH,01 ONE FAMILY DWELLINGS,1,6710,52,A5,150-26 78TH AVENUE,11367.0,1.0,0.0,1.0,1800.0,1224.0,1950.0,1,A5,563000,2019-12-04,queens,150-26 78TH AVENUE NYC
2,SOUNDVIEW,03 THREE FAMILY DWELLINGS,1,3781,49,C0,1243 CROES AVENUE,10472.0,3.0,0.0,3.0,1900.0,2650.0,1960.0,1,C0,737500,2019-02-14,bronx,1243 CROES AVENUE NYC
5,CASTLETON CORNERS,02 TWO FAMILY DWELLINGS,1,348,18,B1,105 BEECHWOOD PLACE,10314.0,2.0,0.0,2.0,2334.0,1470.0,1950.0,1,B1,330000,2019-02-15,statenisland,105 BEECHWOOD PLACE NYC
4,FOREST HILLS,01 ONE FAMILY DWELLINGS,1,3339,80,A3,75-33 AUSTIN STREET,11375.0,1.0,0.0,1.0,2807.0,2478.0,1930.0,1,A3,1645000,2019-09-10,queens,75-33 AUSTIN STREET NYC
5,WESTERLEIGH,02 TWO FAMILY DWELLINGS,1,424,14,B2,261 DEEMS AVENUE,10314.0,2.0,0.0,2.0,3000.0,1336.0,1920.0,1,B2,600000,2019-06-13,statenisland,261 DEEMS AVENUE NYC
2,BELMONT,03 THREE FAMILY DWELLINGS,1,3055,29,C0,2359 LORILLARD PLACE,10458.0,3.0,0.0,3.0,4500.0,2310.0,1901.0,1,C0,1275000,2019-04-09,bronx,2359 LORILLARD PLACE NYC
2,BAYCHESTER,02 TWO FAMILY DWELLINGS,1,4737,12,B1,3361 FENTON AVENUE,10469.0,2.0,0.0,2.0,2500.0,3757.0,1935.0,1,B1,680000,2019-05-24,bronx,3361 FENTON AVENUE NYC
4,EAST ELMHURST,02 TWO FAMILY DWELLINGS,1,1676,52,B3,31-31 COUCH PLACE,11369.0,2.0,0.0,2.0,4000.0,2054.0,1955.0,1,B3,1476463,2019-10-31,queens,31-31 COUCH PLACE NYC
4,FRESH MEADOWS,01 ONE FAMILY DWELLINGS,1,7150,37,A5,69-61 197TH STREET,11365.0,1.0,0.0,1.0,1680.0,1925.0,1945.0,1,A5,815000,2019-06-24,queens,69-61 197TH STREET NYC
4,SO. JAMAICA-BAISLEY PARK,37 RELIGIOUS FACILITIES,4,12216,9,M1,121-03 SUTPHIN BOULEVARD,11434.0,1.0,1.0,2.0,2075.0,3640.0,1920.0,4,M1,475000,2019-12-16,queens,121-03 SUTPHIN BOULEVARD NYC
2,BRONXDALE,01 ONE FAMILY DWELLINGS,1,4547,38,A5,3057 WILLIAMSBRIDGE ROAD,10467.0,1.0,0.0,1.0,1111.0,881.0,1920.0,1,A5,426800,2019-11-18,bronx,3057 WILLIAMSBRIDGE ROAD NYC
4,MIDDLE VILLAGE,01 ONE FAMILY DWELLINGS,1,2823,9,A5,58-12 77TH PLACE,11379.0,1.0,0.0,1.0,2197.0,2672.0,1940.0,1,A5,995000,2019-04-04,queens,58-12 77TH PLACE NYC
4,ST. ALBANS,01 ONE FAMILY DWELLINGS,1,12642,56,A5,118-07 NASHVILLE BOULEVARD,11411.0,1.0,0.0,1.0,2000.0,1280.0,1945.0,1,A5,387000,2019-05-10,queens,118-07 NASHVILLE BOULEVARD NYC
3,FLATBUSH-CENTRAL,02 TWO FAMILY DWELLINGS,1,5071,30,B1,56 STRATFORD ROAD,11218.0,2.0,0.0,2.0,2800.0,2160.0,1901.0,1,B1,1325000,2019-04-08,brooklyn,56 STRATFORD ROAD NYC
4,BAYSIDE,03 THREE FAMILY DWELLINGS,1,5893,17,C0,23-37 CORPORAL KENNEDY ST,11360.0,3.0,0.0,3.0,2123.0,3265.0,1975.0,1,C0,1398888,2019-11-19,queens,23-37 CORPORAL KENNEDY ST NYC
5,OAKWOOD,01 ONE FAMILY DWELLINGS,1,4269,39,A2,336 TYSENS LANE,10306.0,1.0,0.0,1.0,4500.0,1056.0,1960.0,1,A2,645000,2019-01-31,statenisland,336 TYSENS LANE NYC
2,SCHUYLERVILLE/PELHAM BAY,03 THREE FAMILY DWELLINGS,1,5377,36,C0,2897 HARRINGTON AVENUE,10461.0,3.0,0.0,3.0,2250.0,1408.0,1930.0,1,C0,564000,2019-08-01,bronx,2897 HARRINGTON AVENUE NYC
4,FLUSHING-SOUTH,01 ONE FAMILY DWELLINGS,1,7001,27,A0,76-42 172ND STREET,11366.0,1.0,0.0,1.0,3800.0,1120.0,1950.0,1,A0,882926,2019-11-21,queens,76-42 172ND STREET NYC
4,SOUTH OZONE PARK,02 TWO FAMILY DWELLINGS,1,11761,2,B3,123-17 133RD AVENUE,11420.0,2.0,0.0,2.0,4000.0,1900.0,1950.0,1,B3,1258901,2019-07-15,queens,123-17 133RD AVENUE NYC
2,MORRIS PARK/VAN NEST,02 TWO FAMILY DWELLINGS,1,4095,20,B3,1711 BOGART AVENUE,10462.0,2.0,0.0,2.0,2500.0,1412.0,1920.0,1,B3,420000,2019-02-22,bronx,1711 BOGART AVENUE NYC
5,GREAT KILLS,01 ONE FAMILY DWELLINGS,1,5458,102,A5,404 COLON AVENUE,10308.0,1.0,0.0,1.0,2121.0,1092.0,1975.0,1,A5,475000,2019-03-29,statenisland,404 COLON AVENUE NYC
3,FLATLANDS,02 TWO FAMILY DWELLINGS,1,7757,15,B9,1139 EAST 53RD STREET,11234.0,2.0,0.0,2.0,2167.0,1561.0,1950.0,1,B9,735000,2019-04-30,brooklyn,1139 EAST 53RD STREET NYC
3,FLATBUSH-EAST,01 ONE FAMILY DWELLINGS,1,4683,81,A2,113 EAST 57TH STREET,11203.0,1.0,0.0,1.0,2486.0,1641.0,1945.0,1,A2,555000,2019-12-17,brooklyn,113 EAST 57TH STREET NYC
4,ELMHURST,01 ONE FAMILY DWELLINGS,1,2483,137,A2,51-61 72ND STREET,11377.0,1.0,0.0,1.0,2424.0,900.0,1901.0,1,A2,729000,2019-12-23,queens,51-61 72ND STREET NYC
4,LAURELTON,02 TWO FAMILY DWELLINGS,1,13112,17,B2,136-27 220TH ST,11413.0,2.0,0.0,2.0,2500.0,1524.0,2006.0,1,B2,800000,2019-04-09,queens,136-27 220TH ST NYC
2,WAKEFIELD,02 TWO FAMILY DWELLINGS,1,5056,140,B1,1962 NEREID AVENUE,10466.0,2.0,0.0,2.0,1620.0,1588.0,1965.0,1,B1,330000,2019-04-19,bronx,1962 NEREID AVENUE NYC
3,BATH BEACH,03 THREE FAMILY DWELLINGS,1,6395,28,C0,117 BAY 10TH STREET,11228.0,3.0,0.0,3.0,1933.0,3024.0,1935.0,1,C0,1345000,2019-08-30,brooklyn,117 BAY 10TH STREET NYC
3,BRIGHTON BEACH,02 TWO FAMILY DWELLINGS,1,8701,78,B3,41 A FAY COURT,11235.0,2.0,0.0,2.0,1600.0,2040.0,1920.0,1,B3,860000,2019-09-19,brooklyn,41 A FAY COURT NYC
4,MIDDLE VILLAGE,02 TWO FAMILY DWELLINGS,1,2926,37,B1,61-66 70TH STREET,11379.0,2.0,0.0,2.0,2300.0,2070.0,1960.0,1,B1,1048800,2019-03-18,queens,61-66 70TH STREET NYC
4,RICHMOND HILL,02 TWO FAMILY DWELLINGS,1,9311,26,B3,91-10 107TH STREET,11418.0,2.0,0.0,2.0,4000.0,2133.0,1920.0,1,B3,750000,2019-07-23,queens,91-10 107TH STREET NYC
4,FLUSHING-SOUTH,01 ONE FAMILY DWELLINGS,1,6709,41,A5,150-06 77TH ROAD,11367.0,1.0,0.0,1.0,1800.0,1530.0,1945.0,1,A5,670000,2019-01-03,queens,150-06 77TH ROAD NYC
5,GREAT KILLS,01 ONE FAMILY DWELLINGS,1,5321,31,A2,54 SEACREST AVENUE,10312.0,1.0,0.0,1.0,4800.0,2420.0,1930.0,1,A2,552052,2019-12-16,statenisland,54 SEACREST AVENUE NYC
3,CANARSIE,02 TWO FAMILY DWELLINGS,1,8220,26,B2,1273 EAST 93RD STREET,11236.0,2.0,0.0,2.0,2200.0,1728.0,1930.0,1,B2,573000,2019-12-11,brooklyn,1273 EAST 93RD STREET NYC
4,HOWARD BEACH,01 ONE FAMILY DWELLINGS,1,14143,16,A2,155-30 101ST STREET,11414.0,1.0,0.0,1.0,4000.0,2112.0,1955.0,1,A2,760000,2019-07-29,queens,155-30 101ST STREET NYC
2,WAKEFIELD,02 TWO FAMILY DWELLINGS,1,5058,51,B1,4365 WILDER AVENUE,10466.0,2.0,0.0,2.0,2012.0,1720.0,1960.0,1,B1,635000,2019-01-14,bronx,4365 WILDER AVENUE NYC
3,GRAVESEND,01 ONE FAMILY DWELLINGS,1,7085,20,A9,405 APPLEGATE COURT,11223.0,1.0,0.0,1.0,1500.0,1184.0,1925.0,1,A9,730000,2019-05-29,brooklyn,405 APPLEGATE COURT NYC
3,CYPRESS HILLS,01 ONE FAMILY DWELLINGS,1,4101,30,A9,22 LOGAN STREET,11208.0,1.0,0.0,1.0,3750.0,1142.0,1920.0,1,A9,680000,2019-03-29,brooklyn,22 LOGAN STREET NYC
4,RICHMOND HILL,02 TWO FAMILY DWELLINGS,1,9327,15,B3,87-20 118TH STREET,11418.0,2.0,0.0,2.0,1840.0,1760.0,1901.0,1,B3,475000,2019-04-29,queens,87-20 118TH STREET NYC
4,FLUSHING-NORTH,01 ONE FAMILY DWELLINGS,1,4981,25,A5,33-06 143RD STREET,11354.0,1.0,0.0,1.0,1640.0,1520.0,1940.0,1,A5,778961,2019-06-26,queens,33-06 143RD STREET NYC
3,BAY RIDGE,01 ONE FAMILY DWELLINGS,1,6015,67,A1,123 84 STREET,11209.0,1.0,0.0,1.0,2667.0,1709.0,1930.0,1,A1,1625000,2019-12-13,brooklyn,123 84 STREET NYC
4,WHITESTONE,02 TWO FAMILY DWELLINGS,1,4637,130,B1,146-39 22ND AVENUE,11357.0,2.0,0.0,2.0,4225.0,3334.0,1960.0,1,B1,1210000,2019-09-18,queens,146-39 22ND AVENUE NYC
3,MIDWOOD,01 ONE FAMILY DWELLINGS,1,6707,16,A1,924 EAST 15TH ST,11230.0,1.0,0.0,1.0,4000.0,2292.0,1925.0,1,A1,980000,2019-01-28,brooklyn,924 EAST 15TH ST NYC
2,HUNTS POINT,02 TWO FAMILY DWELLINGS,1,2737,129,B2,1176 BURNETT PLACE,10474.0,2.0,0.0,2.0,3848.0,2000.0,1910.0,1,B2,750000,2019-05-14,bronx,1176 BURNETT PLACE NYC
4,SPRINGFIELD GARDENS,01 ONE FAMILY DWELLINGS,1,12597,85,A1,170-10 144 AVE,11434.0,1.0,0.0,1.0,2900.0,1596.0,1920.0,1,A1,633000,2019-06-05,queens,170-10 144 AVE NYC
3,RED HOOK,01 ONE FAMILY DWELLINGS,1,577,24,A1,17 WOLCOTT STREET,11231.0,1.0,0.0,1.0,2000.0,1000.0,1915.0,1,A1,1695000,2019-05-21,brooklyn,17 WOLCOTT STREET NYC
4,MIDDLE VILLAGE,02 TWO FAMILY DWELLINGS,1,2989,53,B1,63-61 78TH STREET,11379.0,2.0,0.0,2.0,2200.0,1813.0,1950.0,1,B1,675000,2019-10-16,queens,63-61 78TH STREET NYC
4,CAMBRIA HEIGHTS,01 ONE FAMILY DWELLINGS,1,12785,97,A2,119-25 225 STREET,11411.0,1.0,0.0,1.0,4000.0,1260.0,1945.0,1,A2,590000,2019-03-22,queens,119-25 225 STREET NYC
4,CORONA,03 THREE FAMILY DWELLINGS,1,1778,55,C0,108-43 38TH AVENUE,11368.0,3.0,0.0,3.0,3125.0,1688.0,1920.0,1,C0,475000,2019-09-10,queens,108-43 38TH AVENUE NYC
5,STAPLETON-CLIFTON,01 ONE FAMILY DWELLINGS,1,2839,8,S1,241 TOMPKINS AVENUE,10304.0,1.0,1.0,2.0,3775.0,2016.0,1998.0,1,S1,325000,2019-08-30,statenisland,241 TOMPKINS AVENUE NYC
3,GRAVESEND,02 TWO FAMILY DWELLINGS,1,6877,58,B1,104 BAY 38TH STREET,11214.0,2.0,0.0,2.0,2465.0,2216.0,1935.0,1,B1,1380000,2019-05-17,brooklyn,104 BAY 38TH STREET NYC
2,WILLIAMSBRIDGE,02 TWO FAMILY DWELLINGS,1,4854,15,B1,859 EAST 229TH STREET,10466.0,2.0,0.0,2.0,3242.0,2520.0,1925.0,1,B1,615000,2019-10-29,bronx,859 EAST 229TH STREET NYC
2,WILLIAMSBRIDGE,02 TWO FAMILY DWELLINGS,1,4847,63,B2,852 EAST 223 STREET,10466.0,2.0,0.0,2.0,2856.0,1200.0,1901.0,1,B2,590000,2019-05-23,bronx,852 EAST 223 STREET NYC
3,OLD MILL BASIN,01 ONE FAMILY DWELLINGS,1,7853,59,A9,1328 EAST 56 STREET,11234.0,1.0,0.0,1.0,1800.0,1024.0,1920.0,1,A9,520000,2019-10-07,brooklyn,1328 EAST 56 STREET NYC
3,CROWN HEIGHTS,02 TWO FAMILY DWELLINGS,1,1202,50,B9,1425 PACIFIC STREET,11216.0,2.0,0.0,2.0,1667.0,2688.0,1915.0,1,B9,1265000,2019-11-13,brooklyn,1425 PACIFIC STREET NYC
4,ROSEDALE,01 ONE FAMILY DWELLINGS,1,13688,88,A2,259-46 148TH ROAD,11422.0,1.0,0.0,1.0,4000.0,1000.0,1930.0,1,A2,499000,2019-12-18,queens,259-46 148TH ROAD NYC
3,DYKER HEIGHTS,02 TWO FAMILY DWELLINGS,1,5992,14,B1,916 80TH STREET,11228.0,2.0,0.0,2.0,2450.0,1944.0,1930.0,1,B1,1460000,2019-05-29,brooklyn,916 80TH STREET NYC
2,MORRIS PARK/VAN NEST,01 ONE FAMILY DWELLINGS,1,4264,39,A1,1947 FOWLER AVE,10462.0,1.0,0.0,1.0,2108.0,931.0,1940.0,1,A1,410000,2019-02-25,bronx,1947 FOWLER AVE NYC
3,MILL BASIN,01 ONE FAMILY DWELLINGS,1,8607,13,A2,441 MAYFAIR DRIVE SOUTH,11234.0,1.0,0.0,1.0,3817.0,2310.0,1970.0,1,A2,890000,2019-11-21,brooklyn,441 MAYFAIR DRIVE SOUTH NYC
4,SPRINGFIELD GARDENS,02 TWO FAMILY DWELLINGS,1,12129,62,B3,151-33 134TH AVENUE,11434.0,2.0,0.0,2.0,2120.0,1312.0,1925.0,1,B3,600000,2019-12-09,queens,151-33 134TH AVENUE NYC
3,BATH BEACH,02 TWO FAMILY DWELLINGS,1,6371,70,B3,8646 19TH AVENUE,11214.0,2.0,0.0,2.0,2417.0,3380.0,1930.0,1,B3,1060000,2019-09-10,brooklyn,8646 19TH AVENUE NYC
4,HOLLIS,01 ONE FAMILY DWELLINGS,1,9924,50,A1,89-36 184TH PLACE,11423.0,1.0,0.0,1.0,2500.0,1328.0,1925.0,1,A1,615000,2019-05-28,queens,89-36 184TH PLACE NYC
4,QUEENS VILLAGE,01 ONE FAMILY DWELLINGS,1,10659,53,A1,89-67 215TH PLACE,11427.0,1.0,0.0,1.0,3200.0,1275.0,1930.0,1,A1,618000,2019-10-16,queens,89-67 215TH PLACE NYC
4,FLUSHING-SOUTH,01 ONE FAMILY DWELLINGS,1,6585,85,A2,135-11 77 AVE,11367.0,1.0,0.0,1.0,4300.0,1176.0,1965.0,1,A2,415000,2019-04-01,queens,135-11 77 AVE NYC
3,OCEAN PARKWAY-SOUTH,02 TWO FAMILY DWELLINGS,1,7224,80,B2,737 KATHLEEN PL,11235.0,2.0,0.0,2.0,4005.0,2024.0,1930.0,1,B2,1200000,2019-06-17,brooklyn,737 KATHLEEN PL NYC
3,EAST NEW YORK,01 ONE FAMILY DWELLINGS,1,4420,47,A5,1045 HENDRIX STREET,11207.0,1.0,0.0,1.0,1520.0,1088.0,1960.0,1,A5,480000,2019-07-11,brooklyn,1045 HENDRIX STREET NYC
4,BAYSIDE,01 ONE FAMILY DWELLINGS,1,7337,45,A5,45-32 218TH STREET,11361.0,1.0,0.0,1.0,2700.0,1122.0,1955.0,1,A5,725000,2019-05-21,queens,45-32 218TH STREET NYC
4,FLUSHING-NORTH,02 TWO FAMILY DWELLINGS,1,6736,49,B3,59-26 159TH STREET,11365.0,2.0,0.0,2.0,2400.0,1672.0,1940.0,1,B3,1065000,2019-08-30,queens,59-26 159TH STREET NYC
4,WOODHAVEN,01 ONE FAMILY DWELLINGS,1,8928,3,A1,89-06 88TH AVENUE,11421.0,1.0,0.0,1.0,2258.0,1653.0,1920.0,1,A1,660000,2019-08-23,queens,89-06 88TH AVENUE NYC
4,BROAD CHANNEL,01 ONE FAMILY DWELLINGS,1,15451,6,A1,614 CROSS BAY BLVD,11693.0,1.0,0.0,1.0,4038.0,2800.0,1920.0,1,A1,450000,2019-08-28,queens,614 CROSS BAY BLVD NYC
3,EAST NEW YORK,02 TWO FAMILY DWELLINGS,1,4305,25,B1,738 HENDRIX STREET,11207.0,2.0,0.0,2.0,3060.0,2808.0,2005.0,1,B1,795000,2019-11-27,brooklyn,738 HENDRIX STREET NYC
3,MIDWOOD,01 ONE FAMILY DWELLINGS,1,7680,92,A1,1488 EAST 27 ST,11210.0,1.0,0.0,1.0,2500.0,3000.0,1925.0,1,A1,1250000,2019-01-11,brooklyn,1488 EAST 27 ST NYC
4,QUEENS VILLAGE,01 ONE FAMILY DWELLINGS,1,10666,40,A1,89-17 220TH STREET,11427.0,1.0,0.0,1.0,2500.0,1638.0,1925.0,1,A1,600000,2019-03-11,queens,89-17 220TH STREET NYC
2,BRONXDALE,02 TWO FAMILY DWELLINGS,1,4562,20,B3,2930 PEARSALL AVENUE,10469.0,2.0,0.0,2.0,3300.0,2261.0,1940.0,1,B3,525000,2019-09-09,bronx,2930 PEARSALL AVENUE NYC
3,BUSHWICK,02 TWO FAMILY DWELLINGS,1,3383,19,B2,202 CORNELIA STREET,11221.0,2.0,0.0,2.0,1800.0,2430.0,1905.0,1,B2,800000,2019-04-17,brooklyn,202 CORNELIA STREET NYC
4,FLUSHING-SOUTH,02 TWO FAMILY DWELLINGS,1,6685,55,B3,147-21 76TH ROAD,11367.0,2.0,0.0,2.0,2000.0,2660.0,1955.0,1,B3,1200000,2019-10-10,queens,147-21 76TH ROAD NYC
5,NEW DORP-HEIGHTS,02 TWO FAMILY DWELLINGS,1,4370,10,B2,86 AMBER STREET,10306.0,2.0,0.0,2.0,4000.0,1880.0,1970.0,1,B2,825000,2019-01-31,statenisland,86 AMBER STREET NYC
4,WHITESTONE,02 TWO FAMILY DWELLINGS,1,4683,50,B2,151-09 17TH AVENUE,11357.0,2.0,0.0,2.0,3400.0,2310.0,2017.0,1,B2,1476463,2019-06-25,queens,151-09 17TH AVENUE NYC
4,FOREST HILLS,01 ONE FAMILY DWELLINGS,1,3180,102,A5,67-66 SELFRIDGE STREET,11375.0,1.0,0.0,1.0,1900.0,1292.0,1945.0,1,A5,901000,2019-03-20,queens,67-66 SELFRIDGE STREET NYC
5,NEW BRIGHTON,02 TWO FAMILY DWELLINGS,1,14,99,B1,248 RICHMOND TERRACE,10301.0,2.0,0.0,2.0,3404.0,2208.0,1910.0,1,B1,500000,2019-10-03,statenisland,248 RICHMOND TERRACE NYC
3,GRAVESEND,03 THREE FAMILY DWELLINGS,1,7099,71,C0,2029 WEST 7TH STREET,11223.0,3.0,0.0,3.0,2000.0,2048.0,1910.0,1,C0,910000,2019-03-15,brooklyn,2029 WEST 7TH STREET NYC
2,MORRISANIA/LONGWOOD,02 TWO FAMILY DWELLINGS,1,2972,2,B1,1296 CHISHOLM STREET,10459.0,2.0,0.0,2.0,1036.0,2274.0,2007.0,1,B1,498000,2019-03-22,bronx,1296 CHISHOLM STREET NYC
4,SO. JAMAICA-BAISLEY PARK,01 ONE FAMILY DWELLINGS,1,12209,127,A9,153-34 118TH AVENUE,11434.0,1.0,0.0,1.0,1350.0,676.0,1915.0,1,A9,420000,2019-08-30,queens,153-34 118TH AVENUE NYC
4,OAKLAND GARDENS,01 ONE FAMILY DWELLINGS,1,7834,29,A2,226-44 76TH AVENUE,11364.0,1.0,0.0,1.0,4100.0,1248.0,1955.0,1,A2,880000,2019-07-11,queens,226-44 76TH AVENUE NYC
4,FOREST HILLS,01 ONE FAMILY DWELLINGS,1,3186,39,A5,95-09 68TH AVENUE,11375.0,1.0,0.0,1.0,1800.0,1483.0,1940.0,1,A5,1135000,2019-10-11,queens,95-09 68TH AVENUE NYC
3,CANARSIE,02 TWO FAMILY DWELLINGS,1,8036,13,B1,1065 EAST 84TH STREET,11236.0,2.0,0.0,2.0,2033.0,1800.0,1965.0,1,B1,680821,2019-06-27,brooklyn,1065 EAST 84TH STREET NYC
4,QUEENS VILLAGE,01 ONE FAMILY DWELLINGS,1,11140,128,A1,214-21 113TH AVENUE,11429.0,1.0,0.0,1.0,3000.0,1400.0,1930.0,1,A1,540000,2019-11-04,queens,214-21 113TH AVENUE NYC
2,MORRIS PARK/VAN NEST,02 TWO FAMILY DWELLINGS,1,4048,60,B2,1837 VICTOR STREET,10462.0,2.0,0.0,2.0,2500.0,2000.0,1901.0,1,B2,600000,2019-06-24,bronx,1837 VICTOR STREET NYC
5,ROSEBANK,01 ONE FAMILY DWELLINGS,1,2859,127,A1,314 WINGHAM STREET,10305.0,1.0,0.0,1.0,2809.0,1160.0,1910.0,1,A1,415000,2019-07-30,statenisland,314 WINGHAM STREET NYC
3,OCEAN PARKWAY-NORTH,01 ONE FAMILY DWELLINGS,1,6639,36,A9,1660 EAST 8TH STREET,11223.0,1.0,0.0,1.0,2049.0,1370.0,1930.0,1,A9,825000,2019-06-07,brooklyn,1660 EAST 8TH STREET NYC
4,FAR ROCKAWAY,02 TWO FAMILY DWELLINGS,1,15724,1,B3,1275 WATERVIEW STREET,11691.0,2.0,0.0,2.0,2696.0,2140.0,1960.0,1,B3,667500,2019-10-22,queens,1275 WATERVIEW STREET NYC
2,THROGS NECK,37 RELIGIOUS FACILITIES,4,5439,108,M1,3877 EAST TREMONT AVE,10465.0,0.0,1.0,1.0,2844.0,2840.0,1925.0,4,M1,950000,2019-02-15,bronx,3877 EAST TREMONT AVE NYC
4,MASPETH,02 TWO FAMILY DWELLINGS,1,2703,102,B2,60-36 56TH AVENUE,11378.0,2.0,0.0,2.0,2100.0,1620.0,1910.0,1,B2,846500,2019-07-09,queens,60-36 56TH AVENUE NYC
4,SO. JAMAICA-BAISLEY PARK,01 ONE FAMILY DWELLINGS,1,12195,60,A1,114-21 158TH STREET,11434.0,1.0,0.0,1.0,3700.0,1436.0,1935.0,1,A1,390000,2019-11-13,queens,114-21 158TH STREET NYC
4,RICHMOND HILL,02 TWO FAMILY DWELLINGS,1,9423,57,B1,101-53 105TH STREET,11416.0,2.0,0.0,2.0,3000.0,1980.0,1950.0,1,B1,450000,2019-10-28,queens,101-53 105TH STREET NYC
4,OZONE PARK,03 THREE FAMILY DWELLINGS,1,9092,17,C0,88-07 103TH AVENUE,11417.0,3.0,0.0,3.0,3900.0,2520.0,2007.0,1,C0,850000,2019-11-26,queens,88-07 103TH AVENUE NYC
4,SOUTH OZONE PARK,01 ONE FAMILY DWELLINGS,1,11897,14,A2,150-45 128TH STREET,11420.0,1.0,0.0,1.0,3625.0,1125.0,1950.0,1,A2,530000,2019-03-04,queens,150-45 128TH STREET NYC
5,PRINCES BAY,01 ONE FAMILY DWELLINGS,1,6724,41,A1,5884 AMBOY ROAD,10309.0,1.0,0.0,1.0,4512.0,1489.0,2004.0,1,A1,600000,2019-03-14,statenisland,5884 AMBOY ROAD NYC
4,WOODHAVEN,02 TWO FAMILY DWELLINGS,1,8887,33,B3,94-29 86TH AVENUE,11421.0,2.0,0.0,2.0,4033.0,2113.0,1920.0,1,B3,950000,2019-03-27,queens,94-29 86TH AVENUE NYC
5,ELTINGVILLE,02 TWO FAMILY DWELLINGS,1,5600,82,B2,585 LAMOKA AVENUE,10312.0,2.0,0.0,2.0,4000.0,2400.0,1975.0,1,B2,830000,2019-10-24,statenisland,585 LAMOKA AVENUE NYC
2,WESTCHESTER,02 TWO FAMILY DWELLINGS,1,3990,35,B1,1636 GLOVER STREET,10462.0,2.0,0.0,2.0,2657.0,3410.0,1960.0,1,B1,528000,2019-07-01,bronx,1636 GLOVER STREET NYC
2,MORRIS PARK/VAN NEST,01 ONE FAMILY DWELLINGS,1,4268,61,A9,1958 COLDEN AVENUE,10462.0,1.0,0.0,1.0,1942.0,1980.0,1955.0,1,A9,568000,2019-08-07,bronx,1958 COLDEN AVENUE NYC
4,BAYSIDE,01 ONE FAMILY DWELLINGS,1,7377,62,A5,50-01 FRANCIS LEWIS BLVD,11364.0,1.0,0.0,1.0,2231.0,1224.0,1955.0,1,A5,425000,2019-08-12,queens,50-01 FRANCIS LEWIS BLVD NYC
5,GREAT KILLS,01 ONE FAMILY DWELLINGS,1,5143,48,A5,40 BROWN AVENUE,10308.0,1.0,0.0,1.0,3296.0,1350.0,1989.0,1,A5,370000,2019-11-12,statenisland,40 BROWN AVENUE NYC
4,WOODHAVEN,01 ONE FAMILY DWELLINGS,1,8978,29,A1,91-44 85TH STREET,11421.0,1.0,0.0,1.0,2000.0,1336.0,1920.0,1,A1,535000,2019-09-06,queens,91-44 85TH STREET NYC
5,WESTERLEIGH,01 ONE FAMILY DWELLINGS,1,1463,1,A1,259 WATERS AVENUE,10314.0,1.0,0.0,1.0,2375.0,1108.0,1930.0,1,A1,380000,2019-02-28,statenisland,259 WATERS AVENUE NYC
3,BEDFORD STUYVESANT,02 TWO FAMILY DWELLINGS,1,1768,35,B1,636 WILLOUGHBY AVENUE,11206.0,2.0,0.0,2.0,1875.0,2532.0,1910.0,1,B1,1825000,2019-02-25,brooklyn,636 WILLOUGHBY AVENUE NYC
4,OAKLAND GARDENS,01 ONE FAMILY DWELLINGS,1,7687,19,A2,69-28 229TH STREET,11364.0,1.0,0.0,1.0,4000.0,900.0,1950.0,1,A2,1700000,2019-12-06,queens,69-28 229TH STREET NYC
3,FLATBUSH-EAST,01 ONE FAMILY DWELLINGS,1,4736,23,A9,544 EAST 52ND STREET,11203.0,1.0,0.0,1.0,2000.0,1378.0,1920.0,1,A9,475000,2019-05-23,brooklyn,544 EAST 52ND STREET NYC
4,FRESH MEADOWS,02 TWO FAMILY DWELLINGS,1,7070,31,B3,181-09 64TH AVENUE,11365.0,2.0,0.0,2.0,4000.0,1924.0,1945.0,1,B3,1570000,2019-11-21,queens,181-09 64TH AVENUE NYC
3,OCEAN PARKWAY-SOUTH,02 TWO FAMILY DWELLINGS,1,7184,108,B1,721 CRAWFORD AVENUE,11223.0,2.0,0.0,2.0,1950.0,1710.0,1930.0,1,B1,898000,2019-10-30,brooklyn,721 CRAWFORD AVENUE NYC
5,ELTINGVILLE,02 TWO FAMILY DWELLINGS,1,5607,73,B2,91 SCRANTON AVENUE,10312.0,2.0,0.0,2.0,4300.0,1560.0,1965.0,1,B2,603000,2019-10-18,statenisland,91 SCRANTON AVENUE NYC
2,BATHGATE,02 TWO FAMILY DWELLINGS,1,3046,29,B3,2094 WASHINGTON AVE,10457.0,2.0,0.0,2.0,2182.0,2588.0,1901.0,1,B3,450000,2019-01-31,bronx,2094 WASHINGTON AVE NYC
4,MASPETH,14 RENTALS - 4-10 UNIT,2A,2774,31,S3,66-40 GRAND AVENUE,11378.0,3.0,1.0,4.0,3000.0,2652.0,1930.0,2,S3,1225000,2019-09-03,queens,66-40 GRAND AVENUE NYC
4,BELLEROSE,01 ONE FAMILY DWELLINGS,1,8606,72,A1,84-47 252ND STREET,11426.0,1.0,0.0,1.0,4000.0,1272.0,1940.0,1,A1,625000,2019-05-08,queens,84-47 252ND STREET NYC
3,OCEAN PARKWAY-SOUTH,02 TWO FAMILY DWELLINGS,1,7204,91,B1,735 DUNNE COURT,11235.0,2.0,0.0,2.0,2500.0,2244.0,1940.0,1,B1,805000,2019-10-11,brooklyn,735 DUNNE COURT NYC
3,BUSHWICK,01 ONE FAMILY DWELLINGS,1,3423,41,S1,582 WILSON AVENUE,11207.0,1.0,1.0,2.0,1928.0,1600.0,1931.0,1,S1,840000,2019-07-11,brooklyn,582 WILSON AVENUE NYC
4,SO. JAMAICA-BAISLEY PARK,01 ONE FAMILY DWELLINGS,1,11969,43,A1,114-43 139TH ST.,11436.0,1.0,0.0,1.0,2500.0,1568.0,1920.0,1,A1,410000,2019-04-24,queens,114-43 139TH ST. NYC
4,HOLLIS,01 ONE FAMILY DWELLINGS,1,10851,16,A0,99-22 205TH STREET,11423.0,1.0,0.0,1.0,4000.0,1174.0,1950.0,1,A0,415000,2019-12-16,queens,99-22 205TH STREET NYC
5,GREAT KILLS,01 ONE FAMILY DWELLINGS,1,5026,115,A5,4 OVIS PLACE,10306.0,1.0,0.0,1.0,3080.0,1232.0,1975.0,1,A5,540000,2019-12-10,statenisland,4 OVIS PLACE NYC
4,SOUTH OZONE PARK,01 ONE FAMILY DWELLINGS,1,11708,9,A1,115-03 SUTTER AVENUE,11420.0,1.0,0.0,1.0,2400.0,1368.0,1930.0,1,A1,575000,2019-09-23,queens,115-03 SUTTER AVENUE NYC
2,SOUNDVIEW,03 THREE FAMILY DWELLINGS,1,3874,63,C0,1329 COMMONWEALTH AVENUE,10472.0,3.0,0.0,3.0,2500.0,3685.0,1925.0,1,C0,590000,2019-03-18,bronx,1329 COMMONWEALTH AVENUE NYC
2,MOUNT HOPE/MOUNT EDEN,03 THREE FAMILY DWELLINGS,1,2787,60,C0,1501 TELLER AVENUE,10457.0,3.0,0.0,3.0,1800.0,3292.0,1920.0,1,C0,740000,2019-08-05,bronx,1501 TELLER AVENUE NYC
5,NEW DORP-HEIGHTS,01 ONE FAMILY DWELLINGS,1,4340,50,A5,102 EBONY STREET,10306.0,1.0,0.0,1.0,3096.0,1176.0,1965.0,1,A5,520000,2019-06-28,statenisland,102 EBONY STREET NYC
2,BELMONT,03 THREE FAMILY DWELLINGS,1,3055,29,C0,2359 LORILLARD PLACE,10458.0,3.0,0.0,3.0,4500.0,2310.0,1901.0,1,C0,900000,2019-02-25,bronx,2359 LORILLARD PLACE NYC
2,WILLIAMSBRIDGE,01 ONE FAMILY DWELLINGS,1,4855,68,B2,832 EAST 231 STREET,10466.0,2.0,0.0,2.0,3813.0,1936.0,1921.0,1,A2,816000,2019-12-02,bronx,832 EAST 231 STREET NYC
3,BOROUGH PARK,02 TWO FAMILY DWELLINGS,1,5687,26,B1,944 56TH STREET,11219.0,2.0,0.0,2.0,2329.0,2344.0,1925.0,1,B1,1500000,2019-02-07,brooklyn,944 56TH STREET NYC
3,FLATBUSH-EAST,02 TWO FAMILY DWELLINGS,1,4947,7,B1,3016 CLARENDON RD,11226.0,2.0,0.0,2.0,1600.0,1904.0,1905.0,1,B1,720000,2019-07-01,brooklyn,3016 CLARENDON RD NYC
3,SUNSET PARK,02 TWO FAMILY DWELLINGS,1,708,62,B9,331 40TH STREET,11232.0,2.0,0.0,2.0,1667.0,1000.0,1910.0,1,B9,405000,2019-01-04,brooklyn,331 40TH STREET NYC
3,BRIGHTON BEACH,02 TWO FAMILY DWELLINGS,1,8719,53,B3,119 CORBIN PLACE,11235.0,2.0,0.0,2.0,1700.0,1962.0,1930.0,1,B3,875000,2019-03-05,brooklyn,119 CORBIN PLACE NYC
5,GREAT KILLS,01 ONE FAMILY DWELLINGS,1,5311,79,A5,9 WALNUT AVENUE,10308.0,1.0,0.0,1.0,3525.0,1298.0,1975.0,1,A5,438000,2019-02-13,statenisland,9 WALNUT AVENUE NYC
2,WILLIAMSBRIDGE,03 THREE FAMILY DWELLINGS,1,4859,32,C0,913 EAST 223 STREET,10466.0,3.0,0.0,3.0,2500.0,2440.0,1925.0,1,C0,535000,2019-12-04,bronx,913 EAST 223 STREET NYC
2,SOUNDVIEW,01 ONE FAMILY DWELLINGS,1,3520,60,A2,531 ST LAWRENCE AVENUE,10473.0,1.0,0.0,1.0,3000.0,1180.0,1945.0,1,A2,479000,2019-02-15,bronx,531 ST LAWRENCE AVENUE NYC
2,THROGS NECK,02 TWO FAMILY DWELLINGS,1,5599,14,B1,236 ROBINSON AVENUE,10465.0,2.0,0.0,2.0,2500.0,3188.0,1975.0,1,B1,770000,2019-05-30,bronx,236 ROBINSON AVENUE NYC
4,HOLLIS,01 ONE FAMILY DWELLINGS,1,10494,136,A1,88-18 201ST STREET,11423.0,1.0,0.0,1.0,2000.0,952.0,1925.0,1,A1,499999,2019-10-22,queens,88-18 201ST STREET NYC
4,OZONE PARK,02 TWO FAMILY DWELLINGS,1,9052,43,B3,97-41 81ST STREET,11416.0,2.0,0.0,2.0,2000.0,1783.0,1925.0,1,B3,800000,2019-05-17,queens,97-41 81ST STREET NYC
3,BROWNSVILLE,01 ONE FAMILY DWELLINGS,1,3517,9,A5,117 HERZL STREET,11212.0,1.0,0.0,1.0,2000.0,1620.0,1987.0,1,A5,506242,2019-10-24,brooklyn,117 HERZL STREET NYC
5,BULLS HEAD,01 ONE FAMILY DWELLINGS,1,1598,48,A5,202 KIRSHON AVENUE,10314.0,1.0,0.0,1.0,2750.0,1440.0,1975.0,1,A5,585000,2019-08-16,statenisland,202 KIRSHON AVENUE NYC
4,QUEENS VILLAGE,01 ONE FAMILY DWELLINGS,1,10789,47,A2,97-28 222ND STREET,11429.0,1.0,0.0,1.0,4074.0,1008.0,1960.0,1,A2,615000,2019-09-26,queens,97-28 222ND STREET NYC
4,HOLLIS,02 TWO FAMILY DWELLINGS,1,10479,83,B3,94-08 FRANCIS LEWIS BLVD,11428.0,2.0,0.0,2.0,2500.0,1216.0,1925.0,1,B3,565000,2019-02-22,queens,94-08 FRANCIS LEWIS BLVD NYC
3,CROWN HEIGHTS,02 TWO FAMILY DWELLINGS,1,1237,79,B9,1105 PARK PLACE,11213.0,2.0,0.0,2.0,3000.0,2844.0,1901.0,1,B9,1400000,2019-10-16,brooklyn,1105 PARK PLACE NYC
5,NEW SPRINGVILLE,02 TWO FAMILY DWELLINGS,1,1991,1,B9,15 GREENWAY AVENUE,10314.0,2.0,0.0,2.0,3174.0,1344.0,1998.0,1,B9,500000,2019-01-08,statenisland,15 GREENWAY AVENUE NYC
4,ELMHURST,01 ONE FAMILY DWELLINGS,1,2869,2,A1,86-04 56TH AVENUE,11373.0,1.0,0.0,1.0,2700.0,2214.0,1925.0,1,A1,925000,2019-12-26,queens,86-04 56TH AVENUE NYC
3,BUSHWICK,03 THREE FAMILY DWELLINGS,1,3381,21,C0,84 CORNELIA ST,11221.0,3.0,0.0,3.0,2000.0,3000.0,1905.0,1,C0,1555000,2019-10-28,brooklyn,84 CORNELIA ST NYC
3,BEDFORD STUYVESANT,03 THREE FAMILY DWELLINGS,1,1655,19,C0,590 JEFFERSON AVE,11221.0,3.0,0.0,3.0,1900.0,3516.0,1901.0,1,C0,1300000,2019-06-03,brooklyn,590 JEFFERSON AVE NYC
5,MARINERS HARBOR,02 TWO FAMILY DWELLINGS,1,1254,16,B2,123 SOUTH AVENUE,10303.0,2.0,0.0,2.0,3254.0,1300.0,2001.0,1,B2,477000,2019-09-12,statenisland,123 SOUTH AVENUE NYC
4,SUNNYSIDE,02 TWO FAMILY DWELLINGS,1,182,82,B1,39-06 44TH STREET,11104.0,2.0,0.0,2.0,1517.0,1400.0,1945.0,1,B1,1290000,2019-01-10,queens,39-06 44TH STREET NYC
2,MOTT HAVEN/PORT MORRIS,41 TAX CLASS 4 - OTHER,4,2327,15,Z9,N/A COURTLANDT AVENUE,10451.0,0.0,1.0,1.0,1093.0,1050.0,1996.0,4,Z9,435000,2019-03-15,bronx,N/A COURTLANDT AVENUE NYC
4,SOUTH OZONE PARK,01 ONE FAMILY DWELLINGS,1,11776,12,A1,131-12 131ST AVENUE,11420.0,1.0,0.0,1.0,3000.0,1152.0,1930.0,1,A1,582000,2019-02-13,queens,131-12 131ST AVENUE NYC
4,JACKSON HEIGHTS,02 TWO FAMILY DWELLINGS,1,1123,104,B1,74-08 30TH AVENUE,11370.0,2.0,0.0,2.0,2156.0,1764.0,1955.0,1,B1,900000,2019-03-14,queens,74-08 30TH AVENUE NYC
2,THROGS NECK,02 TWO FAMILY DWELLINGS,1,5593,49,B1,228 BRINSMADE AVENUE,10465.0,2.0,0.0,2.0,2675.0,1804.0,1950.0,1,B1,614800,2019-06-12,bronx,228 BRINSMADE AVENUE NYC
4,ASTORIA,03 THREE FAMILY DWELLINGS,1,843,17,C0,23-53 28TH STREET,11105.0,3.0,0.0,3.0,2358.0,2600.0,1925.0,1,C0,1750000,2019-12-30,queens,23-53 28TH STREET NYC
5,ELTINGVILLE,02 TWO FAMILY DWELLINGS,1,5701,29,B2,62 GRANTWOOD AVENUE,10312.0,2.0,0.0,2.0,4040.0,2192.0,1970.0,1,B2,800000,2019-11-12,statenisland,62 GRANTWOOD AVENUE NYC
4,WOODSIDE,30 WAREHOUSES,4,1209,14,E1,37-16 55TH STREET,11377.0,0.0,1.0,1.0,3000.0,4200.0,1991.0,4,E1,1250000,2019-01-25,queens,37-16 55TH STREET NYC
5,PLEASANT PLAINS,01 ONE FAMILY DWELLINGS,1,6796,133,A2,52 CORDELIA AVENUE,10309.0,1.0,0.0,1.0,4485.0,1204.0,1965.0,1,A2,520000,2019-03-28,statenisland,52 CORDELIA AVENUE NYC
3,SUNSET PARK,03 THREE FAMILY DWELLINGS,1,822,61,C0,325 55 ST,11220.0,3.0,0.0,3.0,1786.0,2082.0,1901.0,1,C0,1130000,2019-10-29,brooklyn,325 55 ST NYC
3,DYKER HEIGHTS,01 ONE FAMILY DWELLINGS,1,6337,3,A1,8517 11TH AVENUE,11228.0,1.0,0.0,1.0,2325.0,1472.0,1920.0,1,A1,950000,2019-06-14,brooklyn,8517 11TH AVENUE NYC
4,FLUSHING-NORTH,02 TWO FAMILY DWELLINGS,1,5612,40,B1,193-12 47TH AVENUE,11358.0,2.0,0.0,2.0,2945.0,2640.0,1965.0,1,B1,1100000,2019-06-21,queens,193-12 47TH AVENUE NYC
4,RICHMOND HILL,02 TWO FAMILY DWELLINGS,1,9275,47,B3,86-16 122ND STREET,11418.0,2.0,0.0,2.0,3742.0,1720.0,1925.0,1,B3,655000,2019-11-22,queens,86-16 122ND STREET NYC
3,EAST NEW YORK,02 TWO FAMILY DWELLINGS,1,4325,31,B9,1989 LINDEN BOULEVARD,11207.0,2.0,0.0,2.0,1740.0,1118.0,1950.0,1,B9,650000,2019-01-04,brooklyn,1989 LINDEN BOULEVARD NYC
4,FLUSHING-SOUTH,01 ONE FAMILY DWELLINGS,1,6435,24,A5,150-45 61ST ROAD,11367.0,1.0,0.0,1.0,2300.0,1683.0,1950.0,1,A5,830000,2019-06-18,queens,150-45 61ST ROAD NYC
3,FLATLANDS,01 ONE FAMILY DWELLINGS,1,7829,40,A2,1447 EAST 49TH STREET,11234.0,1.0,0.0,1.0,3045.0,2149.0,1960.0,1,A2,650000,2019-10-07,brooklyn,1447 EAST 49TH STREET NYC
5,WILLOWBROOK,01 ONE FAMILY DWELLINGS,1,733,15,A2,216 BYRNE AVENUE,10314.0,1.0,0.0,1.0,4000.0,1040.0,1955.0,1,A2,565000,2019-01-30,statenisland,216 BYRNE AVENUE NYC
4,CAMBRIA HEIGHTS,01 ONE FAMILY DWELLINGS,1,11304,19,A5,115-89 222ND STREET,11411.0,1.0,0.0,1.0,2000.0,1536.0,1940.0,1,A5,485000,2019-04-29,queens,115-89 222ND STREET NYC
2,WAKEFIELD,01 ONE FAMILY DWELLINGS,1,5050,23,A5,4346 BOYD AVENUE,10466.0,1.0,0.0,1.0,2450.0,1568.0,1925.0,1,A5,311000,2019-06-28,bronx,4346 BOYD AVENUE NYC
2,WOODLAWN,02 TWO FAMILY DWELLINGS,1,3379,32,B1,250 EAST 239 STREET,10470.0,2.0,0.0,2.0,2500.0,1880.0,2002.0,1,B1,760000,2019-06-10,bronx,250 EAST 239 STREET NYC
3,BAY RIDGE,02 TWO FAMILY DWELLINGS,1,5885,63,B3,7001 RIDGE CREST TERRACE,11209.0,2.0,0.0,2.0,2400.0,1938.0,1925.0,1,B3,1255000,2019-02-19,brooklyn,7001 RIDGE CREST TERRACE NYC
4,RICHMOND HILL,03 THREE FAMILY DWELLINGS,1,9605,21,C0,107-30 126TH STREET,11419.0,3.0,0.0,3.0,3800.0,2464.0,1931.0,1,C0,870000,2019-09-10,queens,107-30 126TH STREET NYC
4,RICHMOND HILL,01 ONE FAMILY DWELLINGS,1,9552,50,A1,107-59 114TH STREET,11419.0,1.0,0.0,1.0,2502.0,1248.0,1935.0,1,A1,586000,2019-03-22,queens,107-59 114TH STREET NYC
3,CROWN HEIGHTS,02 TWO FAMILY DWELLINGS,1,1132,51,B9,829 DEAN STREET,11238.0,2.0,0.0,2.0,1797.0,1640.0,1910.0,1,B9,1625000,2019-12-31,brooklyn,829 DEAN STREET NYC
4,SOUTH JAMAICA,01 ONE FAMILY DWELLINGS,1,11960,17,A5,11143 144TH ST,11435.0,1.0,0.0,1.0,2200.0,924.0,1940.0,1,A5,361000,2019-03-15,queens,11143 144TH ST NYC
3,OCEAN HILL,03 THREE FAMILY DWELLINGS,1,1569,27,C0,10 MONACO PL,11233.0,3.0,0.0,3.0,1853.0,2565.0,1910.0,1,C0,408333,2019-08-22,brooklyn,10 MONACO PL NYC
3,OCEAN PARKWAY-NORTH,01 ONE FAMILY DWELLINGS,1,6498,82,A5,735 EAST 10TH STREET,11230.0,1.0,0.0,1.0,1837.0,1528.0,1910.0,1,A5,1355000,2019-06-27,brooklyn,735 EAST 10TH STREET NYC
5,ROSEBANK,01 ONE FAMILY DWELLINGS,1,2985,64,A5,45 MARYLAND LANE,10305.0,1.0,0.0,1.0,1095.0,1060.0,1988.0,1,A5,365000,2019-01-23,statenisland,45 MARYLAND LANE NYC
3,MARINE PARK,01 ONE FAMILY DWELLINGS,1,8474,73,A5,1866 EAST 31ST STREET,11234.0,1.0,0.0,1.0,1850.0,1836.0,1925.0,1,A5,735000,2019-10-22,brooklyn,1866 EAST 31ST STREET NYC
2,BRONXDALE,01 ONE FAMILY DWELLINGS,1,4557,30,A5,2946 LURTING AVENUE,10469.0,1.0,0.0,1.0,1950.0,1152.0,1950.0,1,A5,500000,2019-12-20,bronx,2946 LURTING AVENUE NYC
4,SPRINGFIELD GARDENS,01 ONE FAMILY DWELLINGS,1,12539,31,A2,130-19 177TH STREET,11434.0,1.0,0.0,1.0,4000.0,1195.0,1930.0,1,A2,400000,2019-11-08,queens,130-19 177TH STREET NYC
2,SOUNDVIEW,03 THREE FAMILY DWELLINGS,1,3868,66,C0,1305 HARROD AVENUE,10472.0,3.0,0.0,3.0,1125.0,2835.0,2004.0,1,C0,460000,2019-09-09,bronx,1305 HARROD AVENUE NYC
4,QUEENS VILLAGE,01 ONE FAMILY DWELLINGS,1,10620,61,A1,216-19 94TH ROAD,11428.0,1.0,0.0,1.0,4000.0,2154.0,1930.0,1,A1,626000,2019-10-15,queens,216-19 94TH ROAD NYC
4,WOODHAVEN,07 RENTALS - WALKUP APARTMENTS,2A,8899,32,C5,74-17 87TH AVENUE,11421.0,4.0,0.0,4.0,2017.0,2128.0,1901.0,2,C5,500000,2019-11-20,queens,74-17 87TH AVENUE NYC
4,LAURELTON,02 TWO FAMILY DWELLINGS,1,13030,1,B3,217-17 137TH ROAD,11413.0,2.0,0.0,2.0,4004.0,2401.0,1920.0,1,B3,875000,2019-05-23,queens,217-17 137TH ROAD NYC
4,WHITESTONE,02 TWO FAMILY DWELLINGS,1,4646,12,B1,15-12 149TH STREET,11357.0,2.0,0.0,2.0,4000.0,2300.0,2017.0,1,B1,1792120,2019-07-19,queens,15-12 149TH STREET NYC
5,MARINERS HARBOR,01 ONE FAMILY DWELLINGS,1,1188,61,A5,14 GIORDAN COURT,10303.0,1.0,0.0,1.0,1600.0,1496.0,1989.0,1,A5,566368,2019-01-10,statenisland,14 GIORDAN COURT NYC
2,HIGHBRIDGE/MORRIS HEIGHTS,02 TWO FAMILY DWELLINGS,1,2881,6,S2,1812 CEDAR AVENUE,10453.0,2.0,1.0,3.0,1349.0,3264.0,1901.0,1,S2,499999,2019-11-27,bronx,1812 CEDAR AVENUE NYC
4,SOUTH OZONE PARK,02 TWO FAMILY DWELLINGS,1,11721,2,B3,130-54 115TH STREET,11420.0,2.0,0.0,2.0,2500.0,1682.0,1925.0,1,B3,490000,2019-02-13,queens,130-54 115TH STREET NYC
4,BAYSIDE,02 TWO FAMILY DWELLINGS,1,7523,26,B2,57-54 CLOVERDALE BOULEVARD,11364.0,2.0,0.0,2.0,3000.0,1960.0,1965.0,1,B2,1180000,2019-09-09,queens,57-54 CLOVERDALE BOULEVARD NYC
4,WOODHAVEN,01 ONE FAMILY DWELLINGS,1,8909,38,A5,89-15 78TH STREET,11421.0,1.0,0.0,1.0,1657.0,1104.0,1920.0,1,A5,543000,2019-04-01,queens,89-15 78TH STREET NYC
4,MIDDLE VILLAGE,02 TWO FAMILY DWELLINGS,1,3781,27,B2,79-34 67TH ROAD,11379.0,2.0,0.0,2.0,1958.0,1805.0,1920.0,1,B2,770000,2019-07-26,queens,79-34 67TH ROAD NYC
3,EAST NEW YORK,02 TWO FAMILY DWELLINGS,1,4310,127,B1,738 WARWICK STREET,11207.0,2.0,0.0,2.0,3000.0,1920.0,1960.0,1,B1,755000,2019-10-15,brooklyn,738 WARWICK STREET NYC
4,RICHMOND HILL,02 TWO FAMILY DWELLINGS,1,9579,5,S2,125-10 LIBERTY AVENUE,11419.0,2.0,1.0,3.0,1885.0,2520.0,1931.0,1,S2,1500000,2019-07-02,queens,125-10 LIBERTY AVENUE NYC
4,FLUSHING-NORTH,01 ONE FAMILY DWELLINGS,1,5571,18,A0,49-23 167TH STREET,11365.0,1.0,0.0,1.0,4000.0,910.0,1949.0,1,A0,701031,2019-09-16,queens,49-23 167TH STREET NYC
4,SOUTH JAMAICA,03 THREE FAMILY DWELLINGS,1,10121,67,C0,153-14 SOUTH ROAD,11433.0,3.0,0.0,3.0,1520.0,1480.0,1915.0,1,C0,389000,2019-11-19,queens,153-14 SOUTH ROAD NYC
5,STAPLETON,01 ONE FAMILY DWELLINGS,1,563,17,A5,255A TARGEE STREET,10304.0,1.0,0.0,1.0,2345.0,1080.0,2004.0,1,A5,483000,2019-10-25,statenisland,255A TARGEE STREET NYC
4,HOLLIS,01 ONE FAMILY DWELLINGS,1,10452,20,A1,89-12 191ST STREET,11423.0,1.0,0.0,1.0,4000.0,1800.0,1915.0,1,A1,710000,2019-12-09,queens,89-12 191ST STREET NYC
2,WAKEFIELD,01 ONE FAMILY DWELLINGS,1,5017,23,A5,1914 PITMAN AVENUE,10466.0,1.0,0.0,1.0,1750.0,1666.0,1950.0,1,A5,430000,2019-09-03,bronx,1914 PITMAN AVENUE NYC
3,BAY RIDGE,02 TWO FAMILY DWELLINGS,1,5960,24,B1,338 77TH STREET,11209.0,2.0,0.0,2.0,2187.0,3144.0,1910.0,1,B1,998000,2019-12-20,brooklyn,338 77TH STREET NYC
2,BAYCHESTER,02 TWO FAMILY DWELLINGS,1,4885,72,B1,3452 ELY AVENUE,10469.0,2.0,0.0,2.0,2375.0,2227.0,1920.0,1,B1,410000,2019-05-22,bronx,3452 ELY AVENUE NYC
5,CLOVE LAKES,02 TWO FAMILY DWELLINGS,1,328,40,B9,1184 CLOVE ROAD,10301.0,2.0,0.0,2.0,2470.0,1536.0,2004.0,1,B9,500000,2019-11-22,statenisland,1184 CLOVE ROAD NYC
3,CANARSIE,02 TWO FAMILY DWELLINGS,1,8280,22,B1,1529 EAST 96TH STREET,11236.0,2.0,0.0,2.0,3000.0,3000.0,1920.0,1,B1,620000,2019-11-20,brooklyn,1529 EAST 96TH STREET NYC
3,FLATBUSH-EAST,01 ONE FAMILY DWELLINGS,1,7724,49,A1,1606 ALBANY AVENUE,11210.0,1.0,0.0,1.0,2400.0,1120.0,1920.0,1,A1,460000,2019-08-22,brooklyn,1606 ALBANY AVENUE NYC
3,MADISON,01 ONE FAMILY DWELLINGS,1,7338,4,A5,3008 AVENUE T,11229.0,1.0,0.0,1.0,1850.0,1152.0,1930.0,1,A5,630000,2019-06-14,brooklyn,3008 AVENUE T NYC
4,RICHMOND HILL,01 ONE FAMILY DWELLINGS,1,9318,5,A1,91-28 112TH STREET,11418.0,1.0,0.0,1.0,2500.0,1188.0,1920.0,1,A1,560000,2019-11-12,queens,91-28 112TH STREET NYC
4,ST. ALBANS,01 ONE FAMILY DWELLINGS,1,11017,65,A5,114-21 200TH STREET,11412.0,1.0,0.0,1.0,2000.0,1200.0,1945.0,1,A5,425000,2019-05-23,queens,114-21 200TH STREET NYC
3,BEDFORD STUYVESANT,07 RENTALS - WALKUP APARTMENTS,2A,1795,79,C3,611 GREENE AVENUE,11221.0,4.0,0.0,4.0,2200.0,3655.0,1931.0,2,C3,970000,2019-05-09,brooklyn,611 GREENE AVENUE NYC
4,BRIARWOOD,03 THREE FAMILY DWELLINGS,1,9713,126,C0,140-66B BURDEN CRESCENT,11435.0,3.0,0.0,3.0,2000.0,3160.0,1970.0,1,C0,1150000,2019-01-14,queens,140-66B BURDEN CRESCENT NYC
5,PORT RICHMOND,01 ONE FAMILY DWELLINGS,1,1104,11,A1,333 NICHOLAS AVENUE,10302.0,1.0,0.0,1.0,3750.0,2340.0,1915.0,1,A1,600000,2019-06-13,statenisland,333 NICHOLAS AVENUE NYC
2,BEDFORD PARK/NORWOOD,03 THREE FAMILY DWELLINGS,1,3322,3,C0,3120 JEROME AVE,10468.0,3.0,0.0,3.0,2500.0,3150.0,1930.0,1,C0,420000,2019-07-15,bronx,3120 JEROME AVE NYC
3,CANARSIE,02 TWO FAMILY DWELLINGS,1,8221,20,B2,1299 EAST 94TH STREET,11236.0,2.0,0.0,2.0,2400.0,1656.0,1925.0,1,B2,570000,2019-10-15,brooklyn,1299 EAST 94TH STREET NYC
4,SOUTH JAMAICA,01 ONE FAMILY DWELLINGS,1,12170,17,A2,111-34 156TH ST,11433.0,1.0,0.0,1.0,2000.0,920.0,1940.0,1,A2,465000,2019-01-31,queens,111-34 156TH ST NYC
5,GRANT CITY,01 ONE FAMILY DWELLINGS,1,3536,113,A1,233 BUEL AVENUE,10305.0,1.0,0.0,1.0,4036.0,1444.0,1930.0,1,A1,592000,2019-12-12,statenisland,233 BUEL AVENUE NYC
2,MORRIS PARK/VAN NEST,02 TWO FAMILY DWELLINGS,1,4056,59,B2,1865 BRONXDALE AVENUE,10462.0,2.0,0.0,2.0,2456.0,2802.0,1901.0,1,B2,500000,2019-04-10,bronx,1865 BRONXDALE AVENUE NYC
4,JAMAICA,02 TWO FAMILY DWELLINGS,1,9676,48,B3,8945 146TH STREET,11435.0,2.0,0.0,2.0,2500.0,1652.0,1920.0,1,B3,800000,2019-01-31,queens,8945 146TH STREET NYC
2,THROGS NECK,02 TWO FAMILY DWELLINGS,1,5487,67,B2,539 ELLSWORTH AVENUE,10465.0,2.0,0.0,2.0,3917.0,3990.0,1930.0,1,B2,901000,2019-11-07,bronx,539 ELLSWORTH AVENUE NYC
5,ARDEN HEIGHTS,01 ONE FAMILY DWELLINGS,1,6019,73,A5,177 FOREST GREEN,10312.0,1.0,0.0,1.0,1913.0,1516.0,1970.0,1,A5,460000,2019-10-02,statenisland,177 FOREST GREEN NYC
4,ELMHURST,02 TWO FAMILY DWELLINGS,1,2465,25,B3,72-41 51ST DRIVE,11377.0,2.0,0.0,2.0,2000.0,1632.0,1940.0,1,B3,750000,2019-12-20,queens,72-41 51ST DRIVE NYC
4,LAURELTON,01 ONE FAMILY DWELLINGS,1,13177,36,A2,229-08 138TH AVENUE,11413.0,1.0,0.0,1.0,4000.0,1125.0,1935.0,1,A2,545000,2019-03-08,queens,229-08 138TH AVENUE NYC
3,CANARSIE,02 TWO FAMILY DWELLINGS,1,8084,29,B9,1452 EAST 88TH STREET,11236.0,2.0,0.0,2.0,2550.0,2760.0,1960.0,1,B9,769000,2019-02-12,brooklyn,1452 EAST 88TH STREET NYC
2,MORRIS PARK/VAN NEST,03 THREE FAMILY DWELLINGS,1,4112,21,C0,1635 HERING AVENUE,10461.0,3.0,0.0,3.0,3100.0,3060.0,2001.0,1,C0,1035000,2019-06-13,bronx,1635 HERING AVENUE NYC
3,FLATBUSH-NORTH,07 RENTALS - WALKUP APARTMENTS,2A,4632,67,C3,205 EAST 96TH STREET,11212.0,4.0,0.0,4.0,2500.0,3567.0,1931.0,2,C3,1090000,2019-04-29,brooklyn,205 EAST 96TH STREET NYC
5,GREAT KILLS-BAY TERRACE,01 ONE FAMILY DWELLINGS,1,5020,39,A5,80 JUSTIN AVENUE,10306.0,1.0,0.0,1.0,2475.0,1564.0,1965.0,1,A5,585000,2019-03-01,statenisland,80 JUSTIN AVENUE NYC
4,SPRINGFIELD GARDENS,01 ONE FAMILY DWELLINGS,1,12489,18,A1,178-18 ANDERSON ROAD,11434.0,1.0,0.0,1.0,3000.0,1656.0,1930.0,1,A1,405000,2019-10-31,queens,178-18 ANDERSON ROAD NYC
3,SUNSET PARK,02 TWO FAMILY DWELLINGS,1,729,59,B9,453 44TH STREET,11220.0,2.0,0.0,2.0,1669.0,1680.0,1910.0,1,B9,885000,2019-11-08,brooklyn,453 44TH STREET NYC
2,WAKEFIELD,01 ONE FAMILY DWELLINGS,1,5082,2,A5,657 EAST 240 STREET,10470.0,1.0,0.0,1.0,1800.0,1260.0,1950.0,1,A5,405000,2019-12-30,bronx,657 EAST 240 STREET NYC
3,KENSINGTON,02 TWO FAMILY DWELLINGS,1,5313,125,B1,1 STORY COURT,11218.0,2.0,0.0,2.0,1195.0,1567.0,1940.0,1,B1,835000,2019-12-20,brooklyn,1 STORY COURT NYC
3,CANARSIE,02 TWO FAMILY DWELLINGS,1,8160,65,B2,1040 EAST 92ND STREET,11236.0,2.0,0.0,2.0,2981.0,2424.0,1920.0,1,B2,890000,2019-02-22,brooklyn,1040 EAST 92ND STREET NYC
5,NEW DORP-BEACH,02 TWO FAMILY DWELLINGS,1,4070,108,B9,228 FINLEY AVENUE,10306.0,2.0,0.0,2.0,3100.0,2100.0,1980.0,1,B9,633000,2019-10-28,statenisland,228 FINLEY AVENUE NYC
3,OCEAN PARKWAY-SOUTH,02 TWO FAMILY DWELLINGS,1,7198,47,B1,2475 EAST 2ND STREET,11223.0,2.0,0.0,2.0,1992.0,2132.0,1940.0,1,B1,850000,2019-11-19,brooklyn,2475 EAST 2ND STREET NYC
3,BOROUGH PARK,02 TWO FAMILY DWELLINGS,1,5363,26,B2,1544 41ST STREET,11218.0,2.0,0.0,2.0,2404.0,2600.0,1925.0,1,B2,1220000,2019-08-21,brooklyn,1544 41ST STREET NYC
5,NEW DORP,01 ONE FAMILY DWELLINGS,1,4251,16,A2,193 CANNON BOULEVARD,10306.0,1.0,0.0,1.0,4000.0,912.0,1960.0,1,A2,545000,2019-05-01,statenisland,193 CANNON BOULEVARD NYC
4,SOUTH OZONE PARK,01 ONE FAMILY DWELLINGS,1,11657,51,A1,114-07 131ST STREET,11420.0,1.0,0.0,1.0,2406.0,1664.0,1930.0,1,A1,670000,2019-09-13,queens,114-07 131ST STREET NYC
4,CORONA,07 RENTALS - WALKUP APARTMENTS,2A,1991,21,C3,104-46 47TH AVENUE,11368.0,4.0,0.0,4.0,2500.0,2400.0,1920.0,2,C3,1290000,2019-08-08,queens,104-46 47TH AVENUE NYC
5,GREAT KILLS,01 ONE FAMILY DWELLINGS,1,5209,33,A3,340 CLEVELAND AVENUE,10308.0,1.0,0.0,1.0,3800.0,2230.0,2017.0,1,A3,824783,2019-05-01,statenisland,340 CLEVELAND AVENUE NYC
3,EAST NEW YORK,02 TWO FAMILY DWELLINGS,1,4237,2,B3,565 AUTUMN AVENUE,11208.0,2.0,0.0,2.0,2591.0,2008.0,1955.0,1,B3,410000,2019-05-14,brooklyn,565 AUTUMN AVENUE NYC
3,BROWNSVILLE,02 TWO FAMILY DWELLINGS,1,3677,23,S2,1710 EAST NEW YORK AVENUE,11212.0,2.0,1.0,3.0,977.0,3000.0,1927.0,1,S2,1050000,2019-03-15,brooklyn,1710 EAST NEW YORK AVENUE NYC
4,SUNNYSIDE,01 ONE FAMILY DWELLINGS,1,2296,10,A5,50-57 46TH STREET,11377.0,1.0,0.0,1.0,2000.0,1424.0,1925.0,1,A5,770000,2019-01-17,queens,50-57 46TH STREET NYC
3,MIDWOOD,02 TWO FAMILY DWELLINGS,1,7611,3,S2,2919 AVENUE K,11210.0,2.0,1.0,3.0,2000.0,2400.0,1931.0,1,S2,1050000,2019-03-04,brooklyn,2919 AVENUE K NYC
4,OZONE PARK,01 ONE FAMILY DWELLINGS,1,11500,115,A1,97-30 134TH ROAD,11417.0,1.0,0.0,1.0,3080.0,1531.0,1925.0,1,A1,650000,2019-08-01,queens,97-30 134TH ROAD NYC
3,MARINE PARK,01 ONE FAMILY DWELLINGS,1,8482,12,A5,1867 EAST 38TH STREET,11234.0,1.0,0.0,1.0,2000.0,1052.0,1930.0,1,A5,725000,2019-10-15,brooklyn,1867 EAST 38TH STREET NYC
3,BROWNSVILLE,02 TWO FAMILY DWELLINGS,1,3611,26,B1,471 AMBOY ST.,11212.0,2.0,0.0,2.0,3000.0,2400.0,1930.0,1,B1,737000,2019-04-11,brooklyn,471 AMBOY ST. NYC
4,WOODHAVEN,27 FACTORIES,4,9286,13,F4,101-14 JAMAICA AVENUE,11418.0,0.0,1.0,1.0,2950.0,2950.0,1931.0,4,F4,1029000,2019-07-31,queens,101-14 JAMAICA AVENUE NYC
5,SOUTH BEACH,02 TWO FAMILY DWELLINGS,1,3116,64,B9,18 AUSTIN AVENUE,10305.0,2.0,0.0,2.0,2816.0,1870.0,1975.0,1,B9,575000,2019-10-28,statenisland,18 AUSTIN AVENUE NYC
5,ARDEN HEIGHTS,01 ONE FAMILY DWELLINGS,1,6016,23,A1,31 EVERTON AVENUE,10312.0,1.0,0.0,1.0,4000.0,1313.0,1925.0,1,A1,760000,2019-06-12,statenisland,31 EVERTON AVENUE NYC
3,MARINE PARK,03 THREE FAMILY DWELLINGS,1,8556,1,C0,2283 RYDER STREET,11234.0,3.0,0.0,3.0,2683.0,3312.0,1980.0,1,C0,1150000,2019-11-20,brooklyn,2283 RYDER STREET NYC
4,MIDDLE VILLAGE,01 ONE FAMILY DWELLINGS,1,2842,32,A5,60-60 72ND STREET,11378.0,1.0,0.0,1.0,1800.0,1831.0,1940.0,1,A5,830000,2019-06-27,queens,60-60 72ND STREET NYC
5,GRANT CITY,01 ONE FAMILY DWELLINGS,1,3531,68,A5,154 JEFFERSON STREET,10304.0,1.0,0.0,1.0,1185.0,1090.0,1989.0,1,A5,480000,2019-10-31,statenisland,154 JEFFERSON STREET NYC
4,ROSEDALE,02 TWO FAMILY DWELLINGS,1,13495,26,B3,144-31 225TH STREET,11413.0,2.0,0.0,2.0,3240.0,1916.0,1925.0,1,B3,875000,2019-12-20,queens,144-31 225TH STREET NYC
4,OZONE PARK,02 TWO FAMILY DWELLINGS,1,9002,35,B3,94-27 77TH STREET,11416.0,2.0,0.0,2.0,1900.0,1312.0,1925.0,1,B3,575000,2019-06-11,queens,94-27 77TH STREET NYC
4,CORONA,01 ONE FAMILY DWELLINGS,1,1935,47,A1,104-37 ALSTYNE AVENUE,11368.0,1.0,0.0,1.0,2500.0,1488.0,1920.0,1,A1,600000,2019-01-28,queens,104-37 ALSTYNE AVENUE NYC
4,QUEENS VILLAGE,01 ONE FAMILY DWELLINGS,1,10761,7,A5,21706A 100TH AVENUE,11429.0,1.0,0.0,1.0,1280.0,1528.0,1960.0,1,A5,435000,2019-01-04,queens,21706A 100TH AVENUE NYC
4,OAKLAND GARDENS,01 ONE FAMILY DWELLINGS,1,7602,30,A2,212-15 64TH AVENUE,11364.0,1.0,0.0,1.0,4000.0,1296.0,1950.0,1,A2,830000,2019-10-04,queens,212-15 64TH AVENUE NYC
4,RICHMOND HILL,01 ONE FAMILY DWELLINGS,1,9553,71,A1,107-17 115TH STREET,11419.0,1.0,0.0,1.0,1943.0,1263.0,1920.0,1,A1,380000,2019-11-12,queens,107-17 115TH STREET NYC
3,CANARSIE,01 ONE FAMILY DWELLINGS,1,8287,64,A5,1346 EAST 104 STREET,11236.0,1.0,0.0,1.0,2600.0,1080.0,1955.0,1,A5,560000,2019-05-30,brooklyn,1346 EAST 104 STREET NYC
5,NEW SPRINGVILLE,02 TWO FAMILY DWELLINGS,1,2396,98,B2,105 BOWDOIN STREET,10314.0,2.0,0.0,2.0,4000.0,2488.0,1970.0,1,B2,880000,2019-08-14,statenisland,105 BOWDOIN STREET NYC
4,HOWARD BEACH,01 ONE FAMILY DWELLINGS,1,14203,33,A1,163-54 96TH STREET,11414.0,1.0,0.0,1.0,4000.0,2192.0,1955.0,1,A1,625000,2019-11-21,queens,163-54 96TH STREET NYC
2,SCHUYLERVILLE/PELHAM BAY,01 ONE FAMILY DWELLINGS,1,5361,44,A1,3058 LA SALLE AVENUE,10461.0,1.0,0.0,1.0,2290.0,2326.0,1925.0,1,A1,610000,2019-06-12,bronx,3058 LA SALLE AVENUE NYC
3,FLATBUSH-EAST,01 ONE FAMILY DWELLINGS,1,4968,13,A1,578 EAST 35TH STREET,11203.0,1.0,0.0,1.0,3000.0,1344.0,1920.0,1,A1,571650,2019-10-18,brooklyn,578 EAST 35TH STREET NYC
4,WOODHAVEN,02 TWO FAMILY DWELLINGS,1,8981,57,B1,91-13 87TH STREET,11421.0,2.0,0.0,2.0,2000.0,1888.0,1901.0,1,B1,900000,2019-03-29,queens,91-13 87TH STREET NYC
3,MADISON,01 ONE FAMILY DWELLINGS,1,6786,54,A1,1657 EAST 23RD STREET,11229.0,1.0,0.0,1.0,3000.0,2025.0,1925.0,1,A1,1115000,2019-06-03,brooklyn,1657 EAST 23RD STREET NYC
3,EAST NEW YORK,02 TWO FAMILY DWELLINGS,1,3820,34,B1,506 GEORGIA AVE,11207.0,2.0,0.0,2.0,2500.0,2040.0,1910.0,1,B1,400000,2019-09-03,brooklyn,506 GEORGIA AVE NYC
3,GRAVESEND,02 TWO FAMILY DWELLINGS,1,6879,28,B1,8729 25TH AVENUE,11214.0,2.0,0.0,2.0,2642.0,1856.0,1950.0,1,B1,1020000,2019-03-26,brooklyn,8729 25TH AVENUE NYC
3,BOROUGH PARK,02 TWO FAMILY DWELLINGS,1,5638,53,B1,959 50TH STREET,11219.0,2.0,0.0,2.0,2588.0,2750.0,1920.0,1,B1,1730000,2019-04-02,brooklyn,959 50TH STREET NYC
2,BAYCHESTER,02 TWO FAMILY DWELLINGS,1,4795,51,B1,2842 BRUNER AVENUE,10469.0,2.0,0.0,2.0,2379.0,1872.0,2002.0,1,B1,325000,2019-01-08,bronx,2842 BRUNER AVENUE NYC
4,QUEENS VILLAGE,01 ONE FAMILY DWELLINGS,1,10663,41,A1,89-15 218TH PLACE,11427.0,1.0,0.0,1.0,2400.0,1568.0,1930.0,1,A1,410000,2019-05-06,queens,89-15 218TH PLACE NYC
3,BENSONHURST,03 THREE FAMILY DWELLINGS,1,6223,35,C0,1466 BAY RIDGE PARKWAY,11228.0,3.0,0.0,3.0,4000.0,3368.0,1915.0,1,C0,1750000,2019-09-30,brooklyn,1466 BAY RIDGE PARKWAY NYC
4,HAMMELS,02 TWO FAMILY DWELLINGS,1,16153,7,B2,214 BEACH 98TH STREET,11694.0,2.0,0.0,2.0,2150.0,2685.0,2002.0,1,B2,470000,2019-11-18,queens,214 BEACH 98TH STREET NYC
2,MELROSE/CONCOURSE,02 TWO FAMILY DWELLINGS,1,2436,116,B2,314 EAST 169TH STREET,10456.0,2.0,0.0,2.0,2000.0,3120.0,1931.0,1,B2,629000,2019-11-26,bronx,314 EAST 169TH STREET NYC
5,WILLOWBROOK,02 TWO FAMILY DWELLINGS,1,1973,20,B2,110 OAKVILLE STREET,10314.0,2.0,0.0,2.0,4000.0,2220.0,1970.0,1,B2,460000,2019-07-29,statenisland,110 OAKVILLE STREET NYC
3,FLATBUSH-CENTRAL,22 STORE BUILDINGS,4,5072,36,K2,1111 CHURCH AVENUE,11218.0,0.0,3.0,3.0,1659.0,2141.0,1930.0,4,K2,830000,2019-08-19,brooklyn,1111 CHURCH AVENUE NYC
4,SOUTH OZONE PARK,02 TWO FAMILY DWELLINGS,1,11754,99,B3,120-84 131ST STREET,11420.0,2.0,0.0,2.0,2073.0,1280.0,1935.0,1,B3,583750,2019-10-18,queens,120-84 131ST STREET NYC
3,FLATLANDS,01 ONE FAMILY DWELLINGS,1,7774,51,A5,1272 E 49TH STREET,11234.0,1.0,0.0,1.0,1800.0,1620.0,1940.0,1,A5,629900,2019-07-29,brooklyn,1272 E 49TH STREET NYC
2,THROGS NECK,02 TWO FAMILY DWELLINGS,1,5561,40,B1,518 CALHOUN AVENUE,10465.0,2.0,0.0,2.0,2483.0,1600.0,1930.0,1,B1,375000,2019-01-09,bronx,518 CALHOUN AVENUE NYC
5,SILVER LAKE,01 ONE FAMILY DWELLINGS,1,120,32,A1,368 WOODSTOCK AVENUE,10301.0,1.0,0.0,1.0,4000.0,1600.0,1935.0,1,A1,629000,2019-10-15,statenisland,368 WOODSTOCK AVENUE NYC
4,JAMAICA,01 ONE FAMILY DWELLINGS,1,9687,11,A5,88-10 146TH STREET,11435.0,1.0,0.0,1.0,2967.0,1430.0,1920.0,1,A5,490000,2019-10-11,queens,88-10 146TH STREET NYC
3,FLATLANDS,01 ONE FAMILY DWELLINGS,1,7841,5,A9,4311 AVENUE M,11234.0,1.0,0.0,1.0,2000.0,1420.0,1920.0,1,A9,400000,2019-02-20,brooklyn,4311 AVENUE M NYC
4,RIDGEWOOD,02 TWO FAMILY DWELLINGS,1,3496,20,B1,59-32 GROVE STREET,11385.0,2.0,0.0,2.0,2002.0,3300.0,1910.0,1,B1,1015000,2019-07-31,queens,59-32 GROVE STREET NYC
5,GREAT KILLS-BAY TERRACE,01 ONE FAMILY DWELLINGS,1,5015,63,A5,35 JUSTIN AVENUE,10306.0,1.0,0.0,1.0,1200.0,1000.0,2004.0,1,A5,430000,2019-12-05,statenisland,35 JUSTIN AVENUE NYC
2,WAKEFIELD,03 THREE FAMILY DWELLINGS,1,5028,34,C0,4110 MONTICELLO AVENUE,10466.0,3.0,0.0,3.0,2375.0,3100.0,1935.0,1,C0,832000,2019-06-21,bronx,4110 MONTICELLO AVENUE NYC
5,GREAT KILLS,22 STORE BUILDINGS,4,5158,1,K1,249 NELSON AVENUE,10308.0,0.0,1.0,1.0,1220.0,825.0,1931.0,4,K1,650000,2019-03-15,statenisland,249 NELSON AVENUE NYC
5,ELTINGVILLE,02 TWO FAMILY DWELLINGS,1,5669,38,B9,101 SHOTWELL AVENUE,10312.0,2.0,0.0,2.0,3930.0,2152.0,1980.0,1,B9,730000,2019-06-12,statenisland,101 SHOTWELL AVENUE NYC
4,SPRINGFIELD GARDENS,01 ONE FAMILY DWELLINGS,1,13283,140,A5,16723 144TH TERRACE,11434.0,1.0,0.0,1.0,1849.0,1054.0,1950.0,1,A5,415000,2019-09-27,queens,16723 144TH TERRACE NYC
3,EAST NEW YORK,02 TWO FAMILY DWELLINGS,1,4528,8,B2,1134 STANLEY AVENUE,11208.0,2.0,0.0,2.0,2396.0,2678.0,2005.0,1,B2,529490,2019-11-26,brooklyn,1134 STANLEY AVENUE NYC
3,FLATBUSH-EAST,01 ONE FAMILY DWELLINGS,1,4954,36,A1,554 EAST 38 STREET,11203.0,1.0,0.0,1.0,2000.0,1280.0,1920.0,1,A1,626500,2019-05-20,brooklyn,554 EAST 38 STREET NYC
4,RIDGEWOOD,41 TAX CLASS 4 - OTHER,4,3559,62,Z9,57-26 79TH AVENUE,11385.0,0.0,1.0,1.0,2450.0,1000.0,1949.0,4,Z9,375000,2019-01-31,queens,57-26 79TH AVENUE NYC
3,EAST NEW YORK,02 TWO FAMILY DWELLINGS,1,4300,69,B1,725 NEW JERSEY AVENUE,11207.0,2.0,0.0,2.0,2000.0,1992.0,1910.0,1,B1,456300,2019-12-27,brooklyn,725 NEW JERSEY AVENUE NYC
2,PARKCHESTER,02 TWO FAMILY DWELLINGS,1,3901,3,B1,1404 THIERIOT AVENUE,10460.0,2.0,0.0,2.0,2367.0,2905.0,1930.0,1,B1,885000,2019-12-16,bronx,1404 THIERIOT AVENUE NYC
4,FLUSHING-NORTH,03 THREE FAMILY DWELLINGS,1,6888,17,C0,59-39 174TH STREET,11365.0,3.0,0.0,3.0,4200.0,3520.0,1980.0,1,C0,1400000,2019-07-26,queens,59-39 174TH STREET NYC
4,WOODHAVEN,02 TWO FAMILY DWELLINGS,1,8908,77,B1,86-65 77TH STREET,11421.0,2.0,0.0,2.0,1400.0,1408.0,1940.0,1,B1,450000,2019-04-24,queens,86-65 77TH STREET NYC
2,PELHAM PARKWAY SOUTH,02 TWO FAMILY DWELLINGS,1,4326,4,B1,1010 ESPLANADE,10461.0,2.0,0.0,2.0,3294.0,1747.0,1940.0,1,B1,640000,2019-03-20,bronx,1010 ESPLANADE NYC
4,HOWARD BEACH,01 ONE FAMILY DWELLINGS,1,13955,12,A2,156-12 91ST STREET,11414.0,1.0,0.0,1.0,4000.0,1000.0,1965.0,1,A2,665000,2019-04-01,queens,156-12 91ST STREET NYC
5,ARDEN HEIGHTS,01 ONE FAMILY DWELLINGS,1,5772,44,A5,35 REGINA LANE,10312.0,1.0,0.0,1.0,840.0,1690.0,1989.0,1,A5,360000,2019-01-30,statenisland,35 REGINA LANE NYC
3,EAST NEW YORK,03 THREE FAMILY DWELLINGS,1,4419,3,C0,268 COZINE AVENUE,11207.0,3.0,0.0,3.0,1855.0,1700.0,1960.0,1,C0,620000,2019-05-15,brooklyn,268 COZINE AVENUE NYC
3,SEAGATE,02 TWO FAMILY DWELLINGS,1,6955,27,B2,3815 OCEAN VIEW AVENUE,11224.0,2.0,0.0,2.0,4015.0,2808.0,1960.0,1,B2,960000,2019-12-16,brooklyn,3815 OCEAN VIEW AVENUE NYC
3,KENSINGTON,02 TWO FAMILY DWELLINGS,1,5326,18,B2,220 EAST 4 STREET,11218.0,2.0,0.0,2.0,2500.0,2012.0,1925.0,1,B2,1020000,2019-01-29,brooklyn,220 EAST 4 STREET NYC
5,MANOR HEIGHTS,01 ONE FAMILY DWELLINGS,1,802,60,A1,31 CHERRY PLACE,10314.0,1.0,0.0,1.0,4100.0,2278.0,1970.0,1,A1,820000,2019-07-09,statenisland,31 CHERRY PLACE NYC
4,SPRINGFIELD GARDENS,02 TWO FAMILY DWELLINGS,1,12317,31,B2,140-23 161ST STREET,11434.0,2.0,0.0,2.0,3100.0,2016.0,1960.0,1,B2,655000,2019-01-17,queens,140-23 161ST STREET NYC
3,SHEEPSHEAD BAY,02 TWO FAMILY DWELLINGS,1,7367,47,B1,2169 FORD STREET,11229.0,2.0,0.0,2.0,2000.0,2226.0,1950.0,1,B1,890000,2019-09-17,brooklyn,2169 FORD STREET NYC
2,SOUNDVIEW,01 ONE FAMILY DWELLINGS,1,3444,58,A2,182 SOUNDVIEW AVENUE,10473.0,1.0,0.0,1.0,4950.0,1290.0,1945.0,1,A2,490000,2019-09-18,bronx,182 SOUNDVIEW AVENUE NYC
3,FLATBUSH-NORTH,03 THREE FAMILY DWELLINGS,1,4647,43,C0,1027 LENOX ROAD,11212.0,3.0,0.0,3.0,2000.0,3040.0,1930.0,1,C0,700000,2019-09-18,brooklyn,1027 LENOX ROAD NYC
4,CORONA,03 THREE FAMILY DWELLINGS,1,1952,39,C0,105-29 OTIS AVENUE,11368.0,3.0,0.0,3.0,2275.0,2656.0,1965.0,1,C0,1260000,2019-08-23,queens,105-29 OTIS AVENUE NYC
4,SOUTH OZONE PARK,01 ONE FAMILY DWELLINGS,1,11759,70,A1,124-52 135 PLACE,11420.0,1.0,0.0,1.0,2742.0,1557.0,1930.0,1,A1,665000,2019-01-16,queens,124-52 135 PLACE NYC
4,SO. JAMAICA-BAISLEY PARK,01 ONE FAMILY DWELLINGS,1,12345,82,A1,170-03 116TH AVENUE,11434.0,1.0,0.0,1.0,2408.0,1280.0,1925.0,1,A1,515000,2019-08-26,queens,170-03 116TH AVENUE NYC
3,BENSONHURST,02 TWO FAMILY DWELLINGS,1,6230,68,B2,2117 76TH STREET,11214.0,2.0,0.0,2.0,2492.0,2480.0,1920.0,1,B2,1470000,2019-12-17,brooklyn,2117 76TH STREET NYC
4,GLENDALE,01 ONE FAMILY DWELLINGS,1,3716,86,A1,78-23 62ND STREET,11385.0,1.0,0.0,1.0,2300.0,1320.0,1925.0,1,A1,715000,2019-07-24,queens,78-23 62ND STREET NYC
4,HOWARD BEACH,01 ONE FAMILY DWELLINGS,1,14064,10,A9,162-08 91ST STREET,11414.0,1.0,0.0,1.0,3967.0,2716.0,1987.0,1,A9,400000,2019-03-04,queens,162-08 91ST STREET NYC
4,ROSEDALE,01 ONE FAMILY DWELLINGS,1,13223,48,A2,135-36 243RD STREET,11422.0,1.0,0.0,1.0,4000.0,840.0,1950.0,1,A2,650000,2019-08-07,queens,135-36 243RD STREET NYC
4,BAYSIDE,01 ONE FAMILY DWELLINGS,1,7380,13,A5,50-14 CLEARVIEW EXPRESSWAY,11364.0,1.0,0.0,1.0,2750.0,1224.0,1955.0,1,A5,780000,2019-12-31,queens,50-14 CLEARVIEW EXPRESSWAY NYC
4,RIDGEWOOD,02 TWO FAMILY DWELLINGS,1,3632,57,B1,69-11 64TH STREET,11385.0,2.0,0.0,2.0,2800.0,3192.0,1915.0,1,B1,1280000,2019-08-23,queens,69-11 64TH STREET NYC
3,BUSHWICK,02 TWO FAMILY DWELLINGS,1,3431,38,B1,1331 DECATUR STREET,11237.0,2.0,0.0,2.0,1942.0,2136.0,1910.0,1,B1,1140000,2019-04-12,brooklyn,1331 DECATUR STREET NYC
4,SOUTH OZONE PARK,01 ONE FAMILY DWELLINGS,1,11821,1,A0,120-19 150TH AVENUE,11420.0,1.0,0.0,1.0,4000.0,1380.0,1945.0,1,A0,700000,2019-08-09,queens,120-19 150TH AVENUE NYC
4,BELLEROSE,01 ONE FAMILY DWELLINGS,1,7984,19,A1,89-11 GETTYSBURG STREET,11426.0,1.0,0.0,1.0,3000.0,1750.0,1930.0,1,A1,650000,2019-11-06,queens,89-11 GETTYSBURG STREET NYC
3,DYKER HEIGHTS,03 THREE FAMILY DWELLINGS,1,6177,31,C0,1266 71ST STREET,11228.0,3.0,0.0,3.0,2517.0,2320.0,1930.0,1,C0,1620000,2019-04-24,brooklyn,1266 71ST STREET NYC
4,FLUSHING-NORTH,01 ONE FAMILY DWELLINGS,1,4797,59,A1,146-07 BAYSIDE AVENUE,11354.0,1.0,0.0,1.0,2862.0,1876.0,1901.0,1,A1,880000,2019-09-16,queens,146-07 BAYSIDE AVENUE NYC
4,RICHMOND HILL,03 THREE FAMILY DWELLINGS,1,9487,57,C0,101-39 LEFFERTS BOULEVARD,11419.0,3.0,0.0,3.0,4500.0,2160.0,1910.0,1,C0,498500,2019-05-24,queens,101-39 LEFFERTS BOULEVARD NYC
5,BULLS HEAD,01 ONE FAMILY DWELLINGS,1,1702,38,A5,20 ADRIANNE LANE,10303.0,1.0,0.0,1.0,1804.0,1159.0,1992.0,1,A5,380000,2019-03-25,statenisland,20 ADRIANNE LANE NYC
3,OLD MILL BASIN,02 TWO FAMILY DWELLINGS,1,7892,79,B2,1792 EAST 48 STREET,11234.0,2.0,0.0,2.0,2925.0,1848.0,1955.0,1,B2,450000,2019-01-23,brooklyn,1792 EAST 48 STREET NYC
4,HOLLIS,01 ONE FAMILY DWELLINGS,1,10837,4,A1,101-03 FARMERS BOULEVARD,11423.0,1.0,0.0,1.0,4200.0,1824.0,1945.0,1,A1,507000,2019-12-30,queens,101-03 FARMERS BOULEVARD NYC
4,QUEENS VILLAGE,01 ONE FAMILY DWELLINGS,1,11186,32,A1,108-16 221 STREET,11429.0,1.0,0.0,1.0,3637.0,1200.0,1930.0,1,A1,535000,2019-05-29,queens,108-16 221 STREET NYC
3,CANARSIE,02 TWO FAMILY DWELLINGS,1,8076,70,B9,1315 EAST 85TH STREET,11236.0,2.0,0.0,2.0,2000.0,2288.0,1955.0,1,B9,511200,2019-03-21,brooklyn,1315 EAST 85TH STREET NYC
2,WILLIAMSBRIDGE,22 STORE BUILDINGS,4,4651,54,K1,3773 WHITE PLAINS ROAD,10467.0,0.0,1.0,1.0,1481.0,918.0,1950.0,4,K1,463000,2019-01-22,bronx,3773 WHITE PLAINS ROAD NYC
4,ASTORIA,03 THREE FAMILY DWELLINGS,1,532,28,C0,14-24 31ST ROAD,11106.0,3.0,0.0,3.0,2240.0,1722.0,1930.0,1,C0,1200000,2019-12-23,queens,14-24 31ST ROAD NYC
3,CROWN HEIGHTS,01 ONE FAMILY DWELLINGS,1,1390,24,A5,1328 LINCOLN PLACE,11213.0,1.0,0.0,1.0,1758.0,1402.0,1910.0,1,A5,880000,2019-08-27,brooklyn,1328 LINCOLN PLACE NYC
4,FLUSHING-NORTH,02 TWO FAMILY DWELLINGS,1,5328,23,B3,154-26 BARCLAY AVE,11355.0,2.0,0.0,2.0,3000.0,1264.0,1925.0,1,B3,1080000,2019-01-23,queens,154-26 BARCLAY AVE NYC
5,PORT RICHMOND,01 ONE FAMILY DWELLINGS,1,1018,60,A1,1473 CASTLETON AVENUE,10302.0,1.0,0.0,1.0,3150.0,1392.0,1915.0,1,A1,345000,2019-04-24,statenisland,1473 CASTLETON AVENUE NYC
4,SOUTH OZONE PARK,01 ONE FAMILY DWELLINGS,1,11682,72,A1,116-44 126TH STREET,11420.0,1.0,0.0,1.0,2262.0,1080.0,1920.0,1,A1,345000,2019-04-03,queens,116-44 126TH STREET NYC
4,MIDDLE VILLAGE,01 ONE FAMILY DWELLINGS,1,2833,37,A5,70-11 60TH AVENUE,11378.0,1.0,0.0,1.0,2600.0,1542.0,1930.0,1,A5,950000,2019-03-20,queens,70-11 60TH AVENUE NYC
3,BAY RIDGE,01 ONE FAMILY DWELLINGS,1,5952,67,A5,525 77TH STREET,11209.0,1.0,0.0,1.0,1950.0,1596.0,1920.0,1,A5,1100000,2019-01-30,brooklyn,525 77TH STREET NYC
2,PARKCHESTER,02 TWO FAMILY DWELLINGS,1,4027,33,B2,631 MEAD STREET,10460.0,2.0,0.0,2.0,2500.0,1200.0,1925.0,1,B2,505000,2019-10-11,bronx,631 MEAD STREET NYC
2,WESTCHESTER,02 TWO FAMILY DWELLINGS,1,3970,25,B2,2358 LYON AVENUE,10462.0,2.0,0.0,2.0,2500.0,2364.0,1901.0,1,B2,505000,2019-11-22,bronx,2358 LYON AVENUE NYC
2,BAYCHESTER,02 TWO FAMILY DWELLINGS,1,4799,106,B1,2871 GRACE AVENUE,10469.0,2.0,0.0,2.0,2882.0,3201.0,2006.0,1,B1,499000,2019-04-05,bronx,2871 GRACE AVENUE NYC
4,SOUTH OZONE PARK,02 TWO FAMILY DWELLINGS,1,11622,3,B3,117-06 111TH AVENUE,11420.0,2.0,0.0,2.0,3100.0,2450.0,1935.0,1,B3,850000,2019-02-15,queens,117-06 111TH AVENUE NYC
5,OAKWOOD,02 TWO FAMILY DWELLINGS,1,4264,19,B1,127 CEDARVIEW AVENUE,10306.0,2.0,0.0,2.0,4000.0,2080.0,1915.0,1,B1,800000,2019-01-08,statenisland,127 CEDARVIEW AVENUE NYC
4,FAR ROCKAWAY,02 TWO FAMILY DWELLINGS,1,15737,65,B2,2538 BEACH CHANNEL DR,11691.0,2.0,0.0,2.0,2293.0,1950.0,2006.0,1,B2,350000,2019-07-09,queens,2538 BEACH CHANNEL DR NYC
4,ST. ALBANS,01 ONE FAMILY DWELLINGS,1,11048,2,A5,115-69 205TH STREET,11412.0,1.0,0.0,1.0,2000.0,760.0,1940.0,1,A5,555000,2019-11-08,queens,115-69 205TH STREET NYC
3,FLATLANDS,02 TWO FAMILY DWELLINGS,1,7826,59,B3,1944 SCHENECTADY AVENUE,11234.0,2.0,0.0,2.0,2500.0,1184.0,1925.0,1,B3,547500,2019-08-12,brooklyn,1944 SCHENECTADY AVENUE NYC
2,HIGHBRIDGE/MORRIS HEIGHTS,02 TWO FAMILY DWELLINGS,1,2881,52,B3,1876 CEDAR AVE,10453.0,2.0,0.0,2.0,2302.0,2036.0,1901.0,1,B3,560000,2019-10-04,bronx,1876 CEDAR AVE NYC
4,JACKSON HEIGHTS,03 THREE FAMILY DWELLINGS,1,1129,24,C0,30-34 81 STREET,11370.0,3.0,0.0,3.0,2781.0,2979.0,2008.0,1,C0,1790000,2019-12-31,queens,30-34 81 STREET NYC
2,SOUNDVIEW,01 ONE FAMILY DWELLINGS,1,3557,43,A5,645 SOUNDVIEW AVENUE,10473.0,1.0,0.0,1.0,2132.0,1550.0,1955.0,1,A5,450000,2019-03-13,bronx,645 SOUNDVIEW AVENUE NYC
2,WAKEFIELD,01 ONE FAMILY DWELLINGS,1,5025,17,A5,4209 MURDOCK AVENUE,10466.0,1.0,0.0,1.0,2533.0,1260.0,1955.0,1,A5,470000,2019-11-18,bronx,4209 MURDOCK AVENUE NYC
4,RICHMOND HILL,02 TWO FAMILY DWELLINGS,1,9429,68,B3,101-17 111TH STREET,11419.0,2.0,0.0,2.0,2000.0,1584.0,1925.0,1,B3,721221,2019-05-14,queens,101-17 111TH STREET NYC
4,RICHMOND HILL,02 TWO FAMILY DWELLINGS,1,9513,38,B2,103-39 108TH STRET,11419.0,2.0,0.0,2.0,2260.0,2188.0,1920.0,1,B2,870000,2019-06-21,queens,103-39 108TH STRET NYC
3,CANARSIE,02 TWO FAMILY DWELLINGS,1,8080,30,B1,1325 EAST 89TH STREET,11236.0,2.0,0.0,2.0,2083.0,2830.0,1960.0,1,B1,505000,2019-11-07,brooklyn,1325 EAST 89TH STREET NYC
4,ROSEDALE,01 ONE FAMILY DWELLINGS,1,13571,47,A5,243-14 WELLER AVENUE,11422.0,1.0,0.0,1.0,2000.0,1200.0,2006.0,1,A5,450000,2019-07-30,queens,243-14 WELLER AVENUE NYC
4,SPRINGFIELD GARDENS,01 ONE FAMILY DWELLINGS,1,13051,25,A2,141-44 182ND STREET,11413.0,1.0,0.0,1.0,3760.0,1223.0,1950.0,1,A2,410000,2019-11-21,queens,141-44 182ND STREET NYC
5,SUNNYSIDE,01 ONE FAMILY DWELLINGS,1,601,12,A1,72 DUDLEY AVENUE,10301.0,1.0,0.0,1.0,4000.0,1308.0,1935.0,1,A1,560000,2019-06-05,statenisland,72 DUDLEY AVENUE NYC
4,CAMBRIA HEIGHTS,01 ONE FAMILY DWELLINGS,1,11309,12,A5,115-93 227TH STREET,11411.0,1.0,0.0,1.0,2142.0,882.0,1935.0,1,A5,400000,2019-04-23,queens,115-93 227TH STREET NYC
2,BRONXDALE,01 ONE FAMILY DWELLINGS,1,4634,70,A5,3331 RADCLIFF AVENUE,10469.0,1.0,0.0,1.0,2000.0,1727.0,1935.0,1,A5,320000,2019-01-04,bronx,3331 RADCLIFF AVENUE NYC
3,OLD MILL BASIN,03 THREE FAMILY DWELLINGS,1,7896,24,C0,1741 E 51ST STREET,11234.0,3.0,0.0,3.0,3000.0,2160.0,1920.0,1,C0,765000,2019-10-31,brooklyn,1741 E 51ST STREET NYC
4,SO. JAMAICA-BAISLEY PARK,01 ONE FAMILY DWELLINGS,1,12201,40,A1,150-68 116TH AVENUE,11434.0,1.0,0.0,1.0,2300.0,1280.0,1920.0,1,A1,530000,2019-07-31,queens,150-68 116TH AVENUE NYC
4,HOLLIS HILLS,01 ONE FAMILY DWELLINGS,1,7802,59,A1,82-48 211TH STREET,11427.0,1.0,0.0,1.0,4000.0,1292.0,1940.0,1,A1,995000,2019-05-15,queens,82-48 211TH STREET NYC
5,WEST NEW BRIGHTON,02 TWO FAMILY DWELLINGS,1,181,11,B2,401 BROADWAY,10310.0,2.0,0.0,2.0,3300.0,1774.0,1940.0,1,B2,570000,2019-02-25,statenisland,401 BROADWAY NYC
4,HOLLIS,01 ONE FAMILY DWELLINGS,1,10546,78,S1,211-47 JAMAICA AVENUE,11428.0,1.0,1.0,2.0,1406.0,1440.0,1931.0,1,S1,550000,2019-06-18,queens,211-47 JAMAICA AVENUE NYC
5,NEW BRIGHTON,02 TWO FAMILY DWELLINGS,1,17,130,B2,117 MONROE AVENUE,10301.0,2.0,0.0,2.0,1955.0,1976.0,1920.0,1,B2,642000,2019-09-27,statenisland,117 MONROE AVENUE NYC
3,OCEAN HILL,02 TWO FAMILY DWELLINGS,1,1457,95,B1,1649 PROSPECT PLACE,11233.0,2.0,0.0,2.0,2449.0,1936.0,1920.0,1,B1,850000,2019-01-31,brooklyn,1649 PROSPECT PLACE NYC
4,QUEENS VILLAGE,01 ONE FAMILY DWELLINGS,1,10702,64,A1,92-53 218TH PLACE,11428.0,1.0,0.0,1.0,4000.0,1632.0,1920.0,1,A1,645000,2019-07-30,queens,92-53 218TH PLACE NYC
3,OCEAN PARKWAY-SOUTH,02 TWO FAMILY DWELLINGS,1,7201,21,B3,87 PARKWAY COURT,11235.0,2.0,0.0,2.0,3000.0,1920.0,1930.0,1,B3,1200000,2019-09-12,brooklyn,87 PARKWAY COURT NYC
4,JACKSON HEIGHTS,03 THREE FAMILY DWELLINGS,1,943,21,C0,19-26 76TH STREET,11370.0,3.0,0.0,3.0,2500.0,3630.0,1997.0,1,C0,1550000,2019-11-13,queens,19-26 76TH STREET NYC
2,SCHUYLERVILLE/PELHAM BAY,07 RENTALS - WALKUP APARTMENTS,2A,5371,4,C3,1406 EDWARDS AVENUE,10461.0,4.0,0.0,4.0,4750.0,3498.0,1931.0,2,C3,830000,2019-06-06,bronx,1406 EDWARDS AVENUE NYC
2,BELMONT,02 TWO FAMILY DWELLINGS,1,3058,78,B2,2452 LORILLARD PLACE,10458.0,2.0,0.0,2.0,1979.0,2616.0,1901.0,1,B2,565000,2019-01-18,bronx,2452 LORILLARD PLACE NYC
4,ASTORIA,03 THREE FAMILY DWELLINGS,1,900,43,C0,25-30 14TH STREET,11102.0,3.0,0.0,3.0,2792.0,3246.0,2005.0,1,C0,413500,2019-07-18,queens,25-30 14TH STREET NYC
4,SOUTH JAMAICA,01 ONE FAMILY DWELLINGS,1,10182,32,A1,164-11 110 AVENUE,11433.0,1.0,0.0,1.0,3371.0,1538.0,1920.0,1,A1,630000,2019-06-28,queens,164-11 110 AVENUE NYC
4,MIDDLE VILLAGE,02 TWO FAMILY DWELLINGS,1,2922,51,B1,69-27 61ST ROAD,11379.0,2.0,0.0,2.0,2073.0,1944.0,1960.0,1,B1,960000,2019-05-21,queens,69-27 61ST ROAD NYC
4,JAMAICA HILLS,01 ONE FAMILY DWELLINGS,1,9778,32,A5,158-04 85TH AVENUE,11432.0,1.0,0.0,1.0,1840.0,1330.0,2006.0,1,A5,660000,2019-09-20,queens,158-04 85TH AVENUE NYC
2,FORDHAM,01 ONE FAMILY DWELLINGS,1,3142,25,A5,2062 VALENTINE AVENUE,10457.0,1.0,0.0,1.0,1888.0,1380.0,1901.0,1,A5,415000,2019-11-19,bronx,2062 VALENTINE AVENUE NYC
3,EAST NEW YORK,02 TWO FAMILY DWELLINGS,1,4088,17,B9,575 VAN SICLEN AVENUE,11207.0,2.0,0.0,2.0,1000.0,2796.0,2005.0,1,B9,515000,2019-03-29,brooklyn,575 VAN SICLEN AVENUE NYC
4,FLUSHING-NORTH,01 ONE FAMILY DWELLINGS,1,5671,14,A2,56-20 186TH STREET,11365.0,1.0,0.0,1.0,4000.0,1102.0,1950.0,1,A2,799000,2019-12-05,queens,56-20 186TH STREET NYC
4,FLUSHING-NORTH,01 ONE FAMILY DWELLINGS,1,7407,50,A0,53-19 198TH STREET,11365.0,1.0,0.0,1.0,4000.0,1440.0,1945.0,1,A0,980000,2019-01-02,queens,53-19 198TH STREET NYC
5,PORT RICHMOND,01 ONE FAMILY DWELLINGS,1,1124,3,A1,117 INNIS STREET,10302.0,1.0,0.0,1.0,2875.0,1449.0,1930.0,1,A1,304200,2019-06-18,statenisland,117 INNIS STREET NYC
4,SPRINGFIELD GARDENS,02 TWO FAMILY DWELLINGS,1,13051,37,B3,141-37 181ST STREET,11413.0,2.0,0.0,2.0,4000.0,1248.0,1940.0,1,B3,660000,2019-10-17,queens,141-37 181ST STREET NYC
3,BUSHWICK,03 THREE FAMILY DWELLINGS,1,3428,19,C0,120 SCHAEFER STREET,11207.0,3.0,0.0,3.0,1800.0,2430.0,1925.0,1,C0,780000,2019-04-02,brooklyn,120 SCHAEFER STREET NYC
4,ASTORIA,02 TWO FAMILY DWELLINGS,1,690,49,B9,32-24 43RD STREET,11103.0,2.0,0.0,2.0,2500.0,2950.0,1970.0,1,B9,1450000,2019-10-09,queens,32-24 43RD STREET NYC
5,OAKWOOD,01 ONE FAMILY DWELLINGS,1,4672,29,A5,39 BROOK AVE,10306.0,1.0,0.0,1.0,1274.0,1344.0,1994.0,1,A5,497000,2019-02-21,statenisland,39 BROOK AVE NYC
3,WYCKOFF HEIGHTS,03 THREE FAMILY DWELLINGS,1,3292,34,C0,1525 GREENE AVENUE,11237.0,3.0,0.0,3.0,1950.0,3012.0,1901.0,1,C0,1075000,2019-02-13,brooklyn,1525 GREENE AVENUE NYC
4,BELLEROSE,01 ONE FAMILY DWELLINGS,1,8638,64,A2,244-31 88TH ROAD,11426.0,1.0,0.0,1.0,3108.0,830.0,1920.0,1,A2,480000,2019-06-27,queens,244-31 88TH ROAD NYC
4,HOLLIS,01 ONE FAMILY DWELLINGS,1,10919,33,A1,109-06 210TH ST,11429.0,1.0,0.0,1.0,3000.0,1520.0,1920.0,1,A1,645000,2019-09-23,queens,109-06 210TH ST NYC
4,REGO PARK,01 ONE FAMILY DWELLINGS,1,3162,36,A5,72-09 DANE PLACE,11375.0,1.0,0.0,1.0,1764.0,1440.0,1945.0,1,A5,773000,2019-01-15,queens,72-09 DANE PLACE NYC
4,FLUSHING-SOUTH,01 ONE FAMILY DWELLINGS,1,6707,7,A5,150-61 77 AVENUE,11367.0,1.0,0.0,1.0,1800.0,1683.0,1955.0,1,A5,350000,2019-01-08,queens,150-61 77 AVENUE NYC
4,SOUTH OZONE PARK,01 ONE FAMILY DWELLINGS,1,11612,24,A1,109-36 133 ST,11420.0,1.0,0.0,1.0,2500.0,1280.0,1930.0,1,A1,490000,2019-03-22,queens,109-36 133 ST NYC
2,SCHUYLERVILLE/PELHAM BAY,01 ONE FAMILY DWELLINGS,1,5334,45,A1,1259 EDISON AVENUE,10461.0,1.0,0.0,1.0,4915.0,2400.0,1930.0,1,A1,580000,2019-03-01,bronx,1259 EDISON AVENUE NYC
2,COUNTRY CLUB,02 TWO FAMILY DWELLINGS,1,5473,1,B1,3200 LAFAYETTE AVENUE,10465.0,2.0,0.0,2.0,3680.0,1816.0,1955.0,1,B1,584000,2019-07-24,bronx,3200 LAFAYETTE AVENUE NYC
4,SPRINGFIELD GARDENS,01 ONE FAMILY DWELLINGS,1,12728,7,A2,125-27 LUCAS STREET,11413.0,1.0,0.0,1.0,3800.0,1008.0,1960.0,1,A2,494000,2019-03-05,queens,125-27 LUCAS STREET NYC
2,SOUNDVIEW,02 TWO FAMILY DWELLINGS,1,3436,109,B2,107 DOLPHIN COURT,10473.0,2.0,0.0,2.0,1725.0,2400.0,2014.0,1,B2,825000,2019-11-26,bronx,107 DOLPHIN COURT NYC
5,GRASMERE,01 ONE FAMILY DWELLINGS,1,3176,37,A5,90 NORTH RAILROAD AVE,10304.0,1.0,0.0,1.0,1190.0,1350.0,1988.0,1,A5,390000,2019-01-31,statenisland,90 NORTH RAILROAD AVE NYC
5,GREAT KILLS,02 TWO FAMILY DWELLINGS,1,5461,82,B9,93 NOTRE DAME AVENUE,10308.0,2.0,0.0,2.0,3500.0,2391.0,1986.0,1,B9,735000,2019-08-28,statenisland,93 NOTRE DAME AVENUE NYC
2,HIGHBRIDGE/MORRIS HEIGHTS,03 THREE FAMILY DWELLINGS,1,2867,137,C0,1737 DAVIDSON AVENUE,10453.0,3.0,0.0,3.0,1517.0,3447.0,2007.0,1,C0,850000,2019-11-27,bronx,1737 DAVIDSON AVENUE NYC
3,FLATBUSH-EAST,02 TWO FAMILY DWELLINGS,1,4931,24,B1,266 EAST 32 STREET,11226.0,2.0,0.0,2.0,1933.0,1976.0,1910.0,1,B1,423000,2019-03-04,brooklyn,266 EAST 32 STREET NYC
4,JACKSON HEIGHTS,02 TWO FAMILY DWELLINGS,1,1058,17,S2,25-24 82ND STREET,11370.0,2.0,1.0,3.0,3000.0,3090.0,1920.0,1,S2,875000,2019-01-07,queens,25-24 82ND STREET NYC
4,GLENDALE,02 TWO FAMILY DWELLINGS,1,3593,13,S2,62-22 MYRTLE AVENUE,11385.0,2.0,1.0,3.0,1900.0,3135.0,1931.0,1,S2,1740000,2019-08-08,queens,62-22 MYRTLE AVENUE NYC
5,TOTTENVILLE,02 TWO FAMILY DWELLINGS,1,7888,71,B2,297 CHELSEA STREET,10307.0,2.0,0.0,2.0,3760.0,1500.0,1989.0,1,B2,685000,2019-11-13,statenisland,297 CHELSEA STREET NYC
4,FLUSHING-NORTH,02 TWO FAMILY DWELLINGS,1,5104,59,B1,132-15 AVERY AVENUE,11355.0,2.0,0.0,2.0,2100.0,1774.0,1955.0,1,B1,1700000,2019-11-01,queens,132-15 AVERY AVENUE NYC
3,BAY RIDGE,02 TWO FAMILY DWELLINGS,1,6072,27,B1,28 PARROTT PLACE,11228.0,2.0,0.0,2.0,2000.0,3014.0,1930.0,1,B1,1338000,2019-10-21,brooklyn,28 PARROTT PLACE NYC
4,WOODHAVEN,01 ONE FAMILY DWELLINGS,1,8966,22,A1,89-32 85TH STREET,11421.0,1.0,0.0,1.0,2000.0,1348.0,1910.0,1,A1,572000,2019-04-03,queens,89-32 85TH STREET NYC
5,MIDLAND BEACH,01 ONE FAMILY DWELLINGS,1,3718,35,A9,472 JEFFERSON AVENUE,10306.0,1.0,0.0,1.0,2440.0,1344.0,1975.0,1,A9,550000,2019-08-09,statenisland,472 JEFFERSON AVENUE NYC
3,FLATBUSH-NORTH,02 TWO FAMILY DWELLINGS,1,4667,62,B1,9206 KINGS HIGHWAY,11212.0,2.0,0.0,2.0,2208.0,1813.0,1950.0,1,B1,660000,2019-07-22,brooklyn,9206 KINGS HIGHWAY NYC
3,BOROUGH PARK,03 THREE FAMILY DWELLINGS,1,6556,54,C0,2351 62ND STREET,11204.0,3.0,0.0,3.0,2600.0,2842.0,1930.0,1,C0,463333,2019-09-27,brooklyn,2351 62ND STREET NYC
4,SPRINGFIELD GARDENS,01 ONE FAMILY DWELLINGS,1,12457,25,A5,186-07 121ST AVENUE,11412.0,1.0,0.0,1.0,2400.0,1118.0,1950.0,1,A5,440000,2019-08-30,queens,186-07 121ST AVENUE NYC
5,GREAT KILLS,01 ONE FAMILY DWELLINGS,1,4575,69,A5,225 CORBIN AVENUE,10308.0,1.0,0.0,1.0,2700.0,1318.0,2007.0,1,A5,515000,2019-06-11,statenisland,225 CORBIN AVENUE NYC
3,GRAVESEND,02 TWO FAMILY DWELLINGS,1,7160,19,B1,2334 WEST 13TH STREET,11223.0,2.0,0.0,2.0,2000.0,2064.0,1925.0,1,B1,650000,2019-08-08,brooklyn,2334 WEST 13TH STREET NYC
4,WHITESTONE,01 ONE FAMILY DWELLINGS,1,4454,63,A2,145-37 6 AVENUE,11357.0,1.0,0.0,1.0,4500.0,1486.0,1955.0,1,A2,865000,2019-06-19,queens,145-37 6 AVENUE NYC
5,PRINCES BAY,01 ONE FAMILY DWELLINGS,1,6727,124,A5,67 INDALE AVENUE,10309.0,1.0,0.0,1.0,2285.0,1600.0,1995.0,1,A5,440000,2019-02-21,statenisland,67 INDALE AVENUE NYC
4,SPRINGFIELD GARDENS,01 ONE FAMILY DWELLINGS,1,12991,36,A1,177-23 137 AVENUE,11434.0,1.0,0.0,1.0,3000.0,1215.0,1935.0,1,A1,463500,2019-02-07,queens,177-23 137 AVENUE NYC
5,GREAT KILLS,01 ONE FAMILY DWELLINGS,1,4640,37,A5,38 STONECREST COURT,10308.0,1.0,0.0,1.0,2610.0,944.0,1991.0,1,A5,330000,2019-10-17,statenisland,38 STONECREST COURT NYC
4,CORONA,02 TWO FAMILY DWELLINGS,1,1883,6,B3,98-14 ALSTYNE AVENUE,11368.0,2.0,0.0,2.0,1639.0,1317.0,1930.0,1,B3,520000,2019-01-30,queens,98-14 ALSTYNE AVENUE NYC
5,CONCORD,01 ONE FAMILY DWELLINGS,1,2886,15,A5,95 STEUBEN STREET,10304.0,1.0,0.0,1.0,1200.0,960.0,2004.0,1,A5,499412,2019-02-07,statenisland,95 STEUBEN STREET NYC
2,BAYCHESTER,01 ONE FAMILY DWELLINGS,1,4743,31,A5,3303 EASTCHESTER ROAD,10469.0,1.0,0.0,1.0,1800.0,1782.0,1950.0,1,A5,500000,2019-11-13,bronx,3303 EASTCHESTER ROAD NYC
4,JACKSON HEIGHTS,01 ONE FAMILY DWELLINGS,1,1367,1,A5,2503 93 STREET,11369.0,1.0,0.0,1.0,880.0,1224.0,1935.0,1,A5,679000,2019-02-21,queens,2503 93 STREET NYC
5,MANOR HEIGHTS,01 ONE FAMILY DWELLINGS,1,756,40,A5,342 GOWER STREET,10314.0,1.0,0.0,1.0,2678.0,1216.0,1975.0,1,A5,585000,2019-04-26,statenisland,342 GOWER STREET NYC
4,WOODHAVEN,02 TWO FAMILY DWELLINGS,1,8915,50,B3,80-65 89 AVENUE,11421.0,2.0,0.0,2.0,3000.0,1797.0,1901.0,1,B3,900000,2019-03-18,queens,80-65 89 AVENUE NYC
5,NEW SPRINGVILLE,02 TWO FAMILY DWELLINGS,1,2366,36,B2,27 MERRYMOUNT STREET,10314.0,2.0,0.0,2.0,4733.0,2492.0,1970.0,1,B2,800000,2019-11-04,statenisland,27 MERRYMOUNT STREET NYC
4,SO. JAMAICA-BAISLEY PARK,01 ONE FAMILY DWELLINGS,1,12201,64,A1,150-69 116 ROAD,11434.0,1.0,0.0,1.0,2000.0,896.0,1920.0,1,A1,540000,2019-03-29,queens,150-69 116 ROAD NYC
4,SOUTH JAMAICA,02 TWO FAMILY DWELLINGS,1,10257,50,B2,108-08 174 STREET,11433.0,2.0,0.0,2.0,1729.0,1680.0,2005.0,1,B2,695000,2019-07-22,queens,108-08 174 STREET NYC
5,GREAT KILLS-BAY TERRACE,01 ONE FAMILY DWELLINGS,1,5100,8,A5,58 AINSWORTH AVENUE,10308.0,1.0,0.0,1.0,2400.0,1176.0,1975.0,1,A5,550000,2019-12-02,statenisland,58 AINSWORTH AVENUE NYC
4,ST. ALBANS,01 ONE FAMILY DWELLINGS,1,11074,38,A1,116-35 202ND STREET,11412.0,1.0,0.0,1.0,3000.0,1265.0,1920.0,1,A1,475000,2019-01-25,queens,116-35 202ND STREET NYC
4,OZONE PARK,02 TWO FAMILY DWELLINGS,1,9081,70,B2,81-19 102ND AVENUE,11416.0,2.0,0.0,2.0,2502.0,2064.0,1910.0,1,B2,735000,2019-07-02,queens,81-19 102ND AVENUE NYC
3,SHEEPSHEAD BAY,01 ONE FAMILY DWELLINGS,1,7354,14,A1,2140 EAST 22ND STREET,11229.0,1.0,0.0,1.0,2000.0,1540.0,1930.0,1,A1,845000,2019-09-11,brooklyn,2140 EAST 22ND STREET NYC
4,JACKSON HEIGHTS,02 TWO FAMILY DWELLINGS,1,1423,65,B1,32-47 93RD STREET,11369.0,2.0,0.0,2.0,1867.0,1720.0,1945.0,1,B1,900000,2019-12-02,queens,32-47 93RD STREET NYC
4,WOODHAVEN,01 ONE FAMILY DWELLINGS,1,8923,42,A5,8753 86TH STREET,11421.0,1.0,0.0,1.0,1521.0,1284.0,1910.0,1,A5,567000,2019-09-17,queens,8753 86TH STREET NYC
5,GRANT CITY,01 ONE FAMILY DWELLINGS,1,3539,80,A5,126 DONGAN HILLS AVENUE,10305.0,1.0,0.0,1.0,1840.0,912.0,1965.0,1,A5,536000,2019-08-19,statenisland,126 DONGAN HILLS AVENUE NYC
4,JAMAICA ESTATES,01 ONE FAMILY DWELLINGS,1,9955,13,A1,183-27 DALNY RD,11432.0,1.0,0.0,1.0,4400.0,1978.0,1925.0,1,A1,845000,2019-04-15,queens,183-27 DALNY RD NYC
3,BENSONHURST,01 ONE FAMILY DWELLINGS,1,5569,47,A2,1865 68TH STREET,11204.0,1.0,0.0,1.0,2000.0,2048.0,1915.0,1,A2,780000,2019-01-14,brooklyn,1865 68TH STREET NYC
4,SPRINGFIELD GARDENS,02 TWO FAMILY DWELLINGS,1,12259,32,B2,129-07 154TH STREET,11434.0,2.0,0.0,2.0,2320.0,2294.0,2004.0,1,B2,495619,2019-08-19,queens,129-07 154TH STREET NYC
2,SOUNDVIEW,01 ONE FAMILY DWELLINGS,1,3456,78,A2,217 NEWMAN AVENUE,10473.0,1.0,0.0,1.0,2200.0,972.0,1925.0,1,A2,317000,2019-06-11,bronx,217 NEWMAN AVENUE NYC
2,MORRIS PARK/VAN NEST,02 TWO FAMILY DWELLINGS,1,4051,58,B2,1831 HOLLAND AVENUE,10462.0,2.0,0.0,2.0,2500.0,1661.0,1915.0,1,B2,660000,2019-04-04,bronx,1831 HOLLAND AVENUE NYC
4,FLUSHING-NORTH,02 TWO FAMILY DWELLINGS,1,5538,14,B3,196-32 45TH AVE,11358.0,2.0,0.0,2.0,4000.0,2397.0,1950.0,1,B3,1832850,2019-05-22,queens,196-32 45TH AVE NYC
3,EAST NEW YORK,02 TWO FAMILY DWELLINGS,1,3820,44,B1,532 GEORGIA AVENUE,11207.0,2.0,0.0,2.0,2450.0,2040.0,1910.0,1,B1,550000,2019-07-15,brooklyn,532 GEORGIA AVENUE NYC
3,WYCKOFF HEIGHTS,03 THREE FAMILY DWELLINGS,1,3238,46,C0,1627 DEKALB AVENUE,11237.0,3.0,0.0,3.0,2000.0,2864.0,2005.0,1,C0,1062500,2019-11-05,brooklyn,1627 DEKALB AVENUE NYC
4,WOODHAVEN,01 ONE FAMILY DWELLINGS,1,8907,33,B3,89-14 78 STREET,11421.0,2.0,0.0,2.0,4033.0,2392.0,1930.0,1,A1,995000,2019-07-02,queens,89-14 78 STREET NYC
4,SO. JAMAICA-BAISLEY PARK,01 ONE FAMILY DWELLINGS,1,12101,74,A1,146-05 SUTTER AVENUE,11436.0,1.0,0.0,1.0,1900.0,926.0,1925.0,1,A1,325000,2019-01-25,queens,146-05 SUTTER AVENUE NYC
5,ROSSVILLE,01 ONE FAMILY DWELLINGS,1,7082,10,A5,292 MALVINE AVENUE,10309.0,1.0,0.0,1.0,2379.0,1350.0,1997.0,1,A5,615000,2019-04-25,statenisland,292 MALVINE AVENUE NYC
4,ROSEDALE,02 TWO FAMILY DWELLINGS,1,13656,35,B2,253-60 149TH ROAD,11422.0,2.0,0.0,2.0,4100.0,2450.0,1965.0,1,B2,750000,2019-02-08,queens,253-60 149TH ROAD NYC
4,SOUTH OZONE PARK,01 ONE FAMILY DWELLINGS,1,11698,21,A1,117-30 135 STREET,11420.0,1.0,0.0,1.0,2088.0,1164.0,1920.0,1,A1,546000,2019-09-18,queens,117-30 135 STREET NYC
4,SPRINGFIELD GARDENS,01 ONE FAMILY DWELLINGS,1,12473,37,A5,120-47 178TH STREET,11434.0,1.0,0.0,1.0,3588.0,1440.0,1930.0,1,A5,360000,2019-11-12,queens,120-47 178TH STREET NYC
5,ARDEN HEIGHTS,01 ONE FAMILY DWELLINGS,1,5741,123,A5,352 ILYSSA WAY,10312.0,1.0,0.0,1.0,560.0,1510.0,1996.0,1,A5,400000,2019-02-11,statenisland,352 ILYSSA WAY NYC
4,ARVERNE,02 TWO FAMILY DWELLINGS,1,15972,13,B9,432 BEACH 48TH STREET,11691.0,2.0,0.0,2.0,2473.0,1869.0,1960.0,1,B9,640000,2019-01-17,queens,432 BEACH 48TH STREET NYC
4,QUEENS VILLAGE,01 ONE FAMILY DWELLINGS,1,11175,77,A1,22536 105 AVENUE,11429.0,1.0,0.0,1.0,2942.0,1408.0,1925.0,1,A1,354900,2019-06-18,queens,22536 105 AVENUE NYC
4,JACKSON HEIGHTS,01 ONE FAMILY DWELLINGS,1,1005,21,A1,22-32 74TH STREET,11370.0,1.0,0.0,1.0,2000.0,1235.0,1925.0,1,A1,821000,2019-07-12,queens,22-32 74TH STREET NYC
3,FLATBUSH-EAST,01 ONE FAMILY DWELLINGS,1,7927,33,A9,805 EAST 51ST STREET,11203.0,1.0,0.0,1.0,2000.0,1632.0,1940.0,1,A9,627000,2019-11-07,brooklyn,805 EAST 51ST STREET NYC
4,JACKSON HEIGHTS,02 TWO FAMILY DWELLINGS,1,1169,25,B1,32-36 74TH STREET,11370.0,2.0,0.0,2.0,2000.0,1417.0,1955.0,1,B1,800000,2019-02-11,queens,32-36 74TH STREET NYC
4,BELLEROSE,01 ONE FAMILY DWELLINGS,1,8668,27,A1,251-16 87TH DRIVE,11426.0,1.0,0.0,1.0,3300.0,1358.0,1925.0,1,A1,418000,2019-08-01,queens,251-16 87TH DRIVE NYC
3,FLATBUSH-NORTH,02 TWO FAMILY DWELLINGS,1,4848,37,B3,31 E 43 ST,11203.0,2.0,0.0,2.0,3120.0,2112.0,1940.0,1,B3,700000,2019-12-20,brooklyn,31 E 43 ST NYC
4,FOREST HILLS,01 ONE FAMILY DWELLINGS,1,2171,16,A5,108-22 64TH ROAD,11375.0,1.0,0.0,1.0,2000.0,1460.0,1945.0,1,A5,915000,2019-01-29,queens,108-22 64TH ROAD NYC
3,BERGEN BEACH,01 ONE FAMILY DWELLINGS,1,8460,9,A1,2455 EAST 73RD STREET,11234.0,1.0,0.0,1.0,4000.0,3432.0,1980.0,1,A1,1050000,2019-08-27,brooklyn,2455 EAST 73RD STREET NYC
4,BELLE HARBOR,02 TWO FAMILY DWELLINGS,1,16210,54,S2,424 BEACH 129TH STREET,11694.0,2.0,1.0,3.0,3000.0,3116.0,1920.0,1,S2,1770000,2019-10-03,queens,424 BEACH 129TH STREET NYC
3,CYPRESS HILLS,02 TWO FAMILY DWELLINGS,1,3911,12,B2,21 ESSEX STREET,11208.0,2.0,0.0,2.0,2000.0,2048.0,1910.0,1,B2,350000,2019-09-03,brooklyn,21 ESSEX STREET NYC
3,CROWN HEIGHTS,02 TWO FAMILY DWELLINGS,1,1408,71,B1,1601 CARROLL STREET,11213.0,2.0,0.0,2.0,3015.0,2728.0,1920.0,1,B1,325000,2019-08-07,brooklyn,1601 CARROLL STREET NYC
2,WAKEFIELD,03 THREE FAMILY DWELLINGS,1,5021,7,C0,4118 DEREIMER AVENUE,10466.0,3.0,0.0,3.0,2756.0,2800.0,1986.0,1,C0,740000,2019-04-26,bronx,4118 DEREIMER AVENUE NYC
5,PORT RICHMOND,01 ONE FAMILY DWELLINGS,1,1033,4,A1,77 PALMER AVENUE,10302.0,1.0,0.0,1.0,2500.0,1212.0,1915.0,1,A1,400000,2019-05-01,statenisland,77 PALMER AVENUE NYC
5,NEW SPRINGVILLE,01 ONE FAMILY DWELLINGS,1,2386,51,A5,126 VASSAR STREET,10314.0,1.0,0.0,1.0,2470.0,2248.0,1982.0,1,A5,670000,2019-03-06,statenisland,126 VASSAR STREET NYC
3,CYPRESS HILLS,03 THREE FAMILY DWELLINGS,1,3949,11,C0,145 SCHENCK AVENUE,11207.0,3.0,0.0,3.0,2500.0,2886.0,1901.0,1,C0,575000,2019-04-15,brooklyn,145 SCHENCK AVENUE NYC
4,RICHMOND HILL,07 RENTALS - WALKUP APARTMENTS,2A,9457,25,C3,119-15 101 AVE,11419.0,4.0,0.0,4.0,2331.0,3000.0,1930.0,2,C3,955000,2019-04-04,queens,119-15 101 AVE NYC
3,SUNSET PARK,02 TWO FAMILY DWELLINGS,1,758,60,B9,645 47TH STREET,11220.0,2.0,0.0,2.0,1803.0,1812.0,1910.0,1,B9,980000,2019-12-03,brooklyn,645 47TH STREET NYC
2,BRONXDALE,02 TWO FAMILY DWELLINGS,1,4531,29,B1,2756 SEYMOUR AVENUE,10469.0,2.0,0.0,2.0,3025.0,1825.0,1940.0,1,B1,600000,2019-11-21,bronx,2756 SEYMOUR AVENUE NYC
5,WESTERLEIGH,02 TWO FAMILY DWELLINGS,1,1464,17,B3,211 CRYSTAL AVENUE,10302.0,2.0,0.0,2.0,4176.0,1402.0,1945.0,1,B3,640000,2019-12-30,statenisland,211 CRYSTAL AVENUE NYC
4,HOLLIS,01 ONE FAMILY DWELLINGS,1,10557,3,A1,90-65 207TH STREET,11428.0,1.0,0.0,1.0,2600.0,1216.0,1925.0,1,A1,400000,2019-04-10,queens,90-65 207TH STREET NYC
5,TOMPKINSVILLE,01 ONE FAMILY DWELLINGS,1,574,48,A1,29 EDGAR TERRACE,10301.0,1.0,0.0,1.0,2213.0,1206.0,1920.0,1,A1,409000,2019-06-19,statenisland,29 EDGAR TERRACE NYC
5,NEW BRIGHTON,03 THREE FAMILY DWELLINGS,1,17,109,C0,114 MONTGOMERY AVENUE,10301.0,3.0,0.0,3.0,2125.0,2596.0,1910.0,1,C0,730000,2019-01-16,statenisland,114 MONTGOMERY AVENUE NYC
4,REGO PARK,01 ONE FAMILY DWELLINGS,1,3107,120,A5,88-55 62ND DRIVE,11374.0,1.0,0.0,1.0,1966.0,1340.0,1931.0,1,A5,905000,2019-11-27,queens,88-55 62ND DRIVE NYC
3,MIDWOOD,01 ONE FAMILY DWELLINGS,1,6718,24,A1,1064 EAST 17TH STREET,11230.0,1.0,0.0,1.0,4000.0,2660.0,1920.0,1,A1,1350000,2019-03-26,brooklyn,1064 EAST 17TH STREET NYC
3,GRAVESEND,02 TWO FAMILY DWELLINGS,1,6869,52,B1,8628 26TH AVENUE,11214.0,2.0,0.0,2.0,2900.0,2112.0,1930.0,1,B1,750000,2019-06-13,brooklyn,8628 26TH AVENUE NYC
4,SPRINGFIELD GARDENS,01 ONE FAMILY DWELLINGS,1,12515,141,A2,172-29 125TH AVENUE,11434.0,1.0,0.0,1.0,2660.0,1299.0,1920.0,1,A2,520000,2019-03-14,queens,172-29 125TH AVENUE NYC
4,QUEENS VILLAGE,01 ONE FAMILY DWELLINGS,1,10645,83,A1,90-36 213TH STREET,11428.0,1.0,0.0,1.0,2937.0,1658.0,1925.0,1,A1,635000,2019-09-12,queens,90-36 213TH STREET NYC
4,FLUSHING-NORTH,01 ONE FAMILY DWELLINGS,1,5343,19,A1,40-06 169TH STREET,11358.0,1.0,0.0,1.0,4500.0,2024.0,1930.0,1,A1,950000,2019-08-13,queens,40-06 169TH STREET NYC
3,EAST NEW YORK,02 TWO FAMILY DWELLINGS,1,4178,4,B1,409 ELDERT LANE,11208.0,2.0,0.0,2.0,2052.0,2080.0,1910.0,1,B1,765000,2019-06-06,brooklyn,409 ELDERT LANE NYC
3,BEDFORD STUYVESANT,03 THREE FAMILY DWELLINGS,1,1695,58,C0,1769 FULTON STREET,11233.0,3.0,0.0,3.0,1263.0,2701.0,1901.0,1,C0,383977,2019-06-17,brooklyn,1769 FULTON STREET NYC
2,BAYCHESTER,02 TWO FAMILY DWELLINGS,1,4741,33,B1,1407 BURKE AVENUE,10469.0,2.0,0.0,2.0,2200.0,1874.0,1945.0,1,B1,665000,2019-02-19,bronx,1407 BURKE AVENUE NYC
3,BEDFORD STUYVESANT,02 TWO FAMILY DWELLINGS,1,1714,108,B1,13 COLUMBUS PLACE,11233.0,2.0,0.0,2.0,1470.0,2310.0,2005.0,1,B1,450000,2019-11-07,brooklyn,13 COLUMBUS PLACE NYC
3,OLD MILL BASIN,01 ONE FAMILY DWELLINGS,1,8547,27,A9,2043 EAST 55TH STREET,11234.0,1.0,0.0,1.0,2000.0,1248.0,1920.0,1,A9,610000,2019-07-11,brooklyn,2043 EAST 55TH STREET NYC
2,SCHUYLERVILLE/PELHAM BAY,02 TWO FAMILY DWELLINGS,1,4234,64,B3,2909 ST THERESA AVENUE,10461.0,2.0,0.0,2.0,2266.0,1207.0,1935.0,1,B3,750000,2019-05-13,bronx,2909 ST THERESA AVENUE NYC
3,CANARSIE,02 TWO FAMILY DWELLINGS,1,7994,29,B2,8907 BAY VIEW AVENUE,11236.0,2.0,0.0,2.0,2581.0,1476.0,1930.0,1,B2,890000,2019-09-25,brooklyn,8907 BAY VIEW AVENUE NYC
4,FOREST HILLS,01 ONE FAMILY DWELLINGS,1,3188,13,A5,67-50 EXETER STREET,11375.0,1.0,0.0,1.0,2042.0,1400.0,1940.0,1,A5,1122000,2019-03-11,queens,67-50 EXETER STREET NYC
5,WILLOWBROOK,01 ONE FAMILY DWELLINGS,1,2090,55,A5,788 SOUTH GANNON AVENUE,10314.0,1.0,0.0,1.0,936.0,1200.0,1985.0,1,A5,425000,2019-05-15,statenisland,788 SOUTH GANNON AVENUE NYC
3,OCEAN HILL,03 THREE FAMILY DWELLINGS,1,1432,42,C0,2105A PACIFIC STREET,11233.0,3.0,0.0,3.0,1667.0,2400.0,1901.0,1,C0,915000,2019-05-03,brooklyn,2105A PACIFIC STREET NYC
4,ASTORIA,02 TWO FAMILY DWELLINGS,1,867,4,B3,24-09 23 AVENUE,11105.0,2.0,0.0,2.0,2500.0,1380.0,1920.0,1,B3,499000,2019-03-12,queens,24-09 23 AVENUE NYC
3,EAST NEW YORK,03 THREE FAMILY DWELLINGS,1,4060,41,C0,863 DUMONT,11207.0,3.0,0.0,3.0,2500.0,3021.0,1901.0,1,C0,640000,2019-04-04,brooklyn,863 DUMONT NYC
4,QUEENS VILLAGE,01 ONE FAMILY DWELLINGS,1,11234,147,A5,217-31 114TH ROAD,11411.0,1.0,0.0,1.0,2200.0,908.0,1945.0,1,A5,415000,2019-12-27,queens,217-31 114TH ROAD NYC
2,MOUNT HOPE/MOUNT EDEN,02 TWO FAMILY DWELLINGS,1,2849,85,B1,55 CLIFFORD PLACE,10453.0,2.0,0.0,2.0,2600.0,2688.0,1920.0,1,B1,580000,2019-06-11,bronx,55 CLIFFORD PLACE NYC
4,JACKSON HEIGHTS,01 ONE FAMILY DWELLINGS,1,1248,46,A5,33-35 75TH STREET,11372.0,1.0,0.0,1.0,1942.0,1928.0,1945.0,1,A5,965000,2019-09-06,queens,33-35 75TH STREET NYC
4,ASTORIA,02 TWO FAMILY DWELLINGS,1,716,128,B1,25-39 45TH STREET,11103.0,2.0,0.0,2.0,2000.0,2695.0,1920.0,1,B1,483678,2019-09-24,queens,25-39 45TH STREET NYC
4,SO. JAMAICA-BAISLEY PARK,01 ONE FAMILY DWELLINGS,1,12223,22,A1,124-14 155 STREET,11434.0,1.0,0.0,1.0,4442.0,2068.0,1930.0,1,A1,749000,2019-07-26,queens,124-14 155 STREET NYC
2,THROGS NECK,02 TWO FAMILY DWELLINGS,1,5524,117,B1,3094 HATTING PLACE,10465.0,2.0,0.0,2.0,4500.0,2968.0,2008.0,1,B1,610950,2019-07-01,bronx,3094 HATTING PLACE NYC
4,REGO PARK,01 ONE FAMILY DWELLINGS,1,3160,28,A5,6714 GROTON STREET,11375.0,1.0,0.0,1.0,2200.0,1084.0,1940.0,1,A5,940000,2019-02-26,queens,6714 GROTON STREET NYC
5,CLOVE LAKES,02 TWO FAMILY DWELLINGS,1,247,16,B3,1131 VICTORY BOULEVARD,10301.0,2.0,0.0,2.0,3240.0,2200.0,1925.0,1,B3,605000,2019-06-21,statenisland,1131 VICTORY BOULEVARD NYC
3,EAST NEW YORK,02 TWO FAMILY DWELLINGS,1,4297,4,S2,334 NEW LOTS AVENUE,11207.0,2.0,1.0,3.0,1628.0,3300.0,1930.0,1,S2,740000,2019-08-13,brooklyn,334 NEW LOTS AVENUE NYC
4,BAYSIDE,01 ONE FAMILY DWELLINGS,1,6251,26,A1,38-37 218TH STREET,11361.0,1.0,0.0,1.0,4742.0,1908.0,1935.0,1,A1,1315000,2019-05-10,queens,38-37 218TH STREET NYC
2,BRONXDALE,02 TWO FAMILY DWELLINGS,1,4577,32,B1,3041 HONE AVENUE,10469.0,2.0,0.0,2.0,2500.0,1846.0,1950.0,1,B1,575000,2019-09-03,bronx,3041 HONE AVENUE NYC
3,MARINE PARK,02 TWO FAMILY DWELLINGS,1,8505,73,B3,1970 RYDER STREET,11234.0,2.0,0.0,2.0,2000.0,1568.0,1925.0,1,B3,728000,2019-03-11,brooklyn,1970 RYDER STREET NYC
4,COLLEGE POINT,02 TWO FAMILY DWELLINGS,1,4202,5,B1,126-01 23RD AVENUE,11356.0,2.0,0.0,2.0,2500.0,2180.0,2003.0,1,B1,1170000,2019-11-19,queens,126-01 23RD AVENUE NYC
4,OZONE PARK,01 ONE FAMILY DWELLINGS,1,11501,23,A5,133-16 PECONIC STREET,11417.0,1.0,0.0,1.0,3300.0,1360.0,1950.0,1,A5,560000,2019-12-05,queens,133-16 PECONIC STREET NYC
2,MORRIS PARK/VAN NEST,02 TWO FAMILY DWELLINGS,1,4098,60,B2,1656 COLDEN AVENUE,10462.0,2.0,0.0,2.0,2500.0,2000.0,1901.0,1,B2,602500,2019-03-21,bronx,1656 COLDEN AVENUE NYC
4,QUEENS VILLAGE,01 ONE FAMILY DWELLINGS,1,10782,15,A1,218-72 99TH AVENUE,11429.0,1.0,0.0,1.0,3744.0,1956.0,1950.0,1,A1,558000,2019-09-19,queens,218-72 99TH AVENUE NYC
4,FLUSHING-SOUTH,01 ONE FAMILY DWELLINGS,1,6928,6,A5,68-19 174TH STREET,11365.0,1.0,0.0,1.0,1833.0,2101.0,1950.0,1,A5,730000,2019-01-14,queens,68-19 174TH STREET NYC
3,OCEAN HILL,03 THREE FAMILY DWELLINGS,1,1452,58,C0,1513 ST MARKS AVENUE,11233.0,3.0,0.0,3.0,2741.0,3900.0,2004.0,1,C0,1200000,2019-11-04,brooklyn,1513 ST MARKS AVENUE NYC
3,EAST NEW YORK,02 TWO FAMILY DWELLINGS,1,4266,44,B1,554 PINE STREET,11208.0,2.0,0.0,2.0,2000.0,2120.0,1910.0,1,B1,885000,2019-12-27,brooklyn,554 PINE STREET NYC
4,ASTORIA,02 TWO FAMILY DWELLINGS,1,653,4,B1,25-81 37TH STREET,11103.0,2.0,0.0,2.0,2125.0,1312.0,1960.0,1,B1,450000,2019-03-25,queens,25-81 37TH STREET NYC
4,ST. ALBANS,01 ONE FAMILY DWELLINGS,1,12640,41,A5,118-19 205TH STREET,11412.0,1.0,0.0,1.0,2664.0,1168.0,1950.0,1,A5,495000,2019-10-07,queens,118-19 205TH STREET NYC
3,MADISON,02 TWO FAMILY DWELLINGS,1,7341,9,B1,2162 GERRITSEN AVENUE,11229.0,2.0,0.0,2.0,2567.0,2420.0,1940.0,1,B1,996500,2019-05-17,brooklyn,2162 GERRITSEN AVENUE NYC
4,SPRINGFIELD GARDENS,01 ONE FAMILY DWELLINGS,1,13323,37,A2,181-11 145TH ROAD,11413.0,1.0,0.0,1.0,3897.0,1000.0,1955.0,1,A2,446000,2019-01-07,queens,181-11 145TH ROAD NYC
3,MARINE PARK,01 ONE FAMILY DWELLINGS,1,8480,1,A9,3623 FILLMORE AVENUE,11234.0,1.0,0.0,1.0,1445.0,1036.0,1925.0,1,A9,690000,2019-02-14,brooklyn,3623 FILLMORE AVENUE NYC
2,BRONXDALE,02 TWO FAMILY DWELLINGS,1,4560,15,B1,2922 HERING AVENUE,10469.0,2.0,0.0,2.0,2200.0,1820.0,1960.0,1,B1,490000,2019-08-30,bronx,2922 HERING AVENUE NYC
3,OLD MILL BASIN,01 ONE FAMILY DWELLINGS,1,7897,5,A1,1737 EAST 52ND STREET,11234.0,1.0,0.0,1.0,2000.0,1400.0,1925.0,1,A1,570000,2019-03-29,brooklyn,1737 EAST 52ND STREET NYC
4,GLEN OAKS,01 ONE FAMILY DWELLINGS,1,8506,33,A1,77-60 252ND STREET,11426.0,1.0,0.0,1.0,4000.0,1768.0,1940.0,1,A1,678000,2019-04-10,queens,77-60 252ND STREET NYC
4,JACKSON HEIGHTS,01 ONE FAMILY DWELLINGS,1,1140,21,A5,31-28 70 STREET,11370.0,1.0,0.0,1.0,1980.0,1080.0,1945.0,1,A5,779000,2019-02-13,queens,31-28 70 STREET NYC
4,FLORAL PARK,01 ONE FAMILY DWELLINGS,1,8706,39,A0,269-03 80TH AVENUE,11040.0,1.0,0.0,1.0,4000.0,1064.0,1950.0,1,A0,590000,2019-10-03,queens,269-03 80TH AVENUE NYC
4,FLUSHING-NORTH,01 ONE FAMILY DWELLINGS,1,5426,14,A1,43-51 168TH STREET,11358.0,1.0,0.0,1.0,4000.0,1771.0,1925.0,1,A1,920000,2019-08-30,queens,43-51 168TH STREET NYC
3,CANARSIE,02 TWO FAMILY DWELLINGS,1,8244,70,B2,1154 EAST 99TH STREET,11236.0,2.0,0.0,2.0,2000.0,1136.0,1925.0,1,B2,637500,2019-12-12,brooklyn,1154 EAST 99TH STREET NYC
3,FLATBUSH-EAST,01 ONE FAMILY DWELLINGS,1,7767,64,A1,1070 EAST 42ND STREET,11210.0,1.0,0.0,1.0,4000.0,1116.0,1910.0,1,A1,587600,2019-06-28,brooklyn,1070 EAST 42ND STREET NYC
3,MIDWOOD,01 ONE FAMILY DWELLINGS,1,6720,57,A1,1054 E 19 ST,11230.0,1.0,0.0,1.0,4100.0,1927.0,1915.0,1,A1,1400000,2019-03-29,brooklyn,1054 E 19 ST NYC
5,GREAT KILLS,01 ONE FAMILY DWELLINGS,1,4579,20,A5,32 JUMEL STREET,10308.0,1.0,0.0,1.0,2500.0,1536.0,1998.0,1,A5,605000,2019-02-01,statenisland,32 JUMEL STREET NYC
5,PORT RICHMOND,02 TWO FAMILY DWELLINGS,1,1095,4,B2,187 CHARLES AVENUE,10302.0,2.0,0.0,2.0,2500.0,2032.0,1920.0,1,B2,470541,2019-01-03,statenisland,187 CHARLES AVENUE NYC
3,OCEAN HILL,02 TWO FAMILY DWELLINGS,1,1532,21,B3,150 MACDOUGAL,11233.0,2.0,0.0,2.0,1600.0,1920.0,1910.0,1,B3,960000,2019-02-12,brooklyn,150 MACDOUGAL NYC
5,GREAT KILLS,01 ONE FAMILY DWELLINGS,1,5491,109,A5,44 FENWAY CIRCLE,10308.0,1.0,0.0,1.0,2304.0,1280.0,1970.0,1,A9,520000,2019-07-31,statenisland,44 FENWAY CIRCLE NYC
2,WAKEFIELD,02 TWO FAMILY DWELLINGS,1,5116,3,B2,741 E 243RD STREET,10470.0,2.0,0.0,2.0,2490.0,1771.0,1905.0,1,B2,606000,2019-12-26,bronx,741 E 243RD STREET NYC
4,FLUSHING-NORTH,02 TWO FAMILY DWELLINGS,1,4782,75,B1,144-17 28TH AVENUE,11354.0,2.0,0.0,2.0,2258.0,2650.0,1965.0,1,B1,1250000,2019-10-29,queens,144-17 28TH AVENUE NYC
2,BAYCHESTER,02 TWO FAMILY DWELLINGS,1,4751,42,B3,3300 GUNTHER AVENUE,10469.0,2.0,0.0,2.0,2850.0,1188.0,1955.0,1,B3,495000,2019-04-02,bronx,3300 GUNTHER AVENUE NYC
4,JACKSON HEIGHTS,01 ONE FAMILY DWELLINGS,1,1447,61,S1,34-23 86 STREET,11372.0,1.0,1.0,2.0,4000.0,2150.0,1930.0,1,S1,821750,2019-03-19,queens,34-23 86 STREET NYC
5,BULLS HEAD,02 TWO FAMILY DWELLINGS,1,1582,41,B9,24 LEGGETT PLACE,10314.0,2.0,0.0,2.0,3570.0,1560.0,1975.0,1,B9,699500,2019-09-26,statenisland,24 LEGGETT PLACE NYC
3,EAST NEW YORK,02 TWO FAMILY DWELLINGS,1,4088,46,B1,680 HENDRIX STREET,11207.0,2.0,0.0,2.0,2000.0,1968.0,1901.0,1,B1,450000,2019-09-20,brooklyn,680 HENDRIX STREET NYC
2,MORRISANIA/LONGWOOD,07 RENTALS - WALKUP APARTMENTS,2A,2756,47,C3,1017 LONGFELLOW AVENUE,10459.0,4.0,0.0,4.0,2500.0,3318.0,1930.0,2,C3,625000,2019-01-14,bronx,1017 LONGFELLOW AVENUE NYC
3,MARINE PARK,01 ONE FAMILY DWELLINGS,1,8482,22,A5,1845 EAST 38TH STREET,11234.0,1.0,0.0,1.0,1900.0,1020.0,1930.0,1,A5,546500,2019-05-09,brooklyn,1845 EAST 38TH STREET NYC
4,SUNNYSIDE,02 TWO FAMILY DWELLINGS,1,132,58,B1,39-64 50TH STREET,11377.0,2.0,0.0,2.0,1900.0,1830.0,1920.0,1,B1,1655000,2019-07-29,queens,39-64 50TH STREET NYC
4,MASPETH,02 TWO FAMILY DWELLINGS,1,2743,56,B2,6079 60TH ROAD,11378.0,2.0,0.0,2.0,2300.0,1804.0,1920.0,1,B2,375000,2019-10-15,queens,6079 60TH ROAD NYC
4,FLUSHING-NORTH,01 ONE FAMILY DWELLINGS,1,4712,54,A2,151-53 24TH AVENUE,11357.0,1.0,0.0,1.0,2328.0,656.0,1955.0,1,A2,670000,2019-09-04,queens,151-53 24TH AVENUE NYC
4,RIDGEWOOD,01 ONE FAMILY DWELLINGS,1,3495,20,A1,59-22 MENAHAN STREET,11385.0,1.0,0.0,1.0,2500.0,864.0,1910.0,1,A1,585000,2019-11-22,queens,59-22 MENAHAN STREET NYC
4,FLUSHING-NORTH,01 ONE FAMILY DWELLINGS,1,5598,28,A2,56-05 175 STREET,11365.0,1.0,0.0,1.0,4740.0,1350.0,1950.0,1,A2,988000,2019-12-13,queens,56-05 175 STREET NYC
4,CAMBRIA HEIGHTS,01 ONE FAMILY DWELLINGS,1,11280,60,A5,216-03 115TH COURT,11411.0,1.0,0.0,1.0,1328.0,864.0,1940.0,1,A5,360000,2019-12-17,queens,216-03 115TH COURT NYC
4,MASPETH,02 TWO FAMILY DWELLINGS,1,2431,8,B2,67-21 47TH AVE,11377.0,2.0,0.0,2.0,2500.0,2000.0,1935.0,1,B2,1180000,2019-03-19,queens,67-21 47TH AVE NYC
2,THROGS NECK,01 ONE FAMILY DWELLINGS,1,5424,25,A1,962 EDISON AVENUE,10465.0,1.0,0.0,1.0,2500.0,1148.0,1930.0,1,A1,404000,2019-06-17,bronx,962 EDISON AVENUE NYC
3,PARK SLOPE SOUTH,01 ONE FAMILY DWELLINGS,1,1055,19,A9,3 WEBSTER PLACE,11215.0,1.0,0.0,1.0,1550.0,964.0,1901.0,1,A9,1570000,2019-01-25,brooklyn,3 WEBSTER PLACE NYC
5,LIVINGSTON,01 ONE FAMILY DWELLINGS,1,149,60,A9,93 DELAFIELD PLACE,10310.0,1.0,0.0,1.0,4000.0,1204.0,1925.0,1,A9,420000,2019-01-30,statenisland,93 DELAFIELD PLACE NYC
3,OCEAN PARKWAY-NORTH,01 ONE FAMILY DWELLINGS,1,5356,18,A1,398 EAST 5TH STREET,11218.0,1.0,0.0,1.0,3000.0,1640.0,1910.0,1,A1,1699000,2019-10-03,brooklyn,398 EAST 5TH STREET NYC
4,FLUSHING-NORTH,01 ONE FAMILY DWELLINGS,1,5541,31,A0,45-63 196 PLACE,11358.0,1.0,0.0,1.0,4000.0,1114.0,1945.0,1,A0,865000,2019-07-15,queens,45-63 196 PLACE NYC
4,OAKLAND GARDENS,01 ONE FAMILY DWELLINGS,1,7624,27,A5,67-42 213TH STREET,11364.0,1.0,0.0,1.0,2600.0,1350.0,1950.0,1,A5,777000,2019-02-15,queens,67-42 213TH STREET NYC
3,BATH BEACH,02 TWO FAMILY DWELLINGS,1,6442,18,B3,8785 20TH AVENUE,11214.0,2.0,0.0,2.0,3867.0,2514.0,1920.0,1,B3,1250000,2019-05-17,brooklyn,8785 20TH AVENUE NYC
3,WILLIAMSBURG-EAST,02 TWO FAMILY DWELLINGS,1,2776,10,B9,224 AINSLIE STREET,11211.0,2.0,0.0,2.0,2500.0,2072.0,1905.0,1,B9,1925000,2019-07-01,brooklyn,224 AINSLIE STREET NYC
2,MOTT HAVEN/PORT MORRIS,01 ONE FAMILY DWELLINGS,1,2555,25,A5,607 OAK TERRACE,10454.0,1.0,0.0,1.0,2089.0,1104.0,2000.0,1,A5,375000,2019-04-02,bronx,607 OAK TERRACE NYC
5,ARDEN HEIGHTS,01 ONE FAMILY DWELLINGS,1,5772,72,A1,519 WOODROW ROAD,10312.0,1.0,0.0,1.0,3712.0,2500.0,1984.0,1,A1,635000,2019-04-04,statenisland,519 WOODROW ROAD NYC
4,RIDGEWOOD,02 TWO FAMILY DWELLINGS,1,3534,5,B1,60-58 68TH ROAD,11385.0,2.0,0.0,2.0,1800.0,3372.0,1905.0,1,B1,1390000,2019-01-10,queens,60-58 68TH ROAD NYC
4,SO. JAMAICA-BAISLEY PARK,02 TWO FAMILY DWELLINGS,1,12107,25,B2,14808 SUTTER AVENUE,11436.0,2.0,0.0,2.0,3800.0,2200.0,1950.0,1,B2,765000,2019-02-28,queens,14808 SUTTER AVENUE NYC
3,OCEAN PARKWAY-NORTH,01 ONE FAMILY DWELLINGS,1,6525,36,A9,1129 EAST 2ND STREET,11230.0,1.0,0.0,1.0,1105.0,856.0,1925.0,1,A9,910000,2019-05-31,brooklyn,1129 EAST 2ND STREET NYC
4,RICHMOND HILL,01 ONE FAMILY DWELLINGS,1,9606,60,A2,107-41 126 STREET,11419.0,1.0,0.0,1.0,2550.0,1140.0,1930.0,1,A2,560000,2019-05-06,queens,107-41 126 STREET NYC
4,LAURELTON,01 ONE FAMILY DWELLINGS,1,12895,72,A2,219-09 131ST AVENUE,11413.0,1.0,0.0,1.0,3373.0,1771.0,1950.0,1,A2,390000,2019-04-03,queens,219-09 131ST AVENUE NYC
2,THROGS NECK,01 ONE FAMILY DWELLINGS,1,5537,28,A2,1007 HUNTINGTON AVE,10465.0,1.0,0.0,1.0,3125.0,2008.0,1950.0,1,A2,520000,2019-03-29,bronx,1007 HUNTINGTON AVE NYC
4,GLENDALE,02 TWO FAMILY DWELLINGS,1,3599,35,B1,74-06 65 STREET,11385.0,2.0,0.0,2.0,2025.0,3300.0,1915.0,1,B1,750000,2019-07-30,queens,74-06 65 STREET NYC
4,FLUSHING-NORTH,01 ONE FAMILY DWELLINGS,1,5690,21,A1,58-34 187TH STREET,11365.0,1.0,0.0,1.0,4000.0,1996.0,1950.0,1,A2,770000,2019-07-01,queens,58-34 187TH STREET NYC
4,SOUTH OZONE PARK,01 ONE FAMILY DWELLINGS,1,11755,32,A1,120-39 131ST STREET,11420.0,1.0,0.0,1.0,2576.0,1556.0,1920.0,1,A1,437750,2019-03-19,queens,120-39 131ST STREET NYC
4,DOUGLASTON,01 ONE FAMILY DWELLINGS,1,8205,12,A2,46-18 247TH STREET,11362.0,1.0,0.0,1.0,4264.0,2200.0,1955.0,1,A2,750000,2019-05-24,queens,46-18 247TH STREET NYC
4,FLUSHING-SOUTH,01 ONE FAMILY DWELLINGS,1,6501,48,A5,136-12 64TH ROAD,11367.0,1.0,0.0,1.0,2500.0,1216.0,1950.0,1,A5,803750,2019-10-09,queens,136-12 64TH ROAD NYC
3,CANARSIE,02 TWO FAMILY DWELLINGS,1,8245,31,B1,1125 E 99 STREET,11236.0,2.0,0.0,2.0,2000.0,1540.0,1955.0,1,B1,495000,2019-07-11,brooklyn,1125 E 99 STREET NYC
3,MILL BASIN,02 TWO FAMILY DWELLINGS,1,8651,41,B1,2226 EAST 60TH PLACE,11234.0,2.0,0.0,2.0,3900.0,2400.0,1960.0,1,B1,863000,2019-11-04,brooklyn,2226 EAST 60TH PLACE NYC
3,BUSH TERMINAL,02 TWO FAMILY DWELLINGS,1,789,59,B9,245 51ST STREET,11220.0,2.0,0.0,2.0,2003.0,2040.0,1910.0,1,B9,941881,2019-12-19,brooklyn,245 51ST STREET NYC
3,CROWN HEIGHTS,02 TWO FAMILY DWELLINGS,1,1391,33,B1,1438 LINCOLN PLACE,11213.0,2.0,0.0,2.0,1760.0,2208.0,1910.0,1,B1,780000,2019-03-27,brooklyn,1438 LINCOLN PLACE NYC
4,FLUSHING-NORTH,01 ONE FAMILY DWELLINGS,1,5751,32,A0,166-56 20TH AVENUE,11357.0,1.0,0.0,1.0,4100.0,1297.0,1945.0,1,A0,770000,2019-08-20,queens,166-56 20TH AVENUE NYC
4,HILLCREST,01 ONE FAMILY DWELLINGS,1,7041,51,A5,82-04 167TH STREET,11432.0,1.0,0.0,1.0,2300.0,1356.0,1940.0,1,A5,682000,2019-11-21,queens,82-04 167TH STREET NYC
5,SOUTH BEACH,01 ONE FAMILY DWELLINGS,1,3378,62,A5,349 GARRETSON AVENUE,10305.0,1.0,0.0,1.0,2375.0,1230.0,1989.0,1,A5,550000,2019-02-07,statenisland,349 GARRETSON AVENUE NYC
2,CASTLE HILL/UNIONPORT,03 THREE FAMILY DWELLINGS,1,3759,68,C0,1115 VIRGINIA AVE.,10472.0,3.0,0.0,3.0,2559.0,4092.0,1920.0,1,C0,475000,2019-03-11,bronx,1115 VIRGINIA AVE. NYC
4,FLUSHING-NORTH,02 TWO FAMILY DWELLINGS,1,5648,15,B3,50-27 194TH STREET,11365.0,2.0,0.0,2.0,4000.0,2098.0,1930.0,1,B3,1499000,2019-07-31,queens,50-27 194TH STREET NYC
4,SO. JAMAICA-BAISLEY PARK,02 TWO FAMILY DWELLINGS,1,12356,15,B3,117-19 165TH STREET,11434.0,2.0,0.0,2.0,3400.0,1314.0,1920.0,1,B3,580000,2019-10-29,queens,117-19 165TH STREET NYC
5,BULLS HEAD,02 TWO FAMILY DWELLINGS,1,1606,17,B2,147 KIRSHON AVENUE,10314.0,2.0,0.0,2.0,3216.0,2114.0,2006.0,1,B2,790000,2019-02-01,statenisland,147 KIRSHON AVENUE NYC
4,LITTLE NECK,01 ONE FAMILY DWELLINGS,1,8140,118,A1,41-75 GLENWOOD STREET,11363.0,1.0,0.0,1.0,1250.0,1941.0,1925.0,1,A1,575000,2019-04-23,queens,41-75 GLENWOOD STREET NYC
3,BAY RIDGE,02 TWO FAMILY DWELLINGS,1,5989,68,B3,441 81ST STREET,11209.0,2.0,0.0,2.0,2000.0,2300.0,1905.0,1,B3,1200000,2019-01-02,brooklyn,441 81ST STREET NYC
4,HOLLIS,01 ONE FAMILY DWELLINGS,1,10548,75,A1,93-42 208TH ST,11428.0,1.0,0.0,1.0,2600.0,1152.0,1925.0,1,A1,585000,2019-05-31,queens,93-42 208TH ST NYC
4,SOUTH OZONE PARK,01 ONE FAMILY DWELLINGS,1,11685,10,A1,128-20 116TH AVENUE,11420.0,1.0,0.0,1.0,3200.0,1200.0,1930.0,1,A1,490000,2019-05-08,queens,128-20 116TH AVENUE NYC
3,BOERUM HILL,02 TWO FAMILY DWELLINGS,1,393,56,B9,455 WARREN STREET,11217.0,2.0,0.0,2.0,1700.0,1377.0,1915.0,1,B9,499900,2019-09-23,brooklyn,455 WARREN STREET NYC
5,SOUTH BEACH,01 ONE FAMILY DWELLINGS,1,3110,111,A2,130 ARTHUR AVENUE,10305.0,1.0,0.0,1.0,4000.0,1144.0,1955.0,1,A2,450000,2019-07-22,statenisland,130 ARTHUR AVENUE NYC
4,SOUTH OZONE PARK,01 ONE FAMILY DWELLINGS,1,11726,63,A1,130-50 120TH STREET,11420.0,1.0,0.0,1.0,2304.0,1340.0,1925.0,1,A1,625000,2019-04-02,queens,130-50 120TH STREET NYC
5,ARDEN HEIGHTS,02 TWO FAMILY DWELLINGS,1,5733,62,B9,63 ERIKA LOOP,10312.0,2.0,0.0,2.0,1920.0,2285.0,2000.0,1,B9,675000,2019-07-26,statenisland,63 ERIKA LOOP NYC
4,ST. ALBANS,02 TWO FAMILY DWELLINGS,1,12404,62,B3,115-07 173 STREET,11434.0,2.0,0.0,2.0,4000.0,1820.0,1925.0,1,B3,880000,2019-08-09,queens,115-07 173 STREET NYC
2,COUNTRY CLUB,02 TWO FAMILY DWELLINGS,1,5325,6,B1,3207 FAIRMOUNT AVENUE,10465.0,2.0,0.0,2.0,2000.0,1920.0,1955.0,1,B1,610000,2019-07-12,bronx,3207 FAIRMOUNT AVENUE NYC
4,SOUTH OZONE PARK,01 ONE FAMILY DWELLINGS,1,11772,92,A1,133-18 SUTTER AVENUE,11420.0,1.0,0.0,1.0,2342.0,1073.0,1925.0,1,A1,465000,2019-05-01,queens,133-18 SUTTER AVENUE NYC
4,OZONE PARK,22 STORE BUILDINGS,4,9104,2,K2,97-04 101ST AVENUE,11416.0,0.0,2.0,2.0,1513.0,1650.0,1920.0,4,K2,524700,2019-10-15,queens,97-04 101ST AVENUE NYC
4,FLUSHING-SOUTH,02 TWO FAMILY DWELLINGS,1,6599,47,B1,136-72 71ST ROAD,11367.0,2.0,0.0,2.0,1800.0,1782.0,1940.0,1,B1,800000,2019-12-27,queens,136-72 71ST ROAD NYC
2,BAYCHESTER,03 THREE FAMILY DWELLINGS,1,4752,129,C0,1754 GIVAN AVENUE,10469.0,3.0,0.0,3.0,3758.0,2654.0,2005.0,1,C0,846464,2019-10-18,bronx,1754 GIVAN AVENUE NYC
4,OZONE PARK,03 THREE FAMILY DWELLINGS,1,9096,39,C0,101-25 90TH STREET,11416.0,3.0,0.0,3.0,1953.0,3177.0,2007.0,1,C0,1078000,2019-09-27,queens,101-25 90TH STREET NYC
5,ARDEN HEIGHTS,01 ONE FAMILY DWELLINGS,1,6029,81,A5,30 RAILY COURT,10312.0,1.0,0.0,1.0,1044.0,1008.0,1987.0,1,A5,395000,2019-10-16,statenisland,30 RAILY COURT NYC
3,RED HOOK,01 ONE FAMILY DWELLINGS,1,556,28,A5,95 KING STREET,11231.0,1.0,0.0,1.0,950.0,1862.0,1931.0,1,A5,1900000,2019-09-09,brooklyn,95 KING STREET NYC
5,TOTTENVILLE,01 ONE FAMILY DWELLINGS,1,7880,53,A1,445 MANHATTAN STREET,10307.0,1.0,0.0,1.0,2500.0,2234.0,1925.0,1,A1,650000,2019-12-18,statenisland,445 MANHATTAN STREET NYC
5,MIDLAND BEACH,02 TWO FAMILY DWELLINGS,1,3728,58,B2,415 BEDFORD AVENUE,10306.0,2.0,0.0,2.0,4510.0,1680.0,1970.0,1,B2,775000,2019-11-06,statenisland,415 BEDFORD AVENUE NYC
4,SO. JAMAICA-BAISLEY PARK,02 TWO FAMILY DWELLINGS,1,12048,113,B2,123-16 INWOOD STREET,11436.0,2.0,0.0,2.0,4000.0,1564.0,1950.0,1,B2,599000,2019-02-11,queens,123-16 INWOOD STREET NYC
4,HOLLIS,01 ONE FAMILY DWELLINGS,1,10845,10,A5,99-10 199TH STREET,11423.0,1.0,0.0,1.0,2500.0,1296.0,1960.0,1,A5,490000,2019-12-23,queens,99-10 199TH STREET NYC
3,CANARSIE,02 TWO FAMILY DWELLINGS,1,8277,53,B1,9214 ROST PLACE,11236.0,2.0,0.0,2.0,2200.0,1824.0,1960.0,1,B1,500000,2019-12-23,brooklyn,9214 ROST PLACE NYC
4,JACKSON HEIGHTS,01 ONE FAMILY DWELLINGS,1,1148,15,A5,31-18 78 STREET,11370.0,1.0,0.0,1.0,1900.0,1330.0,1940.0,1,A5,830000,2019-01-11,queens,31-18 78 STREET NYC
4,JACKSON HEIGHTS,03 THREE FAMILY DWELLINGS,1,1152,44,C0,31-23 81ST STREET,11370.0,3.0,0.0,3.0,2400.0,3336.0,1925.0,1,C0,1250000,2019-08-01,queens,31-23 81ST STREET NYC
3,MILL BASIN,01 ONE FAMILY DWELLINGS,1,8620,7,A2,145 BARLOW DRIVE SOUTH,11234.0,1.0,0.0,1.0,3750.0,2220.0,1965.0,1,A2,915000,2019-04-19,brooklyn,145 BARLOW DRIVE SOUTH NYC
5,NEW DORP-BEACH,01 ONE FAMILY DWELLINGS,1,4071,80,A5,29 MICHELLE LANE,10306.0,1.0,0.0,1.0,1400.0,1270.0,1993.0,1,A5,462000,2019-11-25,statenisland,29 MICHELLE LANE NYC
5,WESTERLEIGH,01 ONE FAMILY DWELLINGS,1,1521,25,A2,43 WYONA AVENUE,10314.0,1.0,0.0,1.0,4600.0,2508.0,1965.0,1,A2,340216,2019-09-25,statenisland,43 WYONA AVENUE NYC
3,CANARSIE,02 TWO FAMILY DWELLINGS,1,8050,53,B1,1126 EAST 85TH STREET,11236.0,2.0,0.0,2.0,2117.0,1884.0,1960.0,1,B1,701000,2019-12-23,brooklyn,1126 EAST 85TH STREET NYC
4,EAST ELMHURST,01 ONE FAMILY DWELLINGS,1,1657,102,A5,108-15 DITMARS BOULEVARD,11369.0,1.0,0.0,1.0,1461.0,996.0,2008.0,1,A5,600000,2019-07-19,queens,108-15 DITMARS BOULEVARD NYC
4,FRESH MEADOWS,02 TWO FAMILY DWELLINGS,1,7184,21,B1,73-34 197TH STREET,11366.0,2.0,0.0,2.0,3000.0,1848.0,1955.0,1,B1,958000,2019-11-08,queens,73-34 197TH STREET NYC
4,SPRINGFIELD GARDENS,01 ONE FAMILY DWELLINGS,1,12686,78,A1,198-09 122ND AVENUE,11413.0,1.0,0.0,1.0,3078.0,996.0,1925.0,1,A1,476768,2019-02-19,queens,198-09 122ND AVENUE NYC
2,SOUNDVIEW,02 TWO FAMILY DWELLINGS,1,3598,62,B3,725 TAYLOR AVENUE,10473.0,2.0,0.0,2.0,2000.0,1933.0,1930.0,1,B3,565000,2019-08-22,bronx,725 TAYLOR AVENUE NYC
5,WOODROW,01 ONE FAMILY DWELLINGS,1,7106,65,A5,854 BLOOMINGDALE ROAD,10309.0,1.0,0.0,1.0,1176.0,1570.0,1991.0,1,A5,400000,2019-12-30,statenisland,854 BLOOMINGDALE ROAD NYC
2,MORRIS PARK/VAN NEST,02 TWO FAMILY DWELLINGS,1,4034,36,B2,1722 HUNT AVENUE,10462.0,2.0,0.0,2.0,2375.0,2953.0,1901.0,1,B2,779000,2019-11-26,bronx,1722 HUNT AVENUE NYC
5,ARDEN HEIGHTS,01 ONE FAMILY DWELLINGS,1,5740,108,A5,225 ASPEN KNOLLS WAY,10312.0,1.0,0.0,1.0,500.0,1354.0,2000.0,1,A5,566042,2019-04-04,statenisland,225 ASPEN KNOLLS WAY NYC
4,ASTORIA,01 ONE FAMILY DWELLINGS,1,965,89,A1,49-02 21ST AVENUE,11370.0,1.0,0.0,1.0,2200.0,1024.0,1925.0,1,A1,990000,2019-09-26,queens,49-02 21ST AVENUE NYC
3,DYKER HEIGHTS,02 TWO FAMILY DWELLINGS,1,6292,23,B1,1342 81ST STREET,11228.0,2.0,0.0,2.0,2450.0,1840.0,1925.0,1,B1,995000,2019-05-21,brooklyn,1342 81ST STREET NYC
2,COUNTRY CLUB,03 THREE FAMILY DWELLINGS,1,5463,45,C0,930 VINCENT AVENUE,10465.0,3.0,0.0,3.0,2588.0,2740.0,1970.0,1,C0,740000,2019-07-09,bronx,930 VINCENT AVENUE NYC
3,CANARSIE,01 ONE FAMILY DWELLINGS,1,8241,15,A9,1391 EAST 95 STREET,11236.0,1.0,0.0,1.0,2310.0,1680.0,1920.0,1,A9,375000,2019-07-12,brooklyn,1391 EAST 95 STREET NYC
3,FLATBUSH-EAST,02 TWO FAMILY DWELLINGS,1,4779,64,B1,833 EAST 48TH STREET,11203.0,2.0,0.0,2.0,3500.0,2576.0,1940.0,1,B1,750000,2019-07-29,brooklyn,833 EAST 48TH STREET NYC
4,HOLLIS,01 ONE FAMILY DWELLINGS,1,10563,55,A1,90-52 210TH PLACE,11428.0,1.0,0.0,1.0,2800.0,1665.0,1930.0,1,A1,683000,2019-11-12,queens,90-52 210TH PLACE NYC
4,FAR ROCKAWAY,02 TWO FAMILY DWELLINGS,1,15716,55,B3,11-11 GIPSON STREET,11691.0,2.0,0.0,2.0,4090.0,2013.0,1930.0,1,B3,729000,2019-10-18,queens,11-11 GIPSON STREET NYC
3,FLATBUSH-EAST,03 THREE FAMILY DWELLINGS,1,4932,31,C0,3219 CLARENDON ROAD,11226.0,3.0,0.0,3.0,1898.0,3240.0,1910.0,1,C0,417500,2019-04-08,brooklyn,3219 CLARENDON ROAD NYC
1,HARLEM-UPPER,07 RENTALS - WALKUP APARTMENTS,2A,2074,55,C4,528 WEST 143 STREET,10031.0,4.0,0.0,4.0,1749.0,2622.0,1910.0,2,C4,1785000,2019-06-28,manhattan,528 WEST 143 STREET NYC
4,REGO PARK,02 TWO FAMILY DWELLINGS,1,3152,76,B1,64-77 ALDERTON STREET,11374.0,2.0,0.0,2.0,2752.0,2028.0,1960.0,1,B1,1238000,2019-04-19,queens,64-77 ALDERTON STREET NYC
4,SPRINGFIELD GARDENS,02 TWO FAMILY DWELLINGS,1,13053,59,B3,141-24 184TH STREET,11413.0,2.0,0.0,2.0,4000.0,2164.0,1930.0,1,B3,795000,2019-10-30,queens,141-24 184TH STREET NYC
4,SOUTH OZONE PARK,02 TWO FAMILY DWELLINGS,1,11682,48,B3,116-11 125TH STREET,11420.0,2.0,0.0,2.0,4000.0,1600.0,1920.0,1,B3,860000,2019-11-14,queens,116-11 125TH STREET NYC
4,LAURELTON,01 ONE FAMILY DWELLINGS,1,13185,7,A5,230-07 141ST AVENUE,11413.0,1.0,0.0,1.0,1600.0,1040.0,1935.0,1,A5,420000,2019-01-15,queens,230-07 141ST AVENUE NYC
3,BEDFORD STUYVESANT,02 TWO FAMILY DWELLINGS,1,1703,39,B1,859 HERKIMER STREET,11233.0,2.0,0.0,2.0,1667.0,2985.0,2005.0,1,B1,882000,2019-08-19,brooklyn,859 HERKIMER STREET NYC
3,MADISON,02 TWO FAMILY DWELLINGS,1,6837,54,B3,1873 HARING STREET,11229.0,2.0,0.0,2.0,1800.0,1890.0,1930.0,1,B3,800000,2019-04-05,brooklyn,1873 HARING STREET NYC
4,GLENDALE,03 THREE FAMILY DWELLINGS,1,3665,19,C0,70-18 73RD STREET,11385.0,3.0,0.0,3.0,2500.0,2700.0,2006.0,1,C0,999999,2019-07-10,queens,70-18 73RD STREET NYC
3,OCEAN PARKWAY-NORTH,02 TWO FAMILY DWELLINGS,1,6638,34,B3,1750 EAST 7TH STREET,11223.0,2.0,0.0,2.0,2750.0,1388.0,1925.0,1,B3,1425000,2019-03-15,brooklyn,1750 EAST 7TH STREET NYC
4,MIDDLE VILLAGE,01 ONE FAMILY DWELLINGS,1,2916,14,A5,60-34 83RD STREET,11379.0,1.0,0.0,1.0,1800.0,1224.0,1940.0,1,A5,575000,2019-09-13,queens,60-34 83RD STREET NYC
3,WINDSOR TERRACE,02 TWO FAMILY DWELLINGS,1,890,51,B3,599 20TH STREET,11218.0,2.0,0.0,2.0,1828.0,1728.0,1930.0,1,B3,1540000,2019-07-15,brooklyn,599 20TH STREET NYC
3,BATH BEACH,02 TWO FAMILY DWELLINGS,1,6366,17,B3,8657 17TH AVENUE,11214.0,2.0,0.0,2.0,1869.0,1748.0,1920.0,1,B3,990000,2019-11-21,brooklyn,8657 17TH AVENUE NYC
4,FAR ROCKAWAY,03 THREE FAMILY DWELLINGS,1,15655,4,C0,22-82 NAMEOKE AVENUE,11691.0,3.0,0.0,3.0,3750.0,3960.0,2006.0,1,C0,318444,2019-05-15,queens,22-82 NAMEOKE AVENUE NYC
3,CANARSIE,02 TWO FAMILY DWELLINGS,1,8023,56,B3,936 E 87TH ST,11236.0,2.0,0.0,2.0,2000.0,1188.0,1925.0,1,B3,402000,2019-01-30,brooklyn,936 E 87TH ST NYC
2,EAST TREMONT,01 ONE FAMILY DWELLINGS,1,3069,60,A1,2064 ARTHUR AVENUE,10457.0,1.0,0.0,1.0,1931.0,1965.0,1901.0,1,A1,355000,2019-01-08,bronx,2064 ARTHUR AVENUE NYC
4,SPRINGFIELD GARDENS,02 TWO FAMILY DWELLINGS,1,12730,66,B2,193-15 WILLIAMSON AVENUE,11413.0,2.0,0.0,2.0,4000.0,2595.0,1925.0,1,B2,865000,2019-10-16,queens,193-15 WILLIAMSON AVENUE NYC
2,COUNTRY CLUB,01 ONE FAMILY DWELLINGS,1,5324,12,A1,1152 THROGMORTON AVENUE,10465.0,1.0,0.0,1.0,3555.0,1771.0,1955.0,1,A1,392000,2019-10-04,bronx,1152 THROGMORTON AVENUE NYC
1,HARLEM-CENTRAL,02 TWO FAMILY DWELLINGS,1,2051,140,B9,41 BRADHURST AVENUE,10030.0,2.0,0.0,2.0,1386.0,2984.0,1901.0,1,B9,1750000,2019-10-10,manhattan,41 BRADHURST AVENUE NYC
5,ARDEN HEIGHTS,01 ONE FAMILY DWELLINGS,1,6044,42,A5,84 SPERRY PLACE,10312.0,1.0,0.0,1.0,1690.0,996.0,1991.0,1,A5,419900,2019-02-28,statenisland,84 SPERRY PLACE NYC
3,BOROUGH PARK,07 RENTALS - WALKUP APARTMENTS,2A,769,20,C3,838 47TH STREET,11220.0,4.0,0.0,4.0,3055.0,3520.0,1930.0,2,C3,475000,2019-10-16,brooklyn,838 47TH STREET NYC
4,JACKSON HEIGHTS,01 ONE FAMILY DWELLINGS,1,1361,35,A5,87-19 30TH AVENUE,11369.0,1.0,0.0,1.0,1800.0,1356.0,1955.0,1,A5,750000,2019-11-19,queens,87-19 30TH AVENUE NYC
4,MASPETH,07 RENTALS - WALKUP APARTMENTS,2A,2635,15,C3,6016 54 PLACE,11378.0,4.0,0.0,4.0,2500.0,2850.0,1915.0,2,C3,1175000,2019-03-05,queens,6016 54 PLACE NYC
3,OLD MILL BASIN,01 ONE FAMILY DWELLINGS,1,7878,41,A9,5302 AVENUE M,11234.0,1.0,0.0,1.0,1320.0,1166.0,1920.0,1,A9,900647,2019-04-26,brooklyn,5302 AVENUE M NYC
3,CROWN HEIGHTS,37 RELIGIOUS FACILITIES,4,1386,10,M1,1520 ST JOHNS PLACE,11213.0,0.0,3.0,3.0,1800.0,3600.0,1922.0,4,M1,1150000,2019-02-28,brooklyn,1520 ST JOHNS PLACE NYC
2,WAKEFIELD,02 TWO FAMILY DWELLINGS,1,5008,22,B1,4137 WICKHAM AVE,10466.0,2.0,0.0,2.0,2375.0,2673.0,1960.0,1,B1,545900,2019-11-04,bronx,4137 WICKHAM AVE NYC
4,SPRINGFIELD GARDENS,01 ONE FAMILY DWELLINGS,1,12300,47,A1,134-45 161 ST,11434.0,1.0,0.0,1.0,4000.0,1540.0,1950.0,1,A1,850000,2019-08-13,queens,134-45 161 ST NYC
2,BEDFORD PARK/NORWOOD,01 ONE FAMILY DWELLINGS,1,3309,97,A1,251 EAST 203 STREET,10458.0,1.0,0.0,1.0,3156.0,1000.0,1910.0,1,A1,1000000,2019-04-11,bronx,251 EAST 203 STREET NYC
2,BAYCHESTER,03 THREE FAMILY DWELLINGS,1,4736,29,C0,3317 SEYMOUR AVENUE,10469.0,3.0,0.0,3.0,2500.0,2440.0,1920.0,1,C0,525000,2019-02-06,bronx,3317 SEYMOUR AVENUE NYC
4,MASPETH,02 TWO FAMILY DWELLINGS,1,2694,74,B1,59-47 58TH AVENUE,11378.0,2.0,0.0,2.0,4312.0,2880.0,1930.0,1,B1,750000,2019-11-18,queens,59-47 58TH AVENUE NYC
5,STAPLETON,01 ONE FAMILY DWELLINGS,1,566,8,A1,775 VAN DUZER STREET,10304.0,1.0,0.0,1.0,2500.0,1385.0,2006.0,1,A1,525000,2019-09-16,statenisland,775 VAN DUZER STREET NYC
3,FLATBUSH-EAST,01 ONE FAMILY DWELLINGS,1,4779,24,A9,836 EAST 49TH STRET,11203.0,1.0,0.0,1.0,2400.0,1280.0,1925.0,1,A9,625000,2019-05-31,brooklyn,836 EAST 49TH STRET NYC
3,BENSONHURST,02 TWO FAMILY DWELLINGS,1,6287,72,B3,2015 81ST STREET,11214.0,2.0,0.0,2.0,2000.0,2484.0,1915.0,1,B3,960000,2019-06-20,brooklyn,2015 81ST STREET NYC
4,WHITESTONE,02 TWO FAMILY DWELLINGS,1,4662,9,B2,149-11 15TH ROAD,11357.0,2.0,0.0,2.0,4000.0,2240.0,1940.0,1,B2,1208000,2019-05-24,queens,149-11 15TH ROAD NYC
4,OZONE PARK,01 ONE FAMILY DWELLINGS,1,11348,13,A1,132-14 86TH STREET,11417.0,1.0,0.0,1.0,2000.0,812.0,1920.0,1,A1,499500,2019-10-28,queens,132-14 86TH STREET NYC
3,BUSHWICK,07 RENTALS - WALKUP APARTMENTS,2A,3273,24,C3,1144 LAFAYETTE AVENUE,11221.0,4.0,0.0,4.0,2000.0,4320.0,1931.0,2,C3,900000,2019-12-30,brooklyn,1144 LAFAYETTE AVENUE NYC
4,ROSEDALE,01 ONE FAMILY DWELLINGS,1,13487,16,A5,145-49 230TH STREET,11413.0,1.0,0.0,1.0,2500.0,1808.0,1955.0,1,A5,529000,2019-01-11,queens,145-49 230TH STREET NYC
3,SUNSET PARK,01 ONE FAMILY DWELLINGS,1,673,127,A5,210A 30TH STREET,11232.0,1.0,0.0,1.0,1703.0,1020.0,1910.0,1,A5,1050000,2019-11-12,brooklyn,210A 30TH STREET NYC
4,SOUTH JAMAICA,02 TWO FAMILY DWELLINGS,1,10333,68,B1,177-18 105TH AVENUE,11433.0,2.0,0.0,2.0,2500.0,1600.0,1930.0,1,B1,625000,2019-10-28,queens,177-18 105TH AVENUE NYC
3,FLATBUSH-EAST,02 TWO FAMILY DWELLINGS,1,7907,18,B1,339 EAST 59TH STREET,11203.0,2.0,0.0,2.0,2200.0,1748.0,1940.0,1,B1,309000,2019-03-20,brooklyn,339 EAST 59TH STREET NYC
2,WOODLAWN,02 TWO FAMILY DWELLINGS,1,3381,29,B1,4375 KATONAH AVENUE,10470.0,2.0,0.0,2.0,2231.0,1944.0,1960.0,1,B1,760000,2019-11-08,bronx,4375 KATONAH AVENUE NYC
3,MARINE PARK,01 ONE FAMILY DWELLINGS,1,8507,9,A5,1979 KIMBALL STREET,11234.0,1.0,0.0,1.0,1488.0,1320.0,1940.0,1,A5,383334,2019-07-26,brooklyn,1979 KIMBALL STREET NYC
4,COLLEGE POINT,01 ONE FAMILY DWELLINGS,1,4002,66,A2,11-03 125TH STREET,11356.0,1.0,0.0,1.0,2494.0,1252.0,1920.0,1,A2,410000,2019-07-31,queens,11-03 125TH STREET NYC
3,EAST NEW YORK,02 TWO FAMILY DWELLINGS,1,4308,33,B2,709 SCHENCK AVENUE,11207.0,2.0,0.0,2.0,2000.0,2400.0,2008.0,1,B2,400000,2019-01-14,brooklyn,709 SCHENCK AVENUE NYC
3,FLATBUSH-EAST,01 ONE FAMILY DWELLINGS,1,4963,76,A1,715 EAST 46TH STREET,11203.0,1.0,0.0,1.0,2000.0,1492.0,1930.0,1,A1,525000,2019-09-11,brooklyn,715 EAST 46TH STREET NYC
3,OLD MILL BASIN,02 TWO FAMILY DWELLINGS,1,7876,51,B9,1572 EAST 52ND STREET,11234.0,2.0,0.0,2.0,3700.0,2662.0,1950.0,1,B9,890000,2019-09-26,brooklyn,1572 EAST 52ND STREET NYC
5,SOUTH BEACH,01 ONE FAMILY DWELLINGS,1,3277,20,A2,177 JEROME AVENUE,10305.0,1.0,0.0,1.0,4500.0,1120.0,1950.0,1,A2,350000,2019-09-24,statenisland,177 JEROME AVENUE NYC
4,ELMHURST,03 THREE FAMILY DWELLINGS,1,2494,30,C0,52-02 82ND STREET,11373.0,3.0,0.0,3.0,936.0,2220.0,1945.0,1,C0,950000,2019-03-27,queens,52-02 82ND STREET NYC
4,HOWARD BEACH,02 TWO FAMILY DWELLINGS,1,14242,41,B3,163-09 99TH STREET,11414.0,2.0,0.0,2.0,3560.0,1436.0,1940.0,1,B3,350000,2019-09-24,queens,163-09 99TH STREET NYC
3,FLATBUSH-NORTH,03 THREE FAMILY DWELLINGS,1,4666,6,C0,1008 LENOX ROAD,11212.0,3.0,0.0,3.0,2550.0,3180.0,1940.0,1,C0,970000,2019-10-11,brooklyn,1008 LENOX ROAD NYC
2,BRONXDALE,02 TWO FAMILY DWELLINGS,1,4622,34,B1,640 MAGENTA STREET,10467.0,2.0,0.0,2.0,2024.0,2772.0,1925.0,1,B1,460000,2019-05-24,bronx,640 MAGENTA STREET NYC
3,BEDFORD STUYVESANT,01 ONE FAMILY DWELLINGS,1,1706,11,A5,21 TROY AVENUE,11213.0,1.0,0.0,1.0,2408.0,1452.0,1985.0,1,A5,625000,2019-02-28,brooklyn,21 TROY AVENUE NYC
4,COLLEGE POINT,01 ONE FAMILY DWELLINGS,1,4036,62,A5,115-19 14TH AVENUE,11356.0,1.0,0.0,1.0,2500.0,1122.0,1955.0,1,A5,645000,2019-09-30,queens,115-19 14TH AVENUE NYC
2,BATHGATE,02 TWO FAMILY DWELLINGS,1,3050,39,B2,2249 BASSFORD AVENUE,10457.0,2.0,0.0,2.0,899.0,1716.0,1901.0,1,B2,500000,2019-09-19,bronx,2249 BASSFORD AVENUE NYC
4,QUEENS VILLAGE,01 ONE FAMILY DWELLINGS,1,10692,49,A2,218-30 SAWYER AVENUE,11427.0,1.0,0.0,1.0,4950.0,1344.0,1950.0,1,A2,795000,2019-11-12,queens,218-30 SAWYER AVENUE NYC
3,OCEAN HILL,22 STORE BUILDINGS,4,1477,50,K4,1239 EAST NEW YORK AVENUE,11212.0,0.0,2.0,2.0,1535.0,2880.0,1920.0,4,K4,312000,2019-04-04,brooklyn,1239 EAST NEW YORK AVENUE NYC
3,BAY RIDGE,14 RENTALS - 4-10 UNIT,2A,5863,44,S3,6814 4TH AVENUE,11220.0,3.0,1.0,4.0,1730.0,3410.0,1930.0,2,S3,1600000,2019-09-30,brooklyn,6814 4TH AVENUE NYC
4,SO. JAMAICA-BAISLEY PARK,01 ONE FAMILY DWELLINGS,1,12074,16,A1,137-31 132ND AVENUE,11436.0,1.0,0.0,1.0,4100.0,1156.0,1960.0,1,A1,402000,2019-05-29,queens,137-31 132ND AVENUE NYC
4,RIDGEWOOD,02 TWO FAMILY DWELLINGS,1,3418,28,B3,266 ONDERDONK AVENUE,11385.0,2.0,0.0,2.0,2000.0,1400.0,1945.0,1,B3,985000,2019-08-02,queens,266 ONDERDONK AVENUE NYC
3,SHEEPSHEAD BAY,01 ONE FAMILY DWELLINGS,1,7397,27,A9,2346 EAST 13TH STREET,11229.0,1.0,0.0,1.0,2258.0,1838.0,1925.0,1,A9,1450000,2019-05-16,brooklyn,2346 EAST 13TH STREET NYC
3,FORT GREENE,02 TWO FAMILY DWELLINGS,1,2046,63,B2,92 VANDERBILT AVENUE,11205.0,2.0,0.0,2.0,1667.0,1728.0,1910.0,1,B2,977520,2019-04-29,brooklyn,92 VANDERBILT AVENUE NYC
4,SOUTH JAMAICA,02 TWO FAMILY DWELLINGS,1,10188,25,B3,109-17 169TH PLACE,11433.0,2.0,0.0,2.0,1870.0,1649.0,1920.0,1,B3,417900,2019-12-06,queens,109-17 169TH PLACE NYC
3,BAY RIDGE,01 ONE FAMILY DWELLINGS,1,6052,1,A5,47 GELSTON AVENUE,11209.0,1.0,0.0,1.0,1673.0,2376.0,1910.0,1,A5,1150000,2019-12-20,brooklyn,47 GELSTON AVENUE NYC
3,OLD MILL BASIN,02 TWO FAMILY DWELLINGS,1,8544,52,B1,2050 EAST 53RD PLACE,11234.0,2.0,0.0,2.0,1983.0,1785.0,1960.0,1,B1,540000,2019-12-18,brooklyn,2050 EAST 53RD PLACE NYC
4,HAMMELS,03 THREE FAMILY DWELLINGS,1,16152,1,C0,214 BEACH 97TH,11693.0,3.0,0.0,3.0,2250.0,2950.0,2004.0,1,C0,586394,2019-07-19,queens,214 BEACH 97TH NYC
3,FLATBUSH-CENTRAL,02 TWO FAMILY DWELLINGS,1,5147,34,B9,344 EAST 17TH STREET,11226.0,2.0,0.0,2.0,2900.0,3517.0,1965.0,1,B9,1580000,2019-03-29,brooklyn,344 EAST 17TH STREET NYC
2,WOODLAWN,01 ONE FAMILY DWELLINGS,1,3391,47,A1,415 EAST 237TH,10470.0,1.0,0.0,1.0,3325.0,2210.0,1920.0,1,A1,560000,2019-01-16,bronx,415 EAST 237TH NYC
4,FLUSHING-NORTH,01 ONE FAMILY DWELLINGS,1,6403,13,A5,139-26 58TH AVENUE,11355.0,1.0,0.0,1.0,2000.0,1600.0,1935.0,1,A5,960000,2019-04-30,queens,139-26 58TH AVENUE NYC
2,SOUNDVIEW,02 TWO FAMILY DWELLINGS,1,3785,29,B1,1287 ST LAWRENCE AVENUE,10472.0,2.0,0.0,2.0,2000.0,2150.0,1930.0,1,B1,755000,2019-09-23,bronx,1287 ST LAWRENCE AVENUE NYC
4,ARVERNE,02 TWO FAMILY DWELLINGS,1,16089,28,B2,7401 AQUATIC DRIVE,11692.0,2.0,0.0,2.0,2501.0,2238.0,2004.0,1,B2,740000,2019-05-20,queens,7401 AQUATIC DRIVE NYC
4,FLUSHING-NORTH,02 TWO FAMILY DWELLINGS,1,4778,29,B1,144-40 WILLETS POINT BLVD,11357.0,2.0,0.0,2.0,2310.0,2600.0,1960.0,1,B1,1130000,2019-05-28,queens,144-40 WILLETS POINT BLVD NYC
4,HOLLIS,02 TWO FAMILY DWELLINGS,1,9903,91,B2,91-25 183RD STREET,11423.0,2.0,0.0,2.0,2070.0,2424.0,1935.0,1,B2,785200,2019-05-24,queens,91-25 183RD STREET NYC
3,CONEY ISLAND,01 ONE FAMILY DWELLINGS,1,7016,97,A5,2217 MERMAID AVENUE,11224.0,1.0,0.0,1.0,1400.0,1356.0,1991.0,1,A5,638000,2019-04-11,brooklyn,2217 MERMAID AVENUE NYC
4,SOUTH JAMAICA,02 TWO FAMILY DWELLINGS,1,12181,17,B3,160-18 111TH AVENUE,11433.0,2.0,0.0,2.0,2783.0,1669.0,1915.0,1,B3,650000,2019-05-13,queens,160-18 111TH AVENUE NYC
3,MADISON,01 ONE FAMILY DWELLINGS,1,7327,21,A1,2036 EAST 23RD STREET,11229.0,1.0,0.0,1.0,2000.0,1484.0,1920.0,1,A1,755000,2019-07-31,brooklyn,2036 EAST 23RD STREET NYC
5,MARINERS HARBOR,01 ONE FAMILY DWELLINGS,1,1172,134,A5,238A GRANITE AVENUE,10303.0,1.0,0.0,1.0,1320.0,1000.0,1990.0,1,A5,350000,2019-12-27,statenisland,238A GRANITE AVENUE NYC
4,ROSEDALE,01 ONE FAMILY DWELLINGS,1,13241,26,A1,243-02 137TH AVENUE,11422.0,1.0,0.0,1.0,4000.0,1260.0,1920.0,1,A1,566000,2019-09-11,queens,243-02 137TH AVENUE NYC
5,SOUTH BEACH,01 ONE FAMILY DWELLINGS,1,3352,3,A2,134 LACONIA AVENUE,10305.0,1.0,0.0,1.0,4017.0,1156.0,1960.0,1,A2,540000,2019-03-18,statenisland,134 LACONIA AVENUE NYC
4,AIRPORT LA GUARDIA,01 ONE FAMILY DWELLINGS,1,949,31,A5,1942 81ST STREET,11370.0,1.0,0.0,1.0,1800.0,1224.0,1945.0,1,A5,775000,2019-04-05,queens,1942 81ST STREET NYC
3,CANARSIE,02 TWO FAMILY DWELLINGS,1,8278,70,B2,1556 EAST 95TH STREET,11236.0,2.0,0.0,2.0,4400.0,1440.0,1920.0,1,B2,872500,2019-07-19,brooklyn,1556 EAST 95TH STREET NYC
5,STAPLETON,01 ONE FAMILY DWELLINGS,1,527,78,A5,25 TAPPEN COURT,10304.0,1.0,0.0,1.0,1080.0,1000.0,1989.0,1,A5,340000,2019-11-27,statenisland,25 TAPPEN COURT NYC
3,SHEEPSHEAD BAY,01 ONE FAMILY DWELLINGS,1,7366,57,A5,2147 BATCHELDER STREET,11229.0,1.0,0.0,1.0,2567.0,1116.0,1950.0,1,A5,639999,2019-05-01,brooklyn,2147 BATCHELDER STREET NYC
4,MIDDLE VILLAGE,01 ONE FAMILY DWELLINGS,1,2968,78,A5,62-17 81ST STREET,11379.0,1.0,0.0,1.0,1800.0,1008.0,1940.0,1,A5,730000,2019-01-29,queens,62-17 81ST STREET NYC
4,BAYSIDE,01 ONE FAMILY DWELLINGS,1,6160,27,A1,36-42 209TH STREET,11361.0,1.0,0.0,1.0,4000.0,2196.0,1930.0,1,A1,1020000,2019-08-06,queens,36-42 209TH STREET NYC
2,HIGHBRIDGE/MORRIS HEIGHTS,03 THREE FAMILY DWELLINGS,1,2876,139,C0,1705 NELSON AVENUE,10453.0,3.0,0.0,3.0,2133.0,3036.0,1999.0,1,C0,900000,2019-12-18,bronx,1705 NELSON AVENUE NYC
4,LAURELTON,01 ONE FAMILY DWELLINGS,1,13161,48,A1,134-28 234TH STREET,11422.0,1.0,0.0,1.0,3200.0,1316.0,1940.0,1,A1,500000,2019-03-11,queens,134-28 234TH STREET NYC
2,THROGS NECK,01 ONE FAMILY DWELLINGS,1,5597,76,A5,239 GRAFF AVENUE,10465.0,1.0,0.0,1.0,1800.0,1998.0,1960.0,1,A5,509600,2019-03-05,bronx,239 GRAFF AVENUE NYC
5,NEW DORP,01 ONE FAMILY DWELLINGS,1,3635,65,A1,164 BURBANK AVENUE,10306.0,1.0,0.0,1.0,4000.0,1376.0,1940.0,1,A1,617500,2019-08-27,statenisland,164 BURBANK AVENUE NYC
4,ST. ALBANS,02 TWO FAMILY DWELLINGS,1,12406,119,B2,116-29 MERRICK BLVD.,11434.0,2.0,0.0,2.0,2001.0,2000.0,2005.0,1,B2,420000,2019-09-27,queens,116-29 MERRICK BLVD. NYC
4,LITTLE NECK,01 ONE FAMILY DWELLINGS,1,8394,52,A2,58-37 260TH STREET,11362.0,1.0,0.0,1.0,4961.0,1144.0,1955.0,1,A2,745000,2019-11-07,queens,58-37 260TH STREET NYC
3,OCEAN PARKWAY-NORTH,03 THREE FAMILY DWELLINGS,1,6590,59,C0,1485 EAST 8TH STREET,11230.0,3.0,0.0,3.0,3000.0,4536.0,1930.0,1,C0,1999900,2019-10-11,brooklyn,1485 EAST 8TH STREET NYC
3,GREENPOINT,02 TWO FAMILY DWELLINGS,1,2684,67,B9,66 1/2 NEWELL STREET,11222.0,2.0,0.0,2.0,1050.0,1884.0,1910.0,1,B9,1570000,2019-10-30,brooklyn,66 1/2 NEWELL STREET NYC
4,ST. ALBANS,02 TWO FAMILY DWELLINGS,1,12448,22,B2,118-11 RIVERTON STREET,11412.0,2.0,0.0,2.0,2500.0,1972.0,2004.0,1,B2,489000,2019-04-30,queens,118-11 RIVERTON STREET NYC
4,SO. JAMAICA-BAISLEY PARK,01 ONE FAMILY DWELLINGS,1,12368,56,A2,168-25 118TH ROAD,11434.0,1.0,0.0,1.0,3100.0,1440.0,1920.0,1,A2,380000,2019-11-21,queens,168-25 118TH ROAD NYC
4,SPRINGFIELD GARDENS,02 TWO FAMILY DWELLINGS,1,12595,38,B2,172-33 144TH AVENUE,11434.0,2.0,0.0,2.0,3800.0,2200.0,1950.0,1,B2,839000,2019-05-09,queens,172-33 144TH AVENUE NYC
4,FLUSHING-NORTH,02 TWO FAMILY DWELLINGS,1,5175,20,B1,148-07 BOOTH MEMORIAL AVE.,11355.0,2.0,0.0,2.0,2000.0,1260.0,1940.0,1,B1,960000,2019-05-14,queens,148-07 BOOTH MEMORIAL AVE. NYC
4,WHITESTONE,02 TWO FAMILY DWELLINGS,1,4652,29,B1,147-40 18TH AVE,11357.0,2.0,0.0,2.0,3100.0,3232.0,1965.0,1,B1,1370000,2019-11-06,queens,147-40 18TH AVE NYC
4,FLUSHING-NORTH,02 TWO FAMILY DWELLINGS,1,6729,31,B3,162-06 BOOTH MEMORIAL AVE,11365.0,2.0,0.0,2.0,2222.0,1560.0,1950.0,1,B3,800000,2019-07-31,queens,162-06 BOOTH MEMORIAL AVE NYC
5,ROSEBANK,01 ONE FAMILY DWELLINGS,1,2851,40,A1,151 HYLAN BOULEVARD,10305.0,1.0,0.0,1.0,2500.0,1185.0,1920.0,1,A1,400400,2019-12-26,statenisland,151 HYLAN BOULEVARD NYC
3,BATH BEACH,02 TWO FAMILY DWELLINGS,1,6433,43,B3,8786 BAY 16TH ST,11214.0,2.0,0.0,2.0,2417.0,2164.0,1920.0,1,B3,361244,2019-11-12,brooklyn,8786 BAY 16TH ST NYC
4,WHITESTONE,02 TWO FAMILY DWELLINGS,1,4672,4,B1,21-09 149TH STREET,11357.0,2.0,0.0,2.0,2500.0,1508.0,2005.0,1,B1,1155000,2019-12-20,queens,21-09 149TH STREET NYC
4,HOLLISWOOD,01 ONE FAMILY DWELLINGS,1,7267,14,A1,80-20 190TH STREET,11423.0,1.0,0.0,1.0,4000.0,1844.0,1940.0,1,A1,999999,2019-01-08,queens,80-20 190TH STREET NYC
3,FLATBUSH-EAST,01 ONE FAMILY DWELLINGS,1,7724,53,A1,1618 ALBANY AVENUE,11210.0,1.0,0.0,1.0,2400.0,1120.0,1920.0,1,A1,543000,2019-08-06,brooklyn,1618 ALBANY AVENUE NYC
4,LAURELTON,01 ONE FAMILY DWELLINGS,1,12905,10,A1,130-55 227TH STREET,11413.0,1.0,0.0,1.0,3200.0,1712.0,1930.0,1,A1,400000,2019-04-08,queens,130-55 227TH STREET NYC
5,PORT RICHMOND,01 ONE FAMILY DWELLINGS,1,1086,98,A1,70 TREADWELL AVENUE,10302.0,1.0,0.0,1.0,2733.0,2184.0,2018.0,1,A1,559144,2019-01-15,statenisland,70 TREADWELL AVENUE NYC
4,JACKSON HEIGHTS,01 ONE FAMILY DWELLINGS,1,1414,20,A5,3232 85TH STREET,11370.0,1.0,0.0,1.0,2442.0,1484.0,1935.0,1,A5,750000,2019-09-27,queens,3232 85TH STREET NYC
2,THROGS NECK,01 ONE FAMILY DWELLINGS,1,5589,65,A5,4202 EAST TREMONT AVENUE,10465.0,1.0,0.0,1.0,2106.0,1734.0,1955.0,1,A5,570000,2019-10-09,bronx,4202 EAST TREMONT AVENUE NYC
2,COUNTRY CLUB,01 ONE FAMILY DWELLINGS,1,5323,44,A2,1167 THROGMORTON AVENUE,10465.0,1.0,0.0,1.0,2806.0,1980.0,1920.0,1,A2,330000,2019-03-13,bronx,1167 THROGMORTON AVENUE NYC
3,EAST NEW YORK,02 TWO FAMILY DWELLINGS,1,4320,48,B2,743 ALABAMA AVENUE,11207.0,2.0,0.0,2.0,2400.0,2320.0,1925.0,1,B2,740000,2019-08-15,brooklyn,743 ALABAMA AVENUE NYC
5,ELTINGVILLE,01 ONE FAMILY DWELLINGS,1,5616,62,A5,20 RAY STREET,10312.0,1.0,0.0,1.0,2500.0,1280.0,1960.0,1,A5,450000,2019-01-15,statenisland,20 RAY STREET NYC
3,FLATBUSH-NORTH,03 THREE FAMILY DWELLINGS,1,4661,50,C0,129 EAST 55TH STREET,11203.0,3.0,0.0,3.0,1817.0,3504.0,2005.0,1,C0,910000,2019-05-16,brooklyn,129 EAST 55TH STREET NYC
4,COLLEGE POINT,01 ONE FAMILY DWELLINGS,1,4267,17,A1,126-16 25TH AVENUE,11356.0,1.0,0.0,1.0,4988.0,2111.0,1920.0,1,A1,930000,2019-08-08,queens,126-16 25TH AVENUE NYC
4,COLLEGE POINT,02 TWO FAMILY DWELLINGS,1,4198,26,B1,22-16 123RD STREET,11356.0,2.0,0.0,2.0,2500.0,2350.0,1988.0,1,B1,920000,2019-05-21,queens,22-16 123RD STREET NYC
4,ELMHURST,01 ONE FAMILY DWELLINGS,1,1885,33,A1,94-17 52ND AVENUE,11373.0,1.0,0.0,1.0,2002.0,1267.0,1935.0,1,A1,748000,2019-01-17,queens,94-17 52ND AVENUE NYC
5,GREAT KILLS-BAY TERRACE,02 TWO FAMILY DWELLINGS,1,5093,11,B9,8 TAUNTON STREET,10306.0,2.0,0.0,2.0,3320.0,1152.0,1975.0,1,B9,539081,2019-02-07,statenisland,8 TAUNTON STREET NYC
4,MIDDLE VILLAGE,02 TWO FAMILY DWELLINGS,1,2989,27,B1,6340 79TH STREET,11379.0,2.0,0.0,2.0,2400.0,1584.0,1940.0,1,B1,800000,2019-08-09,queens,6340 79TH STREET NYC
3,CANARSIE,02 TWO FAMILY DWELLINGS,1,8110,12,B1,751 EAST 92ND STREET,11236.0,2.0,0.0,2.0,2000.0,2180.0,1955.0,1,B1,650000,2019-01-30,brooklyn,751 EAST 92ND STREET NYC
4,ROSEDALE,02 TWO FAMILY DWELLINGS,1,13658,33,B2,149-87 254TH STREET,11422.0,2.0,0.0,2.0,3100.0,2162.0,1960.0,1,B2,720000,2019-02-15,queens,149-87 254TH STREET NYC
4,ROSEDALE,01 ONE FAMILY DWELLINGS,1,13213,21,A2,134-15 242ND STREET,11422.0,1.0,0.0,1.0,4000.0,840.0,1955.0,1,A2,520000,2019-01-09,queens,134-15 242ND STREET NYC
5,TOMPKINSVILLE,01 ONE FAMILY DWELLINGS,1,572,59,A1,52 NIXON AVENUE,10304.0,1.0,0.0,1.0,3360.0,1536.0,1965.0,1,A1,550000,2019-07-10,statenisland,52 NIXON AVENUE NYC
4,MIDDLE VILLAGE,03 THREE FAMILY DWELLINGS,1,2913,20,C0,60-30 84TH STREET,11379.0,3.0,0.0,3.0,3000.0,3146.0,1987.0,1,C0,1600000,2019-04-29,queens,60-30 84TH STREET NYC
2,BAYCHESTER,01 ONE FAMILY DWELLINGS,1,4956,39,A5,3951 WILDER AVENUE,10466.0,1.0,0.0,1.0,2026.0,1116.0,1959.0,1,A5,320000,2019-01-15,bronx,3951 WILDER AVENUE NYC
3,SUNSET PARK,02 TWO FAMILY DWELLINGS,1,633,16,B9,130 18TH STREET,11215.0,2.0,0.0,2.0,2504.0,1670.0,1910.0,1,B9,400000,2019-02-19,brooklyn,130 18TH STREET NYC
3,BOROUGH PARK,02 TWO FAMILY DWELLINGS,1,5687,78,B1,907 57TH STREET,11219.0,2.0,0.0,2.0,2437.0,2320.0,1930.0,1,B1,1888000,2019-01-15,brooklyn,907 57TH STREET NYC
4,SOUTH JAMAICA,01 ONE FAMILY DWELLINGS,1,10265,138,A5,109-38 174TH STREET,11433.0,1.0,0.0,1.0,2200.0,800.0,1960.0,1,A5,349700,2019-03-21,queens,109-38 174TH STREET NYC
4,ST. ALBANS,01 ONE FAMILY DWELLINGS,1,11001,6,A1,205-27 MURDOCK AVENUE,11412.0,1.0,0.0,1.0,3000.0,1995.0,1940.0,1,A1,557000,2019-03-25,queens,205-27 MURDOCK AVENUE NYC
2,SOUNDVIEW,02 TWO FAMILY DWELLINGS,1,3712,71,B3,1025 WHEELER AVENUE,10472.0,2.0,0.0,2.0,1665.0,1482.0,1940.0,1,B3,495000,2019-05-20,bronx,1025 WHEELER AVENUE NYC
4,QUEENS VILLAGE,01 ONE FAMILY DWELLINGS,1,10629,13,A1,92-25 VANDERVEER STREET,11428.0,1.0,0.0,1.0,2500.0,1312.0,1930.0,1,A1,545000,2019-05-30,queens,92-25 VANDERVEER STREET NYC
5,GREAT KILLS,01 ONE FAMILY DWELLINGS,1,5491,74,A5,476 BARLOW AVENUE,10308.0,1.0,0.0,1.0,2352.0,1360.0,1970.0,1,A9,505000,2019-06-11,statenisland,476 BARLOW AVENUE NYC
3,CANARSIE,02 TWO FAMILY DWELLINGS,1,7912,45,B1,224 EAST 88TH STREET,11236.0,2.0,0.0,2.0,2000.0,2228.0,1925.0,1,B1,540000,2019-03-22,brooklyn,224 EAST 88TH STREET NYC
4,LAURELTON,01 ONE FAMILY DWELLINGS,1,13130,18,A1,137-33 224 STREET,11413.0,1.0,0.0,1.0,4000.0,1536.0,1925.0,1,A1,455000,2019-12-17,queens,137-33 224 STREET NYC
5,ARDEN HEIGHTS,01 ONE FAMILY DWELLINGS,1,5741,16,A5,72 ILYSSA WAY,10312.0,1.0,0.0,1.0,500.0,1354.0,1996.0,1,A5,330000,2019-09-04,statenisland,72 ILYSSA WAY NYC
2,SOUNDVIEW,02 TWO FAMILY DWELLINGS,1,3521,69,B2,525 BEACH AVENUE,10473.0,2.0,0.0,2.0,2500.0,2120.0,1925.0,1,B2,649999,2019-10-25,bronx,525 BEACH AVENUE NYC
4,SO. JAMAICA-BAISLEY PARK,02 TWO FAMILY DWELLINGS,1,12241,20,B2,161-38 118TH AVENUE,11434.0,2.0,0.0,2.0,4650.0,2120.0,1989.0,1,B2,425000,2019-09-03,queens,161-38 118TH AVENUE NYC
2,SOUNDVIEW,03 THREE FAMILY DWELLINGS,1,3873,52,C0,1339 ROSEDALE AVENUE,10472.0,3.0,0.0,3.0,2488.0,3869.0,1935.0,1,C0,705000,2019-12-18,bronx,1339 ROSEDALE AVENUE NYC
3,EAST NEW YORK,02 TWO FAMILY DWELLINGS,1,4249,9,B1,553 CHESTNUT STREET,11208.0,2.0,0.0,2.0,1745.0,1716.0,1960.0,1,B1,440500,2019-06-21,brooklyn,553 CHESTNUT STREET NYC
4,RICHMOND HILL,02 TWO FAMILY DWELLINGS,1,9511,11,B3,10312 107 STREET,11417.0,2.0,0.0,2.0,2380.0,1376.0,1920.0,1,B3,610000,2019-12-19,queens,10312 107 STREET NYC
4,QUEENS VILLAGE,01 ONE FAMILY DWELLINGS,1,10730,55,A1,220-38 93RD ROAD,11428.0,1.0,0.0,1.0,4000.0,1339.0,1920.0,1,A1,640000,2019-07-01,queens,220-38 93RD ROAD NYC
3,OCEAN PARKWAY-SOUTH,02 TWO FAMILY DWELLINGS,1,7193,37,B9,2474 WEST 2ND STREET,11223.0,2.0,0.0,2.0,1950.0,2394.0,1960.0,1,B9,1120000,2019-10-21,brooklyn,2474 WEST 2ND STREET NYC
5,WESTERLEIGH,01 ONE FAMILY DWELLINGS,1,411,31,A1,174 BIDWELL AVENUE,10314.0,1.0,0.0,1.0,2310.0,1192.0,1920.0,1,A1,467500,2019-03-06,statenisland,174 BIDWELL AVENUE NYC
2,WILLIAMSBRIDGE,02 TWO FAMILY DWELLINGS,1,4646,17,B2,3624 OLINVILLE AVENUE,10467.0,2.0,0.0,2.0,3800.0,1887.0,1925.0,1,B2,405000,2019-04-30,bronx,3624 OLINVILLE AVENUE NYC
3,WILLIAMSBURG-EAST,02 TWO FAMILY DWELLINGS,1,2776,34,B3,143 POWERS STREET,11211.0,2.0,0.0,2.0,2500.0,1760.0,1901.0,1,B3,1700000,2019-11-25,brooklyn,143 POWERS STREET NYC
3,MIDWOOD,01 ONE FAMILY DWELLINGS,1,6765,6,A1,1816 AVENUE O,11230.0,1.0,0.0,1.0,3000.0,1791.0,1930.0,1,A1,1212000,2019-08-02,brooklyn,1816 AVENUE O NYC
4,BAYSIDE,01 ONE FAMILY DWELLINGS,1,6051,40,A1,211-15 32ND AVENUE,11361.0,1.0,0.0,1.0,4500.0,1520.0,1940.0,1,A1,700000,2019-01-23,queens,211-15 32ND AVENUE NYC
2,CASTLE HILL/UNIONPORT,02 TWO FAMILY DWELLINGS,1,3759,63,B1,1129 VIRGINIA AVENUE,10472.0,2.0,0.0,2.0,2559.0,3070.0,1920.0,1,B1,820000,2019-11-14,bronx,1129 VIRGINIA AVENUE NYC
4,GLENDALE,01 ONE FAMILY DWELLINGS,1,3903,19,A1,95-38 72ND AVENUE,11375.0,1.0,0.0,1.0,2900.0,1412.0,1925.0,1,A1,849000,2019-11-21,queens,95-38 72ND AVENUE NYC
5,NEW DORP,22 STORE BUILDINGS,4,4221,49,K1,336-338 NEW DORP LANE,10306.0,0.0,1.0,1.0,4000.0,2200.0,1961.0,4,K1,1968000,2019-01-25,statenisland,336-338 NEW DORP LANE NYC
5,PORT RICHMOND,02 TWO FAMILY DWELLINGS,1,1116,147,B2,56 RIVERSIDE LANE,10302.0,2.0,0.0,2.0,3712.0,1550.0,2018.0,1,B2,560038,2019-09-11,statenisland,56 RIVERSIDE LANE NYC
3,BOROUGH PARK,02 TWO FAMILY DWELLINGS,1,5431,57,B1,1551 45 ST,11219.0,2.0,0.0,2.0,1760.0,2175.0,1935.0,1,B1,1300000,2019-01-21,brooklyn,1551 45 ST NYC
2,CITY ISLAND,01 ONE FAMILY DWELLINGS,1,5632,106,A2,70 TIER STREET,10464.0,1.0,0.0,1.0,2466.0,761.0,1940.0,1,A2,375000,2019-01-28,bronx,70 TIER STREET NYC
4,WHITESTONE,01 ONE FAMILY DWELLINGS,1,4526,111,A2,151-23 10TH AVENUE,11357.0,1.0,0.0,1.0,3246.0,1100.0,1955.0,1,A2,865000,2019-02-13,queens,151-23 10TH AVENUE NYC
3,OLD MILL BASIN,01 ONE FAMILY DWELLINGS,1,7879,65,A9,1478 EAST 55TH STREET,11234.0,1.0,0.0,1.0,2000.0,1372.0,1925.0,1,A9,500000,2019-08-01,brooklyn,1478 EAST 55TH STREET NYC
4,FLUSHING-NORTH,01 ONE FAMILY DWELLINGS,1,5535,77,A5,45-37 193RD STREET,11358.0,1.0,0.0,1.0,2000.0,1600.0,1940.0,1,A5,800000,2019-02-05,queens,45-37 193RD STREET NYC
4,BELLEROSE,01 ONE FAMILY DWELLINGS,1,8660,17,A1,91-11 246TH STREET,11426.0,1.0,0.0,1.0,2700.0,1656.0,1925.0,1,A1,535000,2019-11-01,queens,91-11 246TH STREET NYC
5,CONCORD,01 ONE FAMILY DWELLINGS,1,2897,93,A5,702 ELBE AVENUE,10304.0,1.0,0.0,1.0,888.0,1248.0,1987.0,1,A5,310000,2019-08-20,statenisland,702 ELBE AVENUE NYC
4,ASTORIA,02 TWO FAMILY DWELLINGS,1,581,24,B1,33-62 28TH STREET,11106.0,2.0,0.0,2.0,1880.0,1950.0,1950.0,1,B1,1300000,2019-09-17,queens,33-62 28TH STREET NYC
3,OCEAN HILL,01 ONE FAMILY DWELLINGS,1,1462,1,S1,509 RALPH AVENUE,11233.0,1.0,1.0,2.0,1980.0,3062.0,1923.0,1,S1,400000,2019-07-12,brooklyn,509 RALPH AVENUE NYC
5,CLOVE LAKES,02 TWO FAMILY DWELLINGS,1,243,32,B1,36 BEVERLY AVENUE,10301.0,2.0,0.0,2.0,4900.0,1339.0,1950.0,1,B1,474000,2019-09-24,statenisland,36 BEVERLY AVENUE NYC
5,STAPLETON,02 TWO FAMILY DWELLINGS,1,563,11,B2,269 TARGEE STREET,10304.0,2.0,0.0,2.0,2500.0,1812.0,1920.0,1,B2,500000,2019-09-20,statenisland,269 TARGEE STREET NYC
5,GRANT CITY,01 ONE FAMILY DWELLINGS,1,3588,31,A1,70 EDISON STREET,10306.0,1.0,0.0,1.0,2500.0,1100.0,1930.0,1,A1,452500,2019-04-25,statenisland,70 EDISON STREET NYC
4,RIDGEWOOD,03 THREE FAMILY DWELLINGS,1,3622,1,C0,67-16 64TH PLACE,11385.0,3.0,0.0,3.0,2200.0,3000.0,1930.0,1,C0,1410000,2019-12-16,queens,67-16 64TH PLACE NYC
4,SO. JAMAICA-BAISLEY PARK,01 ONE FAMILY DWELLINGS,1,12242,30,B1,160-21 119TH AVENUE,11434.0,2.0,0.0,2.0,4000.0,2396.0,1930.0,1,A1,900000,2019-06-24,queens,160-21 119TH AVENUE NYC
3,MARINE PARK,01 ONE FAMILY DWELLINGS,1,7692,72,A1,1574 EAST 31ST STREET,11234.0,1.0,0.0,1.0,2000.0,1530.0,1930.0,1,A1,605000,2019-04-18,brooklyn,1574 EAST 31ST STREET NYC
4,ELMHURST,01 ONE FAMILY DWELLINGS,1,2798,143,A1,57-50 MAZEAU STREET,11378.0,1.0,0.0,1.0,2418.0,1220.0,1925.0,1,A1,830000,2019-08-06,queens,57-50 MAZEAU STREET NYC
2,WAKEFIELD,02 TWO FAMILY DWELLINGS,1,5058,64,B1,4333 WILDER AVENUE,10466.0,2.0,0.0,2.0,2125.0,1574.0,1945.0,1,B1,490000,2019-09-27,bronx,4333 WILDER AVENUE NYC
5,MANOR HEIGHTS,01 ONE FAMILY DWELLINGS,1,807,2,A5,159 LIVINGSTON AVE,10314.0,1.0,0.0,1.0,2070.0,1834.0,1996.0,1,A5,600000,2019-09-27,statenisland,159 LIVINGSTON AVE NYC
4,COLLEGE POINT,01 ONE FAMILY DWELLINGS,1,4262,63,A2,25-51 123RD STREET,11354.0,1.0,0.0,1.0,2840.0,1060.0,1940.0,1,A2,578500,2019-09-24,queens,25-51 123RD STREET NYC
2,THROGS NECK,01 ONE FAMILY DWELLINGS,1,5606,115,A5,192 BUTTRICK AVE,10465.0,1.0,0.0,1.0,1800.0,1224.0,1915.0,1,A5,425000,2019-01-29,bronx,192 BUTTRICK AVE NYC
3,CANARSIE,02 TWO FAMILY DWELLINGS,1,7990,16,B2,651 EAST 85TH STREET,11236.0,2.0,0.0,2.0,2500.0,1984.0,1940.0,1,B2,899580,2019-05-17,brooklyn,651 EAST 85TH STREET NYC
4,QUEENS VILLAGE,01 ONE FAMILY DWELLINGS,1,10667,17,A1,89-65 221 STREET,11427.0,1.0,0.0,1.0,3500.0,1540.0,1940.0,1,A1,620000,2019-10-30,queens,89-65 221 STREET NYC
4,SOUTH JAMAICA,01 ONE FAMILY DWELLINGS,1,11960,61,A5,111-42 145TH STREET,11435.0,1.0,0.0,1.0,1400.0,784.0,1925.0,1,A5,428480,2019-02-01,queens,111-42 145TH STREET NYC
5,CONCORD,01 ONE FAMILY DWELLINGS,1,568,34,A5,294 TARGEE STREET,10304.0,1.0,0.0,1.0,1924.0,1200.0,2001.0,1,A5,450000,2019-07-10,statenisland,294 TARGEE STREET NYC
3,BAY RIDGE,01 ONE FAMILY DWELLINGS,1,5851,57,A5,459 SENATOR ST,11220.0,1.0,0.0,1.0,1660.0,1312.0,1915.0,1,A5,600000,2019-12-30,brooklyn,459 SENATOR ST NYC
3,CYPRESS HILLS,29 COMMERCIAL GARAGES,4,3952,20,G1,2922 FULTON STREET,11207.0,0.0,1.0,1.0,1250.0,591.0,1999.0,4,G1,340000,2019-10-25,brooklyn,2922 FULTON STREET NYC
3,FLATBUSH-NORTH,07 RENTALS - WALKUP APARTMENTS,2A,4612,64,C3,125 EAST 93RD STREET,11212.0,4.0,0.0,4.0,2650.0,3280.0,1930.0,2,C3,850000,2019-10-25,brooklyn,125 EAST 93RD STREET NYC
3,MILL BASIN,02 TWO FAMILY DWELLINGS,1,8592,36,B1,2290 NATIONAL DRIVE,11234.0,2.0,0.0,2.0,3240.0,2124.0,1970.0,1,B1,1090000,2019-07-30,brooklyn,2290 NATIONAL DRIVE NYC
4,SO. JAMAICA-BAISLEY PARK,02 TWO FAMILY DWELLINGS,1,11971,27,B3,114-44 142ND STREET,11436.0,2.0,0.0,2.0,4000.0,1182.0,1955.0,1,B3,333056,2019-05-30,queens,114-44 142ND STREET NYC
5,ARDEN HEIGHTS,01 ONE FAMILY DWELLINGS,1,6020,58,A5,91 DOVER GREEN,10312.0,1.0,0.0,1.0,1913.0,1536.0,1970.0,1,A5,494250,2019-10-18,statenisland,91 DOVER GREEN NYC
5,STAPLETON-CLIFTON,01 ONE FAMILY DWELLINGS,1,2873,71,A5,78 BURGUNDY LOOP,10304.0,1.0,0.0,1.0,1534.0,1778.0,2015.0,1,A5,585000,2019-07-26,statenisland,78 BURGUNDY LOOP NYC
4,QUEENS VILLAGE,01 ONE FAMILY DWELLINGS,1,11114,43,A1,209-43 110TH AVENUE,11429.0,1.0,0.0,1.0,4000.0,1812.0,1935.0,1,A1,437000,2019-10-15,queens,209-43 110TH AVENUE NYC
5,ANNADALE,02 TWO FAMILY DWELLINGS,1,6209,12,B2,196 SNEDEN AVENUE,10312.0,2.0,0.0,2.0,2600.0,1592.0,2005.0,1,B2,649000,2019-07-10,statenisland,196 SNEDEN AVENUE NYC
5,NEW BRIGHTON,02 TWO FAMILY DWELLINGS,1,39,21,B2,66 HENDRICKS AVENUE,10301.0,2.0,0.0,2.0,2500.0,2648.0,1920.0,1,B2,425000,2019-07-25,statenisland,66 HENDRICKS AVENUE NYC
5,GREAT KILLS,01 ONE FAMILY DWELLINGS,1,5459,10,A5,394 BROOKFIELD AVENUE,10308.0,1.0,0.0,1.0,2100.0,1232.0,1975.0,1,A5,469900,2019-01-22,statenisland,394 BROOKFIELD AVENUE NYC
5,NEW SPRINGVILLE,01 ONE FAMILY DWELLINGS,1,2384,78,A5,58 VASSAR STREET,10314.0,1.0,0.0,1.0,3040.0,1760.0,1970.0,1,A5,550000,2019-06-11,statenisland,58 VASSAR STREET NYC
3,GRAVESEND,01 ONE FAMILY DWELLINGS,1,6648,51,A5,1780 WEST 8TH,11223.0,1.0,0.0,1.0,1700.0,1296.0,1910.0,1,A5,732000,2019-08-26,brooklyn,1780 WEST 8TH NYC
2,PARKCHESTER,02 TWO FAMILY DWELLINGS,1,4016,27,B2,1711 VAN BUREN STREET,10460.0,2.0,0.0,2.0,2342.0,2892.0,1920.0,1,B2,550000,2019-02-26,bronx,1711 VAN BUREN STREET NYC
4,BROAD CHANNEL,01 ONE FAMILY DWELLINGS,1,15319,12,A1,38 WEST 14TH ROAD,11693.0,1.0,0.0,1.0,2500.0,2280.0,1925.0,1,A1,433000,2019-10-08,queens,38 WEST 14TH ROAD NYC
5,CONCORD,02 TWO FAMILY DWELLINGS,1,2890,20,B3,281 ODER AVENUE,10304.0,2.0,0.0,2.0,2500.0,1452.0,1901.0,1,B3,350000,2019-03-21,statenisland,281 ODER AVENUE NYC
5,OAKWOOD-BEACH,01 ONE FAMILY DWELLINGS,1,4682,16,A5,527 AMHERST AVENUE,10306.0,1.0,0.0,1.0,2500.0,1216.0,1975.0,1,A5,540000,2019-08-16,statenisland,527 AMHERST AVENUE NYC
4,FLUSHING-SOUTH,02 TWO FAMILY DWELLINGS,1,6966,58,B2,164-43 75TH ROAD,11366.0,2.0,0.0,2.0,2820.0,1964.0,2017.0,1,B2,1323725,2019-06-06,queens,164-43 75TH ROAD NYC
4,WOODSIDE,01 ONE FAMILY DWELLINGS,1,1191,43,A5,34-41 64TH STREET,11377.0,1.0,0.0,1.0,2000.0,1320.0,1930.0,1,A5,869000,2019-06-11,queens,34-41 64TH STREET NYC
4,MIDDLE VILLAGE,02 TWO FAMILY DWELLINGS,1,2926,38,B1,61-68 70TH STREET,11379.0,2.0,0.0,2.0,2300.0,2070.0,1960.0,1,B1,1175000,2019-02-06,queens,61-68 70TH STREET NYC
5,ELTINGVILLE,02 TWO FAMILY DWELLINGS,1,5668,106,B9,228 SHOTWELL AVENUE,10312.0,2.0,0.0,2.0,3575.0,1632.0,1980.0,1,B9,540000,2019-12-30,statenisland,228 SHOTWELL AVENUE NYC
5,TOTTENVILLE,01 ONE FAMILY DWELLINGS,1,7940,52,A1,8 MASSACHUSETTS STREET,10307.0,1.0,0.0,1.0,3960.0,2200.0,1970.0,1,A1,720000,2019-08-30,statenisland,8 MASSACHUSETTS STREET NYC
5,ELTINGVILLE,01 ONE FAMILY DWELLINGS,1,5410,34,A5,450 RETFORD AVENUE,10312.0,1.0,0.0,1.0,2400.0,1410.0,1975.0,1,A5,512000,2019-05-14,statenisland,450 RETFORD AVENUE NYC
4,ST. ALBANS,02 TWO FAMILY DWELLINGS,1,11038,1,B3,197-19 116TH AVENUE,11412.0,2.0,0.0,2.0,3200.0,1723.0,1925.0,1,B3,365000,2019-08-13,queens,197-19 116TH AVENUE NYC
5,ROSEBANK,01 ONE FAMILY DWELLINGS,1,2863,20,A1,34 HOPE AVENUE,10305.0,1.0,0.0,1.0,3400.0,1970.0,2006.0,1,A1,715000,2019-05-20,statenisland,34 HOPE AVENUE NYC
2,MELROSE/CONCOURSE,22 STORE BUILDINGS,4,2347,33,K4,155 EAST 149TH STREET,10451.0,0.0,2.0,2.0,1516.0,2538.0,1931.0,4,K4,1900000,2019-08-27,bronx,155 EAST 149TH STREET NYC
3,BATH BEACH,01 ONE FAMILY DWELLINGS,1,6460,66,A9,300 BAY 10TH STREET,11228.0,1.0,0.0,1.0,1933.0,1152.0,1920.0,1,A9,850000,2019-10-29,brooklyn,300 BAY 10TH STREET NYC
5,SOUTH BEACH,01 ONE FAMILY DWELLINGS,1,3238,70,A9,50 LAMPORT BOULEVARD,10305.0,1.0,0.0,1.0,2400.0,1170.0,1960.0,1,A9,558000,2019-11-08,statenisland,50 LAMPORT BOULEVARD NYC
3,BEDFORD STUYVESANT,02 TWO FAMILY DWELLINGS,1,1860,1,S2,1263 BEDFORD AVENUE,11216.0,2.0,1.0,3.0,3050.0,3304.0,1910.0,1,S2,1650000,2019-01-16,brooklyn,1263 BEDFORD AVENUE NYC
5,ANNADALE,02 TWO FAMILY DWELLINGS,1,6320,1,B2,54 BUFFINGTON AVENUE,10312.0,2.0,0.0,2.0,4000.0,2840.0,2018.0,1,B2,942006,2019-11-07,statenisland,54 BUFFINGTON AVENUE NYC
5,SILVER LAKE,01 ONE FAMILY DWELLINGS,1,275,138,A1,222 HART AVENUE,10310.0,1.0,0.0,1.0,3496.0,1320.0,1930.0,1,A1,680000,2019-08-09,statenisland,222 HART AVENUE NYC
3,FLATBUSH-NORTH,02 TWO FAMILY DWELLINGS,1,4606,14,B1,4 EAST 53RD STREET,11203.0,2.0,0.0,2.0,1800.0,1890.0,1940.0,1,B1,460000,2019-07-22,brooklyn,4 EAST 53RD STREET NYC
5,ROSSVILLE-CHARLESTON,02 TWO FAMILY DWELLINGS,1,7356,124,B9,63 PEACOCK LOOP,10309.0,2.0,0.0,2.0,1140.0,1684.0,2001.0,1,B9,480000,2019-11-15,statenisland,63 PEACOCK LOOP NYC
4,FLUSHING-NORTH,01 ONE FAMILY DWELLINGS,1,5349,21,A1,41-17 170TH STREET,11358.0,1.0,0.0,1.0,4000.0,1656.0,1930.0,1,A1,848000,2019-10-15,queens,41-17 170TH STREET NYC
5,WOODROW,01 ONE FAMILY DWELLINGS,1,6969,9,A5,1015 SHELDON AVENUE,10309.0,1.0,0.0,1.0,2600.0,1650.0,1999.0,1,A5,615000,2019-07-22,statenisland,1015 SHELDON AVENUE NYC
2,CASTLE HILL/UNIONPORT,02 TWO FAMILY DWELLINGS,1,3809,64,B3,2141 WATSON AVENUE,10472.0,2.0,0.0,2.0,2549.0,2200.0,1901.0,1,B3,775000,2019-10-23,bronx,2141 WATSON AVENUE NYC
2,BAYCHESTER,02 TWO FAMILY DWELLINGS,1,4897,29,B1,1229 EAST 222 STREET,10469.0,2.0,0.0,2.0,2500.0,2499.0,2017.0,1,B1,879000,2019-12-09,bronx,1229 EAST 222 STREET NYC
4,BELLEROSE,02 TWO FAMILY DWELLINGS,1,8664,1,S2,248-09 JERICHO TURNPIKE,11426.0,2.0,1.0,3.0,2000.0,2720.0,1926.0,1,S2,750000,2019-02-14,queens,248-09 JERICHO TURNPIKE NYC
4,GLENDALE,01 ONE FAMILY DWELLINGS,1,3714,8,S1,6116 COOPER AVENUE,11385.0,1.0,1.0,2.0,1500.0,2000.0,1910.0,1,S1,700000,2019-01-11,queens,6116 COOPER AVENUE NYC
2,WESTCHESTER,02 TWO FAMILY DWELLINGS,1,3993,18,B9,2420 MACLAY AVENUE,10461.0,2.0,0.0,2.0,1793.0,2880.0,1963.0,1,B9,769000,2019-09-25,bronx,2420 MACLAY AVENUE NYC
4,OAKLAND GARDENS,01 ONE FAMILY DWELLINGS,1,7648,81,A5,61-30 CLOVERDALE BOULEVARD,11364.0,1.0,0.0,1.0,2500.0,1564.0,2007.0,1,A5,925000,2019-07-09,queens,61-30 CLOVERDALE BOULEVARD NYC
4,OZONE PARK,02 TWO FAMILY DWELLINGS,1,9152,36,B2,89-15 SUTTER AVE,11417.0,2.0,0.0,2.0,1830.0,1830.0,1920.0,1,B2,665000,2019-06-27,queens,89-15 SUTTER AVE NYC
2,MORRIS PARK/VAN NEST,01 ONE FAMILY DWELLINGS,1,4128,17,A1,1839 HONE AVENUE,10461.0,1.0,0.0,1.0,2500.0,1292.0,1915.0,1,A1,560000,2019-10-07,bronx,1839 HONE AVENUE NYC
2,COUNTRY CLUB,01 ONE FAMILY DWELLINGS,1,5472,48,A5,838 THROGS NECK EXPRESSWAY,10465.0,1.0,0.0,1.0,1800.0,1998.0,1965.0,1,A5,547500,2019-07-15,bronx,838 THROGS NECK EXPRESSWAY NYC
4,EAST ELMHURST,02 TWO FAMILY DWELLINGS,1,1392,55,B3,30-07 94 STREET,11369.0,2.0,0.0,2.0,1712.0,1272.0,1920.0,1,B3,560000,2019-08-08,queens,30-07 94 STREET NYC
5,GREAT KILLS-BAY TERRACE,01 ONE FAMILY DWELLINGS,1,5022,61,A2,151 HOOPER AVENUE,10306.0,1.0,0.0,1.0,4180.0,1144.0,1960.0,1,A2,592000,2019-09-05,statenisland,151 HOOPER AVENUE NYC
2,WAKEFIELD,03 THREE FAMILY DWELLINGS,1,5119,40,C0,853 EAST 242 STREET,10470.0,3.0,0.0,3.0,2500.0,3654.0,1930.0,1,C0,700000,2019-08-19,bronx,853 EAST 242 STREET NYC
2,BAYCHESTER,02 TWO FAMILY DWELLINGS,1,4767,20,B1,3023 KINGSLAND AVENUE,10469.0,2.0,0.0,2.0,2266.0,1908.0,2007.0,1,B1,518000,2019-09-04,bronx,3023 KINGSLAND AVENUE NYC
3,FLATBUSH-EAST,01 ONE FAMILY DWELLINGS,1,4962,67,A9,743 EAST 45TH STREET,11203.0,1.0,0.0,1.0,2000.0,1568.0,1930.0,1,A9,725000,2019-07-03,brooklyn,743 EAST 45TH STREET NYC
5,GREAT KILLS,01 ONE FAMILY DWELLINGS,1,5252,48,A1,81 ACACIA AVENUE,10308.0,1.0,0.0,1.0,3800.0,2467.0,2019.0,1,A1,430000,2019-06-17,statenisland,81 ACACIA AVENUE NYC
4,FLUSHING-SOUTH,01 ONE FAMILY DWELLINGS,1,6965,42,A5,164-30 73RD AVENUE,11366.0,1.0,0.0,1.0,2392.0,912.0,1940.0,1,A5,747500,2019-06-25,queens,164-30 73RD AVENUE NYC
4,JAMAICA,02 TWO FAMILY DWELLINGS,1,9689,5,B1,87-89 144TH STREET,11435.0,2.0,0.0,2.0,2500.0,2080.0,1910.0,1,B1,840000,2019-01-16,queens,87-89 144TH STREET NYC
3,EAST NEW YORK,03 THREE FAMILY DWELLINGS,1,3789,48,C0,508 NEW JERSEY,11207.0,3.0,0.0,3.0,2000.0,3000.0,1901.0,1,C0,785000,2019-02-28,brooklyn,508 NEW JERSEY NYC
4,FLUSHING-NORTH,01 ONE FAMILY DWELLINGS,1,5458,59,A1,159-15 LABURNUM AVENUE,11358.0,1.0,0.0,1.0,3000.0,1464.0,1930.0,1,A1,788000,2019-01-09,queens,159-15 LABURNUM AVENUE NYC
2,SCHUYLERVILLE/PELHAM BAY,03 THREE FAMILY DWELLINGS,1,4190,22,C0,1875 MULFORD AVENUE,10461.0,3.0,0.0,3.0,2375.0,3430.0,1965.0,1,C0,890000,2019-03-06,bronx,1875 MULFORD AVENUE NYC
3,SHEEPSHEAD BAY,01 ONE FAMILY DWELLINGS,1,8769,55,A5,1501 EMMONS AVENUE,11235.0,1.0,0.0,1.0,2000.0,1460.0,1910.0,1,A5,1100000,2019-03-29,brooklyn,1501 EMMONS AVENUE NYC
4,ROSEDALE,01 ONE FAMILY DWELLINGS,1,13704,34,A1,262-16 149TH ROAD,11422.0,1.0,0.0,1.0,2964.0,2025.0,1970.0,1,A1,550000,2019-12-19,queens,262-16 149TH ROAD NYC
4,SO. JAMAICA-BAISLEY PARK,02 TWO FAMILY DWELLINGS,1,12362,3,B3,119-43 166TH STREET,11434.0,2.0,0.0,2.0,4000.0,1152.0,1925.0,1,B3,460775,2019-08-06,queens,119-43 166TH STREET NYC
4,SPRINGFIELD GARDENS,01 ONE FAMILY DWELLINGS,1,12521,88,A1,174-26 125TH AVENUE,11434.0,1.0,0.0,1.0,3654.0,1547.0,1920.0,1,A1,524280,2019-07-29,queens,174-26 125TH AVENUE NYC
5,RICHMONDTOWN,01 ONE FAMILY DWELLINGS,1,4378,41,A2,152 WOLVERINE STREET,10306.0,1.0,0.0,1.0,4062.0,1100.0,1960.0,1,A2,590000,2019-09-24,statenisland,152 WOLVERINE STREET NYC
4,BAYSIDE,02 TWO FAMILY DWELLINGS,1,7364,46,B3,48-35 CLEARVIEW EXPRESSWAY,11364.0,2.0,0.0,2.0,2900.0,1618.0,1920.0,1,B3,725000,2019-01-25,queens,48-35 CLEARVIEW EXPRESSWAY NYC
4,BAYSIDE,03 THREE FAMILY DWELLINGS,1,6174,18,C0,35-24 214TH PLACE,11361.0,3.0,0.0,3.0,3000.0,2346.0,1920.0,1,C0,850000,2019-07-09,queens,35-24 214TH PLACE NYC
3,DYKER HEIGHTS,01 ONE FAMILY DWELLINGS,1,5974,52,A1,1063 79 STREET,11228.0,1.0,0.0,1.0,2417.0,1332.0,1925.0,1,A1,1030000,2019-12-19,brooklyn,1063 79 STREET NYC
4,BAYSIDE,01 ONE FAMILY DWELLINGS,1,6076,41,A5,33-25 200TH STREET,11361.0,1.0,0.0,1.0,1842.0,1080.0,1930.0,1,A5,695500,2019-10-10,queens,33-25 200TH STREET NYC
5,MARINERS HARBOR,01 ONE FAMILY DWELLINGS,1,1215,96,A5,17 DE RUYTER PLACE,10303.0,1.0,0.0,1.0,2885.0,1200.0,1993.0,1,A5,463900,2019-02-15,statenisland,17 DE RUYTER PLACE NYC
5,BULLS HEAD,01 ONE FAMILY DWELLINGS,1,2223,45,A1,194 PAULDING AVENUE,10314.0,1.0,0.0,1.0,3960.0,1536.0,1970.0,1,A1,679000,2019-04-29,statenisland,194 PAULDING AVENUE NYC
4,SOUTH JAMAICA,02 TWO FAMILY DWELLINGS,1,10202,47,B2,163-31 PHROANE AVENUE,11433.0,2.0,0.0,2.0,2500.0,2380.0,1901.0,1,B2,625000,2019-03-11,queens,163-31 PHROANE AVENUE NYC
4,MASPETH,01 ONE FAMILY DWELLINGS,1,2675,45,A9,57-40 59TH STREET,11378.0,1.0,0.0,1.0,2675.0,750.0,1920.0,1,A9,525000,2019-07-25,queens,57-40 59TH STREET NYC
4,HOLLIS,01 ONE FAMILY DWELLINGS,1,10375,3,A1,104-15 188 STREET,11412.0,1.0,0.0,1.0,2450.0,1034.0,1930.0,1,A1,465360,2019-08-07,queens,104-15 188 STREET NYC
4,LAURELTON,01 ONE FAMILY DWELLINGS,1,13143,68,A5,22221 141ST AVENUE,11413.0,1.0,0.0,1.0,1565.0,950.0,1993.0,1,A5,498200,2019-09-03,queens,22221 141ST AVENUE NYC
3,BUSHWICK,02 TWO FAMILY DWELLINGS,1,3275,61,B3,109 HARMAN STREET,11221.0,2.0,0.0,2.0,2000.0,2880.0,1920.0,1,B3,1325000,2019-05-03,brooklyn,109 HARMAN STREET NYC
3,BENSONHURST,02 TWO FAMILY DWELLINGS,1,6343,72,B3,1725 86TH STREET,11214.0,2.0,0.0,2.0,2500.0,1865.0,1910.0,1,B3,998000,2019-12-05,brooklyn,1725 86TH STREET NYC
4,ROSEDALE,02 TWO FAMILY DWELLINGS,1,13666,89,B2,255-54 148 AVENUE,11422.0,2.0,0.0,2.0,2600.0,1974.0,1960.0,1,B2,835000,2019-12-06,queens,255-54 148 AVENUE NYC
5,ELTINGVILLE,01 ONE FAMILY DWELLINGS,1,5672,49,A2,668 DRUMGOOLE ROAD WEST,10312.0,1.0,0.0,1.0,4000.0,1028.0,1975.0,1,A2,650000,2019-05-01,statenisland,668 DRUMGOOLE ROAD WEST NYC
5,GREAT KILLS-BAY TERRACE,01 ONE FAMILY DWELLINGS,1,5019,1,A1,101 JUSTIN AVENUE,10306.0,1.0,0.0,1.0,4100.0,1344.0,1931.0,1,A1,480000,2019-09-18,statenisland,101 JUSTIN AVENUE NYC
4,ASTORIA,03 THREE FAMILY DWELLINGS,1,847,61,C0,21-72 29TH STREET,11105.0,3.0,0.0,3.0,1800.0,1728.0,1930.0,1,C0,1495000,2019-09-17,queens,21-72 29TH STREET NYC
4,ROSEDALE,02 TWO FAMILY DWELLINGS,1,13658,44,B2,14965 254TH ST.,11422.0,2.0,0.0,2.0,3100.0,2162.0,1960.0,1,B2,660000,2019-08-02,queens,14965 254TH ST. NYC
3,BROWNSVILLE,03 THREE FAMILY DWELLINGS,1,3567,120,C0,245 GRAFTON,11212.0,3.0,0.0,3.0,1700.0,2637.0,2005.0,1,C0,800000,2019-01-17,brooklyn,245 GRAFTON NYC
5,TOTTENVILLE,01 ONE FAMILY DWELLINGS,1,7881,8,A5,446 MANHATTAN STREET,10307.0,1.0,0.0,1.0,2500.0,1536.0,1994.0,1,A5,520000,2019-10-10,statenisland,446 MANHATTAN STREET NYC
4,JACKSON HEIGHTS,03 THREE FAMILY DWELLINGS,1,1166,24,C0,3238 71ST STREET,11370.0,3.0,0.0,3.0,1967.0,2650.0,1965.0,1,C0,500000,2019-12-27,queens,3238 71ST STREET NYC
3,OCEAN HILL,07 RENTALS - WALKUP APARTMENTS,2A,1465,24,C3,1922 PROSPECT PLACE,11233.0,4.0,0.0,4.0,2043.0,4500.0,1910.0,2,C3,660323,2019-05-21,brooklyn,1922 PROSPECT PLACE NYC
4,FLORAL PARK,01 ONE FAMILY DWELLINGS,1,8815,41,A1,86-12 257TH STREET,11001.0,1.0,0.0,1.0,4000.0,1978.0,1925.0,1,A1,995000,2019-07-31,queens,86-12 257TH STREET NYC
2,WILLIAMSBRIDGE,02 TWO FAMILY DWELLINGS,1,4657,31,B1,712 EAST 211TH STREET,10467.0,2.0,0.0,2.0,975.0,2262.0,1930.0,1,B1,374600,2019-01-10,bronx,712 EAST 211TH STREET NYC
4,HOLLIS,02 TWO FAMILY DWELLINGS,1,9935,10,B3,88-39 187TH STREET,11423.0,2.0,0.0,2.0,3000.0,1648.0,1925.0,1,B3,836961,2019-07-03,queens,88-39 187TH STREET NYC
5,WILLOWBROOK,01 ONE FAMILY DWELLINGS,1,781,10,A1,684 HARRIS AVENUE,10314.0,1.0,0.0,1.0,4000.0,2432.0,1970.0,1,A1,800000,2019-12-31,statenisland,684 HARRIS AVENUE NYC
4,CAMBRIA HEIGHTS,01 ONE FAMILY DWELLINGS,1,11327,59,A5,116-46 227TH STREET,11411.0,1.0,0.0,1.0,2000.0,1504.0,1930.0,1,A5,560000,2019-06-28,queens,116-46 227TH STREET NYC
4,SOUTH OZONE PARK,01 ONE FAMILY DWELLINGS,1,11666,62,A1,115-11 122ND STREET,11420.0,1.0,0.0,1.0,2800.0,1224.0,1940.0,1,A1,350000,2019-07-12,queens,115-11 122ND STREET NYC
5,GREAT KILLS,01 ONE FAMILY DWELLINGS,1,5116,2,A5,145 FIELDWAY AVENUE,10308.0,1.0,0.0,1.0,2400.0,1248.0,1965.0,1,A5,465000,2019-11-05,statenisland,145 FIELDWAY AVENUE NYC
3,FLATBUSH-EAST,01 ONE FAMILY DWELLINGS,1,4984,68,A5,777 EAST 37TH STREET,11210.0,1.0,0.0,1.0,2200.0,1949.0,1940.0,1,A5,575000,2019-01-03,brooklyn,777 EAST 37TH STREET NYC
4,FAR ROCKAWAY,02 TWO FAMILY DWELLINGS,1,15567,13,B1,18-25 EVERDELL AVENUE,11691.0,2.0,0.0,2.0,2638.0,1980.0,2007.0,1,B1,625000,2019-11-14,queens,18-25 EVERDELL AVENUE NYC
2,SCHUYLERVILLE/PELHAM BAY,14 RENTALS - 4-10 UNIT,2A,4157,25,S3,1644 MAYFLOWER AVENUE,10461.0,3.0,1.0,4.0,2375.0,3226.0,1930.0,2,S3,900000,2019-05-10,bronx,1644 MAYFLOWER AVENUE NYC
5,GREAT KILLS,02 TWO FAMILY DWELLINGS,1,4575,148,B2,296 SANDALWOOD DRIVE,10308.0,2.0,0.0,2.0,2100.0,1596.0,1985.0,1,B2,545000,2019-10-01,statenisland,296 SANDALWOOD DRIVE NYC
3,SHEEPSHEAD BAY,02 TWO FAMILY DWELLINGS,1,7383,61,B1,4325 BEDFORD AVENUE,11229.0,2.0,0.0,2.0,2000.0,2070.0,1940.0,1,B1,950000,2019-09-19,brooklyn,4325 BEDFORD AVENUE NYC
3,BEDFORD STUYVESANT,02 TWO FAMILY DWELLINGS,1,1772,40,B3,206 HART STREET,11206.0,2.0,0.0,2.0,1750.0,2100.0,1910.0,1,B3,1624999,2019-01-22,brooklyn,206 HART STREET NYC
2,WAKEFIELD,02 TWO FAMILY DWELLINGS,1,5009,64,B1,4142 WICKHAM AVENUE,10466.0,2.0,0.0,2.0,2090.0,1890.0,1965.0,1,B1,569000,2019-10-25,bronx,4142 WICKHAM AVENUE NYC
4,COLLEGE POINT,02 TWO FAMILY DWELLINGS,1,4264,58,B9,25-59 124TH STREET,11354.0,2.0,0.0,2.0,2840.0,1920.0,1925.0,1,B9,900000,2019-11-06,queens,25-59 124TH STREET NYC
3,CANARSIE,03 THREE FAMILY DWELLINGS,1,8258,56,C0,1460 EAST 94TH STREET,11236.0,3.0,0.0,3.0,2508.0,2926.0,1965.0,1,C0,510000,2019-11-06,brooklyn,1460 EAST 94TH STREET NYC
3,BENSONHURST,01 ONE FAMILY DWELLINGS,1,6305,50,A5,1569 83RD STREET,11228.0,1.0,0.0,1.0,2000.0,1200.0,1945.0,1,A5,865000,2019-08-06,brooklyn,1569 83RD STREET NYC
4,ST. ALBANS,01 ONE FAMILY DWELLINGS,1,10951,122,A1,190-49 112TH AVENUE,11412.0,1.0,0.0,1.0,2825.0,1136.0,1920.0,1,A1,450000,2019-10-28,queens,190-49 112TH AVENUE NYC
3,OCEAN HILL,03 THREE FAMILY DWELLINGS,1,1543,47,C0,75 TRUXTON STREET,11233.0,3.0,0.0,3.0,1928.0,2970.0,1905.0,1,C0,936790,2019-10-07,brooklyn,75 TRUXTON STREET NYC
4,HOLLIS,01 ONE FAMILY DWELLINGS,1,10490,103,A1,89-38 204TH STREET,11423.0,1.0,0.0,1.0,2300.0,1056.0,1925.0,1,A1,585000,2019-07-24,queens,89-38 204TH STREET NYC
4,QUEENS VILLAGE,01 ONE FAMILY DWELLINGS,1,10773,31,A1,219-37 102ND AVE,11429.0,1.0,0.0,1.0,4000.0,2304.0,1925.0,1,A1,629000,2019-10-04,queens,219-37 102ND AVE NYC
4,SPRINGFIELD GARDENS,01 ONE FAMILY DWELLINGS,1,12287,108,A2,133-11 160TH STREET,11434.0,1.0,0.0,1.0,4000.0,1304.0,1945.0,1,A2,510000,2019-11-20,queens,133-11 160TH STREET NYC
3,FLATBUSH-EAST,01 ONE FAMILY DWELLINGS,1,7770,70,A1,4541 KINGS HIGHWAY,11234.0,1.0,0.0,1.0,2000.0,2154.0,1940.0,1,A1,745000,2019-09-27,brooklyn,4541 KINGS HIGHWAY NYC
4,SPRINGFIELD GARDENS,01 ONE FAMILY DWELLINGS,1,12983,18,A1,131-19 MATHEWSON CT,11434.0,1.0,0.0,1.0,4000.0,1428.0,1920.0,1,A1,640000,2019-06-24,queens,131-19 MATHEWSON CT NYC
2,WILLIAMSBRIDGE,02 TWO FAMILY DWELLINGS,1,4661,16,B1,720 EAST 214 STREET,10467.0,2.0,0.0,2.0,1858.0,2808.0,2004.0,1,B1,650000,2019-04-15,bronx,720 EAST 214 STREET NYC
4,CORONA,03 THREE FAMILY DWELLINGS,1,1942,17,C0,103-38 51ST AVENUE,11368.0,3.0,0.0,3.0,2500.0,1400.0,1920.0,1,C0,840000,2019-07-03,queens,103-38 51ST AVENUE NYC
4,SOUTH OZONE PARK,02 TWO FAMILY DWELLINGS,1,11800,20,B3,135-33 114TH STREET,11420.0,2.0,0.0,2.0,2400.0,1358.0,1925.0,1,B3,527260,2019-07-05,queens,135-33 114TH STREET NYC
5,STAPLETON,03 THREE FAMILY DWELLINGS,1,559,41,C0,42 COURSEN PLACE,10304.0,3.0,0.0,3.0,2900.0,1730.0,1920.0,1,C0,555500,2019-07-17,statenisland,42 COURSEN PLACE NYC
3,GRAVESEND,01 ONE FAMILY DWELLINGS,1,7093,30,A5,2060 WEST 12TH STREET,11223.0,1.0,0.0,1.0,2417.0,1004.0,1930.0,1,A5,805000,2019-04-15,brooklyn,2060 WEST 12TH STREET NYC
4,FLUSHING-NORTH,01 ONE FAMILY DWELLINGS,1,5299,19,A1,35-23 171ST STREET,11358.0,1.0,0.0,1.0,4000.0,1782.0,1935.0,1,A1,935000,2019-10-24,queens,35-23 171ST STREET NYC
3,BUSHWICK,02 TWO FAMILY DWELLINGS,1,3473,14,B2,84 VANDERVEER STREET,11207.0,2.0,0.0,2.0,1750.0,1400.0,1905.0,1,B2,450000,2019-08-29,brooklyn,84 VANDERVEER STREET NYC
4,ROSEDALE,02 TWO FAMILY DWELLINGS,1,13553,31,B3,241-01 CANEY ROAD,11422.0,2.0,0.0,2.0,4000.0,2380.0,2018.0,1,B3,906243,2019-03-22,queens,241-01 CANEY ROAD NYC
4,ST. ALBANS,01 ONE FAMILY DWELLINGS,1,12632,51,A1,118-11 202ND STREET,11412.0,1.0,0.0,1.0,2100.0,1148.0,1920.0,1,A1,499000,2019-02-11,queens,118-11 202ND STREET NYC
4,CORONA,02 TWO FAMILY DWELLINGS,1,1930,12,B1,102-36 ALSTYNE AVENUE,11368.0,2.0,0.0,2.0,1880.0,1680.0,1920.0,1,B1,905000,2019-11-27,queens,102-36 ALSTYNE AVENUE NYC
2,WILLIAMSBRIDGE,02 TWO FAMILY DWELLINGS,1,4849,56,B1,824 EAST 225 STREET,10466.0,2.0,0.0,2.0,2517.0,3498.0,1970.0,1,B1,455000,2019-04-08,bronx,824 EAST 225 STREET NYC
5,ROSSVILLE,02 TWO FAMILY DWELLINGS,1,6147,82,B9,125 MALLOW STREET,10309.0,2.0,0.0,2.0,3675.0,1680.0,1997.0,1,B9,598500,2019-08-13,statenisland,125 MALLOW STREET NYC
4,SOUTH OZONE PARK,02 TWO FAMILY DWELLINGS,1,11766,1,B1,128-19 133RD AVENUE,11420.0,2.0,0.0,2.0,4000.0,2208.0,1931.0,1,B1,840000,2019-06-06,queens,128-19 133RD AVENUE NYC
2,THROGS NECK,01 ONE FAMILY DWELLINGS,1,5590,108,A5,183 REVERE AVENUE,10465.0,1.0,0.0,1.0,1800.0,1584.0,1955.0,1,A5,540000,2019-08-09,bronx,183 REVERE AVENUE NYC
4,ELMHURST,02 TWO FAMILY DWELLINGS,1,1528,95,B1,45-05 74TH STREET,11373.0,2.0,0.0,2.0,1237.0,2044.0,1965.0,1,B1,950000,2019-09-20,queens,45-05 74TH STREET NYC
2,WESTCHESTER,02 TWO FAMILY DWELLINGS,1,3981,16,B2,2566 TRATMAN AVENUE,10461.0,2.0,0.0,2.0,2269.0,1726.0,1910.0,1,B2,720000,2019-11-14,bronx,2566 TRATMAN AVENUE NYC
4,SOUTH JAMAICA,01 ONE FAMILY DWELLINGS,1,10249,24,A1,174-01 108 AVE,11433.0,1.0,0.0,1.0,2954.0,1710.0,1920.0,1,A1,685000,2019-12-11,queens,174-01 108 AVE NYC
4,SPRINGFIELD GARDENS,01 ONE FAMILY DWELLINGS,1,12709,1,A1,12219 193 ST,11413.0,1.0,0.0,1.0,4000.0,1349.0,1925.0,1,A1,310000,2019-07-30,queens,12219 193 ST NYC
2,COUNTRY CLUB,02 TWO FAMILY DWELLINGS,1,5468,13,B1,921 CLARENCE AVENUE,10465.0,2.0,0.0,2.0,2381.0,1760.0,1960.0,1,B1,510000,2019-08-13,bronx,921 CLARENCE AVENUE NYC
2,PELHAM PARKWAY NORTH,02 TWO FAMILY DWELLINGS,1,4440,49,B1,2519 MATTHEWS AVENUE,10467.0,2.0,0.0,2.0,2158.0,1831.0,1955.0,1,B1,488735,2019-08-14,bronx,2519 MATTHEWS AVENUE NYC
4,RICHMOND HILL,02 TWO FAMILY DWELLINGS,1,9557,20,B2,103-26 120TH STREET,11419.0,2.0,0.0,2.0,3375.0,2860.0,1915.0,1,B2,872000,2019-06-17,queens,103-26 120TH STREET NYC
5,NEW BRIGHTON,01 ONE FAMILY DWELLINGS,1,37,28,A1,24 WINTER AVENUE,10301.0,1.0,0.0,1.0,2500.0,1567.0,2006.0,1,A1,500000,2019-11-18,statenisland,24 WINTER AVENUE NYC
4,RICHMOND HILL,02 TWO FAMILY DWELLINGS,1,9480,18,B3,97-28 133RD STREET,11419.0,2.0,0.0,2.0,2102.0,1184.0,1920.0,1,B3,465000,2019-05-10,queens,97-28 133RD STREET NYC
4,HOLLIS,01 ONE FAMILY DWELLINGS,1,9908,78,A9,90-28 187 STREET,11423.0,1.0,0.0,1.0,2000.0,1184.0,1925.0,1,A9,470000,2019-10-18,queens,90-28 187 STREET NYC
5,TOTTENVILLE,21 OFFICE BUILDINGS,4,7999,28,O2,5379 ARTHUR KILL ROAD,10307.0,0.0,2.0,2.0,3960.0,3948.0,1920.0,4,O2,810000,2019-01-23,statenisland,5379 ARTHUR KILL ROAD NYC
2,MORRISANIA/LONGWOOD,02 TWO FAMILY DWELLINGS,1,2376,26,B2,437 EAST 154 STREET,10455.0,2.0,0.0,2.0,1250.0,3000.0,2005.0,1,B2,760000,2019-09-27,bronx,437 EAST 154 STREET NYC
5,MIDLAND BEACH,01 ONE FAMILY DWELLINGS,1,3744,54,A5,315 POULTNEY STREET,10306.0,1.0,0.0,1.0,3000.0,1748.0,2018.0,1,A5,748414,2019-11-06,statenisland,315 POULTNEY STREET NYC
4,FLUSHING-SOUTH,01 ONE FAMILY DWELLINGS,1,6908,59,A0,65-44 168TH STREET,11365.0,1.0,0.0,1.0,4000.0,1050.0,1945.0,1,A0,700000,2019-08-20,queens,65-44 168TH STREET NYC
4,LONG ISLAND CITY,02 TWO FAMILY DWELLINGS,1,382,27,B9,38-28 32 STREET,11101.0,2.0,0.0,2.0,2250.0,1750.0,1910.0,1,B9,1670000,2019-03-18,queens,38-28 32 STREET NYC
4,ELMHURST,03 THREE FAMILY DWELLINGS,1,1866,54,C0,92-09 51ST AVENUE,11373.0,3.0,0.0,3.0,2193.0,3414.0,1985.0,1,C0,1650000,2019-09-26,queens,92-09 51ST AVENUE NYC
3,BENSONHURST,02 TWO FAMILY DWELLINGS,1,6258,55,B1,1547 79TH STREET,11228.0,2.0,0.0,2.0,2467.0,1872.0,1920.0,1,B1,1240000,2019-03-27,brooklyn,1547 79TH STREET NYC
5,NEW DORP,01 ONE FAMILY DWELLINGS,1,4231,5,A1,126 BEACH AVENUE,10306.0,1.0,0.0,1.0,3074.0,1526.0,1935.0,1,A1,685000,2019-04-09,statenisland,126 BEACH AVENUE NYC
2,SOUNDVIEW,07 RENTALS - WALKUP APARTMENTS,2A,3739,30,C3,1156 WHEELER AVE,10472.0,4.0,0.0,4.0,2500.0,3440.0,1929.0,2,C3,872100,2019-04-29,bronx,1156 WHEELER AVE NYC
2,KINGSBRIDGE/JEROME PARK,02 TWO FAMILY DWELLINGS,1,3254,80,B1,7 PEROT STREET,10463.0,2.0,0.0,2.0,1511.0,1980.0,1901.0,1,B1,640000,2019-07-25,bronx,7 PEROT STREET NYC
2,PARKCHESTER,02 TWO FAMILY DWELLINGS,1,3936,22,B1,1890 WOOD AVENUE,10462.0,2.0,0.0,2.0,2439.0,3240.0,1920.0,1,B1,309414,2019-02-08,bronx,1890 WOOD AVENUE NYC
4,JAMAICA HILLS,01 ONE FAMILY DWELLINGS,1,9783,7,A1,84-63 159 STREET,11432.0,1.0,0.0,1.0,4000.0,1528.0,1930.0,1,A1,820000,2019-04-25,queens,84-63 159 STREET NYC
4,FLUSHING-NORTH,03 THREE FAMILY DWELLINGS,1,5394,25,C0,42-08 164TH STREET,11358.0,3.0,0.0,3.0,1853.0,2693.0,2017.0,1,C0,1600000,2019-05-01,queens,42-08 164TH STREET NYC
3,MIDWOOD,03 THREE FAMILY DWELLINGS,1,6761,43,C0,1584 EAST 15TH STREET,11230.0,3.0,0.0,3.0,4000.0,2680.0,1920.0,1,C0,1270000,2019-05-13,brooklyn,1584 EAST 15TH STREET NYC
5,CONCORD,01 ONE FAMILY DWELLINGS,1,2897,103,A5,401A WESER AVENUE,10304.0,1.0,0.0,1.0,544.0,1248.0,1987.0,1,A5,310000,2019-11-06,statenisland,401A WESER AVENUE NYC
3,FLATLANDS,01 ONE FAMILY DWELLINGS,1,7821,52,A5,20 HARDEN STREET,11234.0,1.0,0.0,1.0,1978.0,1184.0,1920.0,1,A5,460100,2019-12-12,brooklyn,20 HARDEN STREET NYC
4,SO. JAMAICA-BAISLEY PARK,01 ONE FAMILY DWELLINGS,1,12020,4,A5,145-36 FOCH BOULEVARD,11436.0,1.0,0.0,1.0,2279.0,1094.0,1950.0,1,A5,525000,2019-04-09,queens,145-36 FOCH BOULEVARD NYC
4,ELMHURST,02 TWO FAMILY DWELLINGS,1,2497,3,B2,53-59 69TH STREET,11378.0,2.0,0.0,2.0,2500.0,2000.0,1940.0,1,B2,735000,2019-06-21,queens,53-59 69TH STREET NYC
4,HOLLIS HILLS,01 ONE FAMILY DWELLINGS,1,7782,59,A1,8030 209TH STREET,11427.0,1.0,0.0,1.0,4000.0,1052.0,1950.0,1,A1,400000,2019-05-23,queens,8030 209TH STREET NYC
2,MELROSE/CONCOURSE,03 THREE FAMILY DWELLINGS,1,2451,33,C0,1061 GRANT AVENUE,10456.0,3.0,0.0,3.0,2500.0,4211.0,1935.0,1,C0,365000,2019-01-24,bronx,1061 GRANT AVENUE NYC
4,MASPETH,03 THREE FAMILY DWELLINGS,1,2773,46,C0,62-04 MT OLIVET CRESCENT,11379.0,3.0,0.0,3.0,2492.0,3188.0,1970.0,1,C0,999990,2019-03-04,queens,62-04 MT OLIVET CRESCENT NYC
5,STAPLETON,01 ONE FAMILY DWELLINGS,1,539,15,A1,187 BOYD STREET,10304.0,1.0,0.0,1.0,4898.0,960.0,1910.0,1,A1,445000,2019-07-11,statenisland,187 BOYD STREET NYC
3,FLATBUSH-EAST,02 TWO FAMILY DWELLINGS,1,4730,6,B1,5811 TILDEN AVENUE,11203.0,2.0,0.0,2.0,2000.0,1925.0,1940.0,1,B1,599000,2019-10-15,brooklyn,5811 TILDEN AVENUE NYC
3,FLATBUSH-NORTH,07 RENTALS - WALKUP APARTMENTS,2A,4615,20,C3,118 ROCKAWAY PKWY,11212.0,4.0,0.0,4.0,2500.0,3198.0,1924.0,2,C3,815000,2019-03-27,brooklyn,118 ROCKAWAY PKWY NYC
2,CASTLE HILL/UNIONPORT,02 TWO FAMILY DWELLINGS,1,3487,138,B2,290 ZEREGA AVENUE,10473.0,2.0,0.0,2.0,1962.0,3068.0,2011.0,1,B2,840000,2019-02-28,bronx,290 ZEREGA AVENUE NYC
4,SOUTH JAMAICA,01 ONE FAMILY DWELLINGS,1,11943,27,A1,145-15 111TH AVENUE,11435.0,1.0,0.0,1.0,3926.0,1264.0,1925.0,1,A1,347000,2019-11-04,queens,145-15 111TH AVENUE NYC
4,FLUSHING-NORTH,02 TWO FAMILY DWELLINGS,1,5446,13,B2,45-47 167TH STREET,11358.0,2.0,0.0,2.0,4000.0,2292.0,1925.0,1,B2,825000,2019-01-30,queens,45-47 167TH STREET NYC
5,WILLOWBROOK,01 ONE FAMILY DWELLINGS,1,734,43,A2,249 PURDY AVENUE,10314.0,1.0,0.0,1.0,4000.0,2309.0,1950.0,1,A2,979999,2019-04-17,statenisland,249 PURDY AVENUE NYC
4,ROCKAWAY PARK,01 ONE FAMILY DWELLINGS,1,16186,23,A1,171 BEACH 113TH STREET,11694.0,1.0,0.0,1.0,4000.0,1990.0,1910.0,1,A1,650000,2019-08-27,queens,171 BEACH 113TH STREET NYC
3,OCEAN HILL,02 TWO FAMILY DWELLINGS,1,1567,6,B9,25 GUNTHER PLACE,11233.0,2.0,0.0,2.0,1307.0,1408.0,1901.0,1,B9,522000,2019-07-22,brooklyn,25 GUNTHER PLACE NYC
5,SOUTH BEACH,01 ONE FAMILY DWELLINGS,1,3354,104,A1,30 XENIA STREET,10305.0,1.0,0.0,1.0,2200.0,1108.0,1960.0,1,A1,538000,2019-10-18,statenisland,30 XENIA STREET NYC
3,BUSHWICK,02 TWO FAMILY DWELLINGS,1,3287,30,B3,1305 GREENE AVENUE,11237.0,2.0,0.0,2.0,2070.0,2266.0,1920.0,1,B3,1075000,2019-05-16,brooklyn,1305 GREENE AVENUE NYC
5,MIDLAND BEACH,01 ONE FAMILY DWELLINGS,1,3686,3,A6,154 BOUNDARY AVENUE,10306.0,1.0,0.0,1.0,2430.0,816.0,1930.0,1,A6,375000,2019-05-28,statenisland,154 BOUNDARY AVENUE NYC
4,MASPETH,03 THREE FAMILY DWELLINGS,1,2702,143,C0,60-13 56TH AVENUE,11378.0,3.0,0.0,3.0,2500.0,2350.0,1935.0,1,C0,1110000,2019-01-09,queens,60-13 56TH AVENUE NYC
4,RICHMOND HILL,02 TWO FAMILY DWELLINGS,1,9295,3,B3,104-18 89TH AVENUE,11418.0,2.0,0.0,2.0,2500.0,1556.0,1910.0,1,B3,660892,2019-10-15,queens,104-18 89TH AVENUE NYC
4,OAKLAND GARDENS,01 ONE FAMILY DWELLINGS,1,7680,5,A5,221-10 69TH AVENUE,11364.0,1.0,0.0,1.0,1900.0,1600.0,1955.0,1,A5,905000,2019-10-11,queens,221-10 69TH AVENUE NYC
5,GREAT KILLS,01 ONE FAMILY DWELLINGS,1,5283,59,A2,223 ROBINSON AVENUE,10312.0,1.0,0.0,1.0,4000.0,888.0,1955.0,1,A2,540000,2019-06-14,statenisland,223 ROBINSON AVENUE NYC
4,SPRINGFIELD GARDENS,02 TWO FAMILY DWELLINGS,1,13284,119,B3,167-26 144 TERRACE,11434.0,2.0,0.0,2.0,3885.0,1837.0,1960.0,1,B3,749000,2019-02-11,queens,167-26 144 TERRACE NYC
5,CONCORD,01 ONE FAMILY DWELLINGS,1,2879,57,A5,536 TARGEE STREET,10304.0,1.0,0.0,1.0,1736.0,1066.0,2004.0,1,A5,375000,2019-12-16,statenisland,536 TARGEE STREET NYC
5,WOODROW,01 ONE FAMILY DWELLINGS,1,6968,40,A5,1097 RENSSELAER AVENUE,10309.0,1.0,0.0,1.0,2692.0,1592.0,1998.0,1,A5,676000,2019-09-11,statenisland,1097 RENSSELAER AVENUE NYC
4,LAURELTON,01 ONE FAMILY DWELLINGS,1,12860,66,A2,121-44 234TH STREET,11422.0,1.0,0.0,1.0,3960.0,999.0,1950.0,1,A2,520000,2019-06-18,queens,121-44 234TH STREET NYC
4,LONG ISLAND CITY,02 TWO FAMILY DWELLINGS,1,600,111,B9,36-43 31ST STREET,11106.0,2.0,0.0,2.0,2725.0,3446.0,1935.0,1,B9,900000,2019-02-01,queens,36-43 31ST STREET NYC
3,CONEY ISLAND,01 ONE FAMILY DWELLINGS,1,7006,25,A5,2852 WEST 33 STREET,11224.0,1.0,0.0,1.0,2573.0,1444.0,1988.0,1,A5,460000,2019-11-26,brooklyn,2852 WEST 33 STREET NYC
4,MASPETH,02 TWO FAMILY DWELLINGS,1,2771,30,B2,62-42 64TH STREET,11379.0,2.0,0.0,2.0,2997.0,1720.0,1920.0,1,B2,720000,2019-05-08,queens,62-42 64TH STREET NYC
3,OLD MILL BASIN,01 ONE FAMILY DWELLINGS,1,7883,56,A1,1328 E 59TH STREET,11234.0,1.0,0.0,1.0,2000.0,1230.0,1920.0,1,A1,520000,2019-10-23,brooklyn,1328 E 59TH STREET NYC
4,SOUTH JAMAICA,01 ONE FAMILY DWELLINGS,1,10258,130,A1,108-25 174TH STREET,11433.0,1.0,0.0,1.0,2500.0,1828.0,1920.0,1,A1,460000,2019-10-25,queens,108-25 174TH STREET NYC
3,SHEEPSHEAD BAY,01 ONE FAMILY DWELLINGS,1,7382,118,A5,4298 BEDFORD AVENUE,11229.0,1.0,0.0,1.0,2000.0,2277.0,1940.0,1,A5,720000,2019-11-01,brooklyn,4298 BEDFORD AVENUE NYC
5,GREAT KILLS,01 ONE FAMILY DWELLINGS,1,5452,46,A5,19 SACCHERI COURT,10308.0,1.0,0.0,1.0,697.0,1025.0,1990.0,1,A5,608446,2019-10-28,statenisland,19 SACCHERI COURT NYC
3,CANARSIE,01 ONE FAMILY DWELLINGS,1,8167,40,A1,9818 FARRAGUT ROAD,11236.0,1.0,0.0,1.0,3280.0,960.0,1930.0,1,A1,384000,2019-08-21,brooklyn,9818 FARRAGUT ROAD NYC
4,ROSEDALE,01 ONE FAMILY DWELLINGS,1,13647,80,A5,253-16 147TH AVENUE,11422.0,1.0,0.0,1.0,3965.0,1440.0,1960.0,1,A5,355000,2019-04-18,queens,253-16 147TH AVENUE NYC
5,DONGAN HILLS-COLONY,01 ONE FAMILY DWELLINGS,1,839,25,A1,112 EMERSON COURT,10304.0,1.0,0.0,1.0,3999.0,3588.0,1965.0,1,A1,750000,2019-12-23,statenisland,112 EMERSON COURT NYC
3,BEDFORD STUYVESANT,02 TWO FAMILY DWELLINGS,1,1592,51,B1,36A STUYVESANT AVENUE,11221.0,2.0,0.0,2.0,1900.0,1880.0,1987.0,1,B1,780000,2019-01-30,brooklyn,36A STUYVESANT AVENUE NYC
4,LAURELTON,01 ONE FAMILY DWELLINGS,1,12960,23,A1,221-06 133RD AVENUE,11413.0,1.0,0.0,1.0,3800.0,2392.0,1920.0,1,A1,500000,2019-02-15,queens,221-06 133RD AVENUE NYC
5,OAKWOOD-BEACH,01 ONE FAMILY DWELLINGS,1,4007,27,A1,483 OAK AVENUE,10306.0,1.0,0.0,1.0,4860.0,928.0,1920.0,1,A1,426950,2019-10-22,statenisland,483 OAK AVENUE NYC
5,BULLS HEAD,02 TWO FAMILY DWELLINGS,1,1599,59,B2,252 ARLENE STREET,10314.0,2.0,0.0,2.0,4000.0,2431.0,1970.0,1,B2,400000,2019-06-07,statenisland,252 ARLENE STREET NYC
3,FLATBUSH-EAST,01 ONE FAMILY DWELLINGS,1,7613,48,A1,3118 AVENUE J,11210.0,1.0,0.0,1.0,3000.0,2104.0,1925.0,1,A1,889000,2019-10-11,brooklyn,3118 AVENUE J NYC
2,MORRISANIA/LONGWOOD,03 THREE FAMILY DWELLINGS,1,2754,139,C0,1157 LONGFELLOW AVENUE,10459.0,3.0,0.0,3.0,1767.0,3360.0,2004.0,1,C0,850000,2019-08-21,bronx,1157 LONGFELLOW AVENUE NYC
4,RICHMOND HILL,02 TWO FAMILY DWELLINGS,1,9543,27,B3,107-44 106TH STREET,11417.0,2.0,0.0,2.0,4000.0,1514.0,1920.0,1,B3,400000,2019-10-11,queens,107-44 106TH STREET NYC
3,MADISON,01 ONE FAMILY DWELLINGS,1,7341,36,A5,2071 BRAGG STREET,11229.0,1.0,0.0,1.0,1440.0,1782.0,1935.0,1,A5,679000,2019-11-18,brooklyn,2071 BRAGG STREET NYC
4,HOLLISWOOD,01 ONE FAMILY DWELLINGS,1,10499,118,A1,188-15 87 DR,11423.0,1.0,0.0,1.0,3520.0,1625.0,1930.0,1,A1,690000,2019-04-04,queens,188-15 87 DR NYC
4,ST. ALBANS,02 TWO FAMILY DWELLINGS,1,11062,104,B2,116-37 191ST STREET,11412.0,2.0,0.0,2.0,4000.0,2392.0,1990.0,1,B2,440000,2019-01-29,queens,116-37 191ST STREET NYC
4,JAMAICA,01 ONE FAMILY DWELLINGS,1,10012,11,A1,97-18 BRISBIN STREET,11435.0,1.0,0.0,1.0,2500.0,1328.0,1925.0,1,A1,565000,2019-09-18,queens,97-18 BRISBIN STREET NYC
3,FLATBUSH-EAST,01 ONE FAMILY DWELLINGS,1,4909,4,A1,4110 SNYDER AVENUE,11203.0,1.0,0.0,1.0,2000.0,1288.0,1920.0,1,A1,650000,2019-01-30,brooklyn,4110 SNYDER AVENUE NYC
2,WESTCHESTER,02 TWO FAMILY DWELLINGS,1,4079,21,B2,2568 POPLAR ST,10461.0,2.0,0.0,2.0,3331.0,3300.0,1901.0,1,B2,710000,2019-12-20,bronx,2568 POPLAR ST NYC
4,SO. JAMAICA-BAISLEY PARK,01 ONE FAMILY DWELLINGS,1,12201,66,A1,150-65 116TH ROAD,11434.0,1.0,0.0,1.0,2000.0,896.0,1920.0,1,A1,490000,2019-12-27,queens,150-65 116TH ROAD NYC
5,PORT RICHMOND,01 ONE FAMILY DWELLINGS,1,1029,19,A1,39 PALMER AVENUE,10302.0,1.0,0.0,1.0,3742.0,1724.0,1940.0,1,A1,499000,2019-03-01,statenisland,39 PALMER AVENUE NYC
4,BRIARWOOD,01 ONE FAMILY DWELLINGS,1,9724,49,A1,85-34 148 ST,11435.0,1.0,0.0,1.0,4008.0,2206.0,1930.0,1,A1,915000,2019-07-16,queens,85-34 148 ST NYC
5,NEW DORP-HEIGHTS,01 ONE FAMILY DWELLINGS,1,4338,33,A5,30 MOBILE AVENUE,10306.0,1.0,0.0,1.0,2692.0,1360.0,1965.0,1,A5,550000,2019-05-02,statenisland,30 MOBILE AVENUE NYC
4,ASTORIA,01 ONE FAMILY DWELLINGS,1,859,64,A5,20-36 28TH STREET,11105.0,1.0,0.0,1.0,1600.0,960.0,1945.0,1,A5,1095000,2019-02-19,queens,20-36 28TH STREET NYC
2,BAYCHESTER,02 TWO FAMILY DWELLINGS,1,4967,32,B3,4005 SECOR AVENUE,10466.0,2.0,0.0,2.0,2480.0,1409.0,1930.0,1,B3,685336,2019-02-07,bronx,4005 SECOR AVENUE NYC
2,MORRISANIA/LONGWOOD,01 ONE FAMILY DWELLINGS,1,2699,19,A2,968 ROGERS PLACE,10459.0,1.0,0.0,1.0,1980.0,510.0,1901.0,1,A1,315000,2019-06-28,bronx,968 ROGERS PLACE NYC
4,WOODHAVEN,02 TWO FAMILY DWELLINGS,1,8898,9,B1,74-28 87TH AVENUE,11421.0,2.0,0.0,2.0,2000.0,2080.0,1901.0,1,B1,946000,2019-11-15,queens,74-28 87TH AVENUE NYC
2,WAKEFIELD,02 TWO FAMILY DWELLINGS,1,5056,54,B1,4353 BAYCHESTER AVENUE,10466.0,2.0,0.0,2.0,2188.0,2984.0,1965.0,1,B1,715000,2019-07-29,bronx,4353 BAYCHESTER AVENUE NYC
5,NEW BRIGHTON,03 THREE FAMILY DWELLINGS,1,36,15,C0,134 SCRIBNER AVENUE,10301.0,3.0,0.0,3.0,1604.0,2310.0,2013.0,1,C0,585000,2019-02-12,statenisland,134 SCRIBNER AVENUE NYC
3,FLATBUSH-EAST,03 THREE FAMILY DWELLINGS,1,4949,41,C0,1296 NEW YORK AVENUE,11203.0,3.0,0.0,3.0,4015.0,2933.0,1910.0,1,C0,310000,2019-05-29,brooklyn,1296 NEW YORK AVENUE NYC
4,FLUSHING-SOUTH,02 TWO FAMILY DWELLINGS,1,6823,96,B3,158-19 75TH ROAD,11366.0,2.0,0.0,2.0,2000.0,1264.0,1930.0,1,B3,712000,2019-12-27,queens,158-19 75TH ROAD NYC
2,WILLIAMSBRIDGE,02 TWO FAMILY DWELLINGS,1,4860,72,B2,944 EAST 225 STREET,10466.0,2.0,0.0,2.0,2735.0,2764.0,1905.0,1,B2,310000,2019-07-10,bronx,944 EAST 225 STREET NYC
2,EAST TREMONT,02 TWO FAMILY DWELLINGS,1,2955,130,B1,818 ELSMERE PLACE,10460.0,2.0,0.0,2.0,1666.0,2700.0,2007.0,1,B1,780000,2019-12-05,bronx,818 ELSMERE PLACE NYC
2,MOTT HAVEN/PORT MORRIS,14 RENTALS - 4-10 UNIT,2A,2287,7,S9,370 WILLIS AVENUE,10454.0,2.0,2.0,4.0,2000.0,3560.0,1931.0,2,S9,777839,2019-08-19,bronx,370 WILLIS AVENUE NYC
4,ASTORIA,02 TWO FAMILY DWELLINGS,1,739,81,B3,30-82 49TH STRET,11103.0,2.0,0.0,2.0,1480.0,2095.0,1955.0,1,B3,815000,2019-01-24,queens,30-82 49TH STRET NYC
4,QUEENS VILLAGE,03 THREE FAMILY DWELLINGS,1,7970,113,C0,89-51 PONTIAC STREET,11427.0,3.0,0.0,3.0,3100.0,3190.0,1975.0,1,C0,939999,2019-05-13,queens,89-51 PONTIAC STREET NYC
5,GREAT KILLS,01 ONE FAMILY DWELLINGS,1,4474,80,A5,63 CORONA AVENUE,10306.0,1.0,0.0,1.0,2500.0,1920.0,1986.0,1,A5,660000,2019-06-26,statenisland,63 CORONA AVENUE NYC
3,FLATBUSH-EAST,02 TWO FAMILY DWELLINGS,1,4783,64,B1,937 EAST 48TH STREET,11203.0,2.0,0.0,2.0,1600.0,1740.0,1940.0,1,B1,550000,2019-01-18,brooklyn,937 EAST 48TH STREET NYC
4,BRIARWOOD,01 ONE FAMILY DWELLINGS,1,9710,73,A9,139-69 86TH AVENUE,11435.0,1.0,0.0,1.0,2800.0,1093.0,1910.0,1,A9,530000,2019-05-06,queens,139-69 86TH AVENUE NYC
2,THROGS NECK,02 TWO FAMILY DWELLINGS,1,5501,32,B1,176 KEARNEY AVE,10465.0,2.0,0.0,2.0,1800.0,1728.0,1950.0,1,B1,699000,2019-07-01,bronx,176 KEARNEY AVE NYC
5,PORT RICHMOND,01 ONE FAMILY DWELLINGS,1,1141,121,A9,562 VILLA AVENUE,10302.0,1.0,0.0,1.0,2900.0,1016.0,1935.0,1,A9,360000,2019-10-30,statenisland,562 VILLA AVENUE NYC
3,BEDFORD STUYVESANT,02 TWO FAMILY DWELLINGS,1,1830,55,B3,389 JEFFERSON AVENUE,11221.0,2.0,0.0,2.0,2000.0,3360.0,1915.0,1,B3,1420000,2019-10-02,brooklyn,389 JEFFERSON AVENUE NYC
4,BAYSIDE,01 ONE FAMILY DWELLINGS,1,6151,19,A0,36-30 203RD STREET,11361.0,1.0,0.0,1.0,4000.0,1040.0,1945.0,1,A0,700000,2019-11-27,queens,36-30 203RD STREET NYC
4,BAYSIDE,01 ONE FAMILY DWELLINGS,1,7360,40,A0,48-29 201ST STREET,11364.0,1.0,0.0,1.0,4400.0,1280.0,1950.0,1,A0,650000,2019-02-12,queens,48-29 201ST STREET NYC
3,BUSHWICK,03 THREE FAMILY DWELLINGS,1,3339,14,C0,1114 GATES AVE,11221.0,3.0,0.0,3.0,2000.0,3300.0,1905.0,1,C0,1150000,2019-05-24,brooklyn,1114 GATES AVE NYC
4,SPRINGFIELD GARDENS,01 ONE FAMILY DWELLINGS,1,12471,6,A5,120-11 179 STREET,11434.0,1.0,0.0,1.0,2000.0,1280.0,1932.0,1,A5,450000,2019-09-30,queens,120-11 179 STREET NYC
2,MORRISANIA/LONGWOOD,02 TWO FAMILY DWELLINGS,1,2685,122,B2,567 BECK STREET,10455.0,2.0,0.0,2.0,2077.0,2340.0,1990.0,1,B2,700000,2019-09-27,bronx,567 BECK STREET NYC
4,ST. ALBANS,01 ONE FAMILY DWELLINGS,1,10388,18,A1,189-28 QUENCER ROAD,11412.0,1.0,0.0,1.0,4000.0,2520.0,1995.0,1,A1,320000,2019-05-28,queens,189-28 QUENCER ROAD NYC
4,JACKSON HEIGHTS,01 ONE FAMILY DWELLINGS,1,1246,60,A2,33-13 73RD STREET,11372.0,1.0,0.0,1.0,2200.0,1500.0,1940.0,1,A2,795000,2019-03-28,queens,33-13 73RD STREET NYC
5,GRANT CITY,01 ONE FAMILY DWELLINGS,1,3592,39,A5,56 LINCOLN AVENUE,10306.0,1.0,0.0,1.0,1800.0,1100.0,1992.0,1,A5,500000,2019-05-31,statenisland,56 LINCOLN AVENUE NYC
5,WOODROW,01 ONE FAMILY DWELLINGS,1,7074,73,A5,23 ASHLEY LANE,10309.0,1.0,0.0,1.0,707.0,1900.0,1994.0,1,A5,355000,2019-01-07,statenisland,23 ASHLEY LANE NYC
4,EAST ELMHURST,03 THREE FAMILY DWELLINGS,1,1691,53,C0,31-17 104 STREET,11369.0,3.0,0.0,3.0,4000.0,2352.0,1920.0,1,C0,950000,2019-09-03,queens,31-17 104 STREET NYC
3,BEDFORD STUYVESANT,02 TWO FAMILY DWELLINGS,1,1942,21,B3,514 DEKALB AVENUE,11205.0,2.0,0.0,2.0,1667.0,1680.0,1901.0,1,B3,1300000,2019-04-18,brooklyn,514 DEKALB AVENUE NYC
4,JACKSON HEIGHTS,01 ONE FAMILY DWELLINGS,1,1387,53,A5,30-39 89TH STREET,11369.0,1.0,0.0,1.0,2042.0,1500.0,1930.0,1,A5,327631,2019-02-01,queens,30-39 89TH STREET NYC
4,WOODHAVEN,02 TWO FAMILY DWELLINGS,1,8978,12,B3,91-14 85TH STREET,11421.0,2.0,0.0,2.0,2000.0,1328.0,1920.0,1,B3,680000,2019-09-19,queens,91-14 85TH STREET NYC
3,BERGEN BEACH,03 THREE FAMILY DWELLINGS,1,8353,52,C0,6605 AVENUE M,11234.0,3.0,0.0,3.0,4215.0,3248.0,1970.0,1,C0,1175000,2019-03-20,brooklyn,6605 AVENUE M NYC
3,BAY RIDGE,03 THREE FAMILY DWELLINGS,1,6019,30,C0,556 83RD STREET,11209.0,3.0,0.0,3.0,2400.0,2560.0,1925.0,1,C0,1500000,2019-03-12,brooklyn,556 83RD STREET NYC
4,SOUTH OZONE PARK,01 ONE FAMILY DWELLINGS,1,11726,31,A1,130-11 LEFFERTS BOULEVARD,11420.0,1.0,0.0,1.0,2320.0,1234.0,1925.0,1,A1,450000,2019-03-08,queens,130-11 LEFFERTS BOULEVARD NYC
3,FLATBUSH-EAST,02 TWO FAMILY DWELLINGS,1,4886,54,B2,37 EAST 32ND STREET,11226.0,2.0,0.0,2.0,2417.0,2280.0,1925.0,1,B2,899000,2019-10-21,brooklyn,37 EAST 32ND STREET NYC
2,WILLIAMSBRIDGE,02 TWO FAMILY DWELLINGS,1,4840,17,B1,761 EAST 226 STREET,10466.0,2.0,0.0,2.0,2856.0,1684.0,1920.0,1,B1,699000,2019-09-18,bronx,761 EAST 226 STREET NYC
4,MIDDLE VILLAGE,02 TWO FAMILY DWELLINGS,1,2923,20,B1,69-30 61ST ROAD,11379.0,2.0,0.0,2.0,2036.0,1944.0,1960.0,1,B1,930000,2019-06-10,queens,69-30 61ST ROAD NYC
4,FLUSHING-NORTH,01 ONE FAMILY DWELLINGS,1,5585,27,A0,173-44 47TH AVENUE,11358.0,1.0,0.0,1.0,4000.0,1075.0,1950.0,1,A0,778000,2019-09-06,queens,173-44 47TH AVENUE NYC
4,SPRINGFIELD GARDENS,01 ONE FAMILY DWELLINGS,1,12679,8,A2,120-08 196 STREET,11412.0,1.0,0.0,1.0,4000.0,1350.0,1945.0,1,A2,335000,2019-02-28,queens,120-08 196 STREET NYC
4,ST. ALBANS,02 TWO FAMILY DWELLINGS,1,12629,36,B3,200-11 119TH AVENUE,11412.0,2.0,0.0,2.0,2500.0,1568.0,1920.0,1,B3,389000,2019-08-06,queens,200-11 119TH AVENUE NYC
3,OCEAN PARKWAY-NORTH,01 ONE FAMILY DWELLINGS,1,6513,60,A1,863 EAST 10TH STREET,11230.0,1.0,0.0,1.0,3000.0,1512.0,1925.0,1,A1,1200000,2019-10-30,brooklyn,863 EAST 10TH STREET NYC
3,CONEY ISLAND,01 ONE FAMILY DWELLINGS,1,7013,41,A5,2876 WEST 25TH STREET,11224.0,1.0,0.0,1.0,1652.0,1344.0,1989.0,1,A5,500000,2019-11-18,brooklyn,2876 WEST 25TH STREET NYC
2,SCHUYLERVILLE/PELHAM BAY,03 THREE FAMILY DWELLINGS,1,4166,29,C0,1609 CROSBY AVENUE,10461.0,3.0,0.0,3.0,2467.0,3192.0,1925.0,1,C0,570000,2019-01-23,bronx,1609 CROSBY AVENUE NYC
5,MARINERS HARBOR,01 ONE FAMILY DWELLINGS,1,1125,45,A5,45 MORNINGSTAR ROAD,10303.0,1.0,0.0,1.0,1920.0,1000.0,2003.0,1,A5,451570,2019-04-08,statenisland,45 MORNINGSTAR ROAD NYC
3,BAY RIDGE,02 TWO FAMILY DWELLINGS,1,6063,62,B2,233 90TH STREET,11209.0,2.0,0.0,2.0,2425.0,2240.0,1920.0,1,B2,1400000,2019-08-14,brooklyn,233 90TH STREET NYC
5,CASTLETON CORNERS,01 ONE FAMILY DWELLINGS,1,373,128,A5,90 CHANDLER AVENUE,10314.0,1.0,0.0,1.0,2000.0,960.0,1950.0,1,A5,423000,2019-02-12,statenisland,90 CHANDLER AVENUE NYC
4,CAMBRIA HEIGHTS,01 ONE FAMILY DWELLINGS,1,12781,124,A1,119-26 222ND STREET,11411.0,1.0,0.0,1.0,3900.0,1536.0,1945.0,1,A1,440000,2019-02-08,queens,119-26 222ND STREET NYC
5,MIDLAND BEACH,01 ONE FAMILY DWELLINGS,1,3745,13,A5,320 POULTNEY STREET,10306.0,1.0,0.0,1.0,2375.0,1535.0,2018.0,1,A5,610950,2019-07-16,statenisland,320 POULTNEY STREET NYC
4,HOLLIS,01 ONE FAMILY DWELLINGS,1,10366,31,A5,102-42 188TH STREET,11423.0,1.0,0.0,1.0,2000.0,1320.0,1940.0,1,A5,508605,2019-02-06,queens,102-42 188TH STREET NYC
3,FLATBUSH-NORTH,02 TWO FAMILY DWELLINGS,1,4589,129,B1,809 MIDWOOD STREET,11203.0,2.0,0.0,2.0,3100.0,2992.0,1945.0,1,B1,990000,2019-01-22,brooklyn,809 MIDWOOD STREET NYC
4,SOUTH OZONE PARK,02 TWO FAMILY DWELLINGS,1,11598,28,B3,109-44 118TH STREET,11420.0,2.0,0.0,2.0,3907.0,1910.0,1920.0,1,B3,650000,2019-08-06,queens,109-44 118TH STREET NYC
3,MARINE PARK,01 ONE FAMILY DWELLINGS,1,7866,64,S1,2068 FLATBUSH AVENUE,11234.0,1.0,1.0,2.0,2000.0,2560.0,1931.0,1,S1,1075000,2019-02-07,brooklyn,2068 FLATBUSH AVENUE NYC
2,BRONXDALE,02 TWO FAMILY DWELLINGS,1,4564,27,B9,2736 SEXTON PLACE,10469.0,2.0,0.0,2.0,2375.0,2160.0,1935.0,1,B9,740000,2019-08-30,bronx,2736 SEXTON PLACE NYC
5,MIDLAND BEACH,01 ONE FAMILY DWELLINGS,1,3792,1,A6,591 HUNTER AVENUE,10306.0,1.0,0.0,1.0,2871.0,1175.0,1930.0,1,A6,455000,2019-12-17,statenisland,591 HUNTER AVENUE NYC
4,FLUSHING-SOUTH,01 ONE FAMILY DWELLINGS,1,6662,24,A5,144-38 72ND DRIVE,11367.0,1.0,0.0,1.0,1900.0,1360.0,1940.0,1,A5,800000,2019-12-02,queens,144-38 72ND DRIVE NYC
3,MARINE PARK,01 ONE FAMILY DWELLINGS,1,7712,19,A1,1741 MADISON PLACE,11229.0,1.0,0.0,1.0,3183.0,1374.0,1920.0,1,A1,865000,2019-08-19,brooklyn,1741 MADISON PLACE NYC
5,CLOVE LAKES,01 ONE FAMILY DWELLINGS,1,329,14,A1,43 SANFORD PLACE,10314.0,1.0,0.0,1.0,4230.0,1708.0,1960.0,1,A1,782000,2019-11-15,statenisland,43 SANFORD PLACE NYC
3,CANARSIE,02 TWO FAMILY DWELLINGS,1,8074,36,B1,1302 EAST 84TH STREET,11236.0,2.0,0.0,2.0,2600.0,3450.0,1960.0,1,B1,699000,2019-12-18,brooklyn,1302 EAST 84TH STREET NYC
4,ASTORIA,02 TWO FAMILY DWELLINGS,1,629,36,B1,28-40 36TH STREET,11103.0,2.0,0.0,2.0,2500.0,1960.0,1925.0,1,B1,1430000,2019-01-28,queens,28-40 36TH STREET NYC
4,ELMHURST,01 ONE FAMILY DWELLINGS,1,2480,38,A5,52-66 70TH STREET,11378.0,1.0,0.0,1.0,2100.0,1360.0,1960.0,1,A5,760000,2019-01-23,queens,52-66 70TH STREET NYC
3,MILL BASIN,01 ONE FAMILY DWELLINGS,1,8647,25,A5,2629 EAST 63RD STREET,11234.0,1.0,0.0,1.0,1992.0,2384.0,1960.0,1,A5,750000,2019-11-07,brooklyn,2629 EAST 63RD STREET NYC
4,SOUTH JAMAICA,01 ONE FAMILY DWELLINGS,1,12167,57,A2,153-19 112TH AVENUE,11433.0,1.0,0.0,1.0,2000.0,820.0,1940.0,1,A2,435000,2019-06-26,queens,153-19 112TH AVENUE NYC
5,OAKWOOD-BEACH,02 TWO FAMILY DWELLINGS,1,4000,33,B9,361 OAK AVENUE,10306.0,2.0,0.0,2.0,2590.0,1482.0,1999.0,1,B9,676200,2019-09-13,statenisland,361 OAK AVENUE NYC
4,ASTORIA,01 ONE FAMILY DWELLINGS,1,702,59,A2,25-38 44TH STREET,11103.0,1.0,0.0,1.0,2500.0,792.0,1910.0,1,A2,550500,2019-11-22,queens,25-38 44TH STREET NYC
4,FLUSHING-SOUTH,01 ONE FAMILY DWELLINGS,1,6710,61,A5,150-44 78 AVENUE,11367.0,1.0,0.0,1.0,2700.0,1360.0,1945.0,1,A5,810000,2019-02-06,queens,150-44 78 AVENUE NYC
3,MIDWOOD,03 THREE FAMILY DWELLINGS,1,6715,21,C0,1038 EAST 14TH STREET,11230.0,3.0,0.0,3.0,3333.0,3089.0,1910.0,1,C0,725000,2019-12-12,brooklyn,1038 EAST 14TH STREET NYC
3,MADISON,02 TWO FAMILY DWELLINGS,1,7690,97,B3,2950 NOSTRAND AVENUE,11229.0,2.0,0.0,2.0,2191.0,1864.0,1945.0,1,B3,553500,2019-02-28,brooklyn,2950 NOSTRAND AVENUE NYC
4,SOUTH JAMAICA,01 ONE FAMILY DWELLINGS,1,10207,10,A9,111-39 169TH STREET,11433.0,1.0,0.0,1.0,4000.0,740.0,1940.0,1,A9,375000,2019-03-14,queens,111-39 169TH STREET NYC
3,BAY RIDGE,02 TWO FAMILY DWELLINGS,1,5863,57,B1,357 BAY RIDGE AVENUE,11220.0,2.0,0.0,2.0,2000.0,2140.0,1915.0,1,B1,980000,2019-06-19,brooklyn,357 BAY RIDGE AVENUE NYC
2,BAYCHESTER,01 ONE FAMILY DWELLINGS,1,4715,3,A9,1454 STICKNEY PLACE,10469.0,1.0,0.0,1.0,1890.0,1690.0,1950.0,1,A9,460000,2019-09-04,bronx,1454 STICKNEY PLACE NYC
2,WILLIAMSBRIDGE,01 ONE FAMILY DWELLINGS,1,4825,38,A1,641 EAST 223 STREET,10466.0,1.0,0.0,1.0,2742.0,2220.0,1925.0,1,A1,456300,2019-06-05,bronx,641 EAST 223 STREET NYC
2,SOUNDVIEW,07 RENTALS - WALKUP APARTMENTS,2A,3747,47,C3,1163 FTELEY AVENUE,10472.0,4.0,0.0,4.0,2500.0,3200.0,1929.0,2,C3,800000,2019-01-11,bronx,1163 FTELEY AVENUE NYC
4,FLORAL PARK,01 ONE FAMILY DWELLINGS,1,8815,19,A5,86-37 256TH STREET,11001.0,1.0,0.0,1.0,1600.0,1408.0,1960.0,1,A5,540000,2019-03-05,queens,86-37 256TH STREET NYC
4,FAR ROCKAWAY,01 ONE FAMILY DWELLINGS,1,15602,124,A5,223 BEACH 3RD STREET,11691.0,1.0,0.0,1.0,1563.0,3000.0,2004.0,1,A5,780000,2019-10-03,queens,223 BEACH 3RD STREET NYC
4,LAURELTON,02 TWO FAMILY DWELLINGS,1,13181,52,B3,138-30 233RD STREET,11422.0,2.0,0.0,2.0,3142.0,1428.0,1925.0,1,B3,332500,2019-12-24,queens,138-30 233RD STREET NYC
2,SCHUYLERVILLE/PELHAM BAY,02 TWO FAMILY DWELLINGS,1,4231,12,B1,1922 MULFORD AVENUE,10461.0,2.0,0.0,2.0,1900.0,2125.0,1960.0,1,B1,700000,2019-05-21,bronx,1922 MULFORD AVENUE NYC
2,THROGS NECK,01 ONE FAMILY DWELLINGS,1,5577,98,A1,317 REVERE AVENUE,10465.0,1.0,0.0,1.0,2500.0,1056.0,1920.0,1,A1,520000,2019-10-30,bronx,317 REVERE AVENUE NYC
4,JAMAICA,02 TWO FAMILY DWELLINGS,1,9765,112,B1,87-78 160TH STREET,11432.0,2.0,0.0,2.0,1760.0,2208.0,1910.0,1,B1,680000,2019-04-02,queens,87-78 160TH STREET NYC
3,CANARSIE,02 TWO FAMILY DWELLINGS,1,8143,20,B3,971 EAST 93RD STREET,11236.0,2.0,0.0,2.0,2200.0,1431.0,1920.0,1,B3,475000,2019-06-25,brooklyn,971 EAST 93RD STREET NYC
4,JACKSON HEIGHTS,02 TWO FAMILY DWELLINGS,1,1128,64,B1,30-03 79TH STREET,11370.0,2.0,0.0,2.0,2100.0,1806.0,1955.0,1,B1,925000,2019-04-25,queens,30-03 79TH STREET NYC
4,ELMHURST,03 THREE FAMILY DWELLINGS,1,1567,12,C0,42-12 ELBERTSON STREET,11373.0,3.0,0.0,3.0,2500.0,3550.0,1970.0,1,C0,1735000,2019-01-03,queens,42-12 ELBERTSON STREET NYC
4,SOUTH JAMAICA,01 ONE FAMILY DWELLINGS,1,10248,59,A1,171-50 107TH AVENUE,11433.0,1.0,0.0,1.0,2500.0,1080.0,1920.0,1,A1,565000,2019-08-22,queens,171-50 107TH AVENUE NYC
3,CYPRESS HILLS,02 TWO FAMILY DWELLINGS,1,3915,1,B2,59 HALE AVENUE,11208.0,2.0,0.0,2.0,2185.0,2024.0,1910.0,1,B2,310500,2019-05-14,brooklyn,59 HALE AVENUE NYC
5,PORT RICHMOND,01 ONE FAMILY DWELLINGS,1,1095,24,S1,1636 CASTLETON AVENUE,10302.0,1.0,1.0,2.0,2500.0,2100.0,1931.0,1,S1,325000,2019-10-07,statenisland,1636 CASTLETON AVENUE NYC
3,CROWN HEIGHTS,02 TWO FAMILY DWELLINGS,1,1397,76,B1,1775 UNION ST,11213.0,2.0,0.0,2.0,1950.0,3042.0,1901.0,1,B1,750000,2019-11-21,brooklyn,1775 UNION ST NYC
4,FOREST HILLS,01 ONE FAMILY DWELLINGS,1,3211,16,A1,69-20 KESSEL STREET,11375.0,1.0,0.0,1.0,4000.0,1768.0,1920.0,1,A1,1465000,2019-03-12,queens,69-20 KESSEL STREET NYC
4,QUEENS VILLAGE,01 ONE FAMILY DWELLINGS,1,10745,7,A5,92-87 222 STREET,11428.0,1.0,0.0,1.0,2500.0,1368.0,1920.0,1,A5,400000,2019-07-15,queens,92-87 222 STREET NYC
4,EAST ELMHURST,02 TWO FAMILY DWELLINGS,1,1427,26,B2,32-42 98TH STREET,11369.0,2.0,0.0,2.0,3000.0,1980.0,1993.0,1,B2,486432,2019-07-25,queens,32-42 98TH STREET NYC
3,OCEAN PARKWAY-SOUTH,02 TWO FAMILY DWELLINGS,1,7200,34,B1,37 OCEAN COURT,11223.0,2.0,0.0,2.0,2200.0,1734.0,1960.0,1,B1,950000,2019-04-17,brooklyn,37 OCEAN COURT NYC
3,EAST NEW YORK,02 TWO FAMILY DWELLINGS,1,4053,28,B2,292 BERRIMAN ST,11208.0,2.0,0.0,2.0,1875.0,1844.0,1910.0,1,B2,750000,2019-08-13,brooklyn,292 BERRIMAN ST NYC
4,RICHMOND HILL,02 TWO FAMILY DWELLINGS,1,9579,67,B3,104-57 125TH STREET,11419.0,2.0,0.0,2.0,2000.0,1168.0,1920.0,1,B3,530000,2019-09-11,queens,104-57 125TH STREET NYC
4,WOODHAVEN,02 TWO FAMILY DWELLINGS,1,8905,27,B2,87-22 77TH STREET,11421.0,2.0,0.0,2.0,2000.0,2080.0,1910.0,1,B2,820000,2019-02-05,queens,87-22 77TH STREET NYC
4,SO. JAMAICA-BAISLEY PARK,01 ONE FAMILY DWELLINGS,1,12047,49,A1,123-11 144TH STREET,11436.0,1.0,0.0,1.0,2000.0,842.0,1920.0,1,A1,400000,2019-03-01,queens,123-11 144TH STREET NYC
3,CANARSIE,01 ONE FAMILY DWELLINGS,1,7908,121,A5,272 DORSET STREET,11236.0,1.0,0.0,1.0,1440.0,992.0,1940.0,1,A5,425000,2019-07-15,brooklyn,272 DORSET STREET NYC
5,HUGUENOT,02 TWO FAMILY DWELLINGS,1,6334,32,B1,604 IONIA AVENUE,10312.0,2.0,0.0,2.0,4000.0,2000.0,1965.0,1,B1,810000,2019-05-10,statenisland,604 IONIA AVENUE NYC
3,SUNSET PARK,02 TWO FAMILY DWELLINGS,1,768,35,B1,772 47TH STREET,11220.0,2.0,0.0,2.0,3013.0,2200.0,1930.0,1,B1,1150000,2019-01-04,brooklyn,772 47TH STREET NYC
4,LAURELTON,01 ONE FAMILY DWELLINGS,1,12858,24,A5,231-38 125TH AVENUE,11413.0,1.0,0.0,1.0,2100.0,1400.0,1950.0,1,A5,342000,2019-01-14,queens,231-38 125TH AVENUE NYC
4,FLUSHING-SOUTH,01 ONE FAMILY DWELLINGS,1,6979,19,A2,73-11 171 STREET,11366.0,1.0,0.0,1.0,3800.0,1300.0,1960.0,1,A2,945000,2019-09-23,queens,73-11 171 STREET NYC
5,SUNNYSIDE,01 ONE FAMILY DWELLINGS,1,665,29,A5,83 TIOGA STREET,10301.0,1.0,0.0,1.0,3000.0,1776.0,1980.0,1,A5,730000,2019-07-01,statenisland,83 TIOGA STREET NYC
5,MIDLAND BEACH,03 THREE FAMILY DWELLINGS,1,3666,17,C0,43 BOUNDARY AVENUE,10306.0,3.0,0.0,3.0,3567.0,1900.0,1995.0,1,C0,759500,2019-09-16,statenisland,43 BOUNDARY AVENUE NYC
4,FAR ROCKAWAY,02 TWO FAMILY DWELLINGS,1,15793,50,B2,434 BEACH 29TH STREET,11691.0,2.0,0.0,2.0,2786.0,2976.0,2018.0,1,B2,756000,2019-12-30,queens,434 BEACH 29TH STREET NYC
4,RICHMOND HILL,03 THREE FAMILY DWELLINGS,1,9405,6,C0,103-12 97TH AVENUE,11416.0,3.0,0.0,3.0,2516.0,3300.0,2006.0,1,C0,1011122,2019-05-02,queens,103-12 97TH AVENUE NYC
4,ST. ALBANS,02 TWO FAMILY DWELLINGS,1,11063,51,S2,192-17 LINDEN BLVD.,11412.0,2.0,1.0,3.0,1610.0,2614.0,1925.0,1,S2,545000,2019-04-01,queens,192-17 LINDEN BLVD. NYC
4,GLENDALE,02 TWO FAMILY DWELLINGS,1,3843,11,B2,78-75 84TH STREET,11385.0,2.0,0.0,2.0,2642.0,2408.0,1925.0,1,B2,886000,2019-02-15,queens,78-75 84TH STREET NYC
4,ST. ALBANS,02 TWO FAMILY DWELLINGS,1,12644,45,B3,119-51 FARMERS BOULEVARD,11412.0,2.0,0.0,2.0,4108.0,2160.0,2005.0,1,B3,550000,2019-07-17,queens,119-51 FARMERS BOULEVARD NYC
4,ROSEDALE,02 TWO FAMILY DWELLINGS,1,13729,36,B2,235-51 147TH DRIVE,11422.0,2.0,0.0,2.0,4900.0,2444.0,1965.0,1,B2,580000,2019-06-20,queens,235-51 147TH DRIVE NYC
2,COUNTRY CLUB,02 TWO FAMILY DWELLINGS,1,5325,7,B1,3205 FAIRMOUNT AVENUE,10465.0,2.0,0.0,2.0,2000.0,2120.0,1955.0,1,B1,673000,2019-02-06,bronx,3205 FAIRMOUNT AVENUE NYC
3,OCEAN HILL,03 THREE FAMILY DWELLINGS,1,1501,34,C0,88 SARATOGA AVENUE,11233.0,3.0,0.0,3.0,2000.0,4440.0,1910.0,1,C0,1055000,2019-11-25,brooklyn,88 SARATOGA AVENUE NYC
4,BAYSIDE,01 ONE FAMILY DWELLINGS,1,6075,34,A5,199-27 34TH AVENUE,11358.0,1.0,0.0,1.0,1888.0,1080.0,1930.0,1,A5,775000,2019-10-07,queens,199-27 34TH AVENUE NYC
5,WEST NEW BRIGHTON,02 TWO FAMILY DWELLINGS,1,158,132,B9,155 NORTH BURGHER AVE,10310.0,2.0,0.0,2.0,4000.0,1440.0,2003.0,1,B9,403065,2019-12-05,statenisland,155 NORTH BURGHER AVE NYC
4,SPRINGFIELD GARDENS,02 TWO FAMILY DWELLINGS,1,13044,33,B2,140-25 CHARLES LANE,11413.0,2.0,0.0,2.0,3190.0,1424.0,2005.0,1,B2,475000,2019-11-21,queens,140-25 CHARLES LANE NYC
5,DONGAN HILLS,01 ONE FAMILY DWELLINGS,1,3294,31,A5,44 RARITAN AVENUE,10304.0,1.0,0.0,1.0,2500.0,1344.0,1975.0,1,A5,450000,2019-09-18,statenisland,44 RARITAN AVENUE NYC
1,HARLEM-CENTRAL,02 TWO FAMILY DWELLINGS,1,1728,146,B1,16 WEST 131 STREET,10037.0,2.0,0.0,2.0,1274.0,3440.0,1910.0,1,B1,1638905,2019-03-06,manhattan,16 WEST 131 STREET NYC
4,OZONE PARK,02 TWO FAMILY DWELLINGS,1,9148,41,B3,87-09 SUTTER AVENUE,11417.0,2.0,0.0,2.0,2250.0,1084.0,1920.0,1,B3,615000,2019-01-14,queens,87-09 SUTTER AVENUE NYC
5,BULLS HEAD,02 TWO FAMILY DWELLINGS,1,1670,1,B2,633 SOUTH AVENUE,10303.0,2.0,0.0,2.0,4159.0,2574.0,1975.0,1,B2,625000,2019-09-27,statenisland,633 SOUTH AVENUE NYC
4,BAYSIDE,02 TWO FAMILY DWELLINGS,1,6263,14,B3,43-16 203RD STREET,11361.0,2.0,0.0,2.0,4000.0,2106.0,1920.0,1,B3,1260000,2019-02-15,queens,43-16 203RD STREET NYC
4,MIDDLE VILLAGE,01 ONE FAMILY DWELLINGS,1,2824,26,A5,76-29 CALDWELL AVENUE,11379.0,1.0,0.0,1.0,2100.0,1582.0,1940.0,1,A5,670000,2019-05-03,queens,76-29 CALDWELL AVENUE NYC
2,PELHAM PARKWAY NORTH,01 ONE FAMILY DWELLINGS,1,4457,18,A5,2528 YATES AVENUE,10469.0,1.0,0.0,1.0,1800.0,1782.0,1940.0,1,A5,550000,2019-12-12,bronx,2528 YATES AVENUE NYC
3,FLATBUSH-CENTRAL,02 TWO FAMILY DWELLINGS,1,5168,21,B1,236 EAST 25TH STREET,11226.0,2.0,0.0,2.0,2000.0,2388.0,1901.0,1,B1,835000,2019-09-19,brooklyn,236 EAST 25TH STREET NYC
4,JAMAICA HILLS,02 TWO FAMILY DWELLINGS,1,9789,22,B1,84-08 159TH STREET,11432.0,2.0,0.0,2.0,3400.0,2470.0,1940.0,1,B1,850000,2019-02-22,queens,84-08 159TH STREET NYC
2,BAYCHESTER,01 ONE FAMILY DWELLINGS,1,4740,40,A5,3224 FISH AVENUE,10469.0,1.0,0.0,1.0,2500.0,1736.0,1935.0,1,A5,515000,2019-07-31,bronx,3224 FISH AVENUE NYC
3,FLATBUSH-NORTH,02 TWO FAMILY DWELLINGS,1,4589,112,B1,847 MIDWOOD STREET,11203.0,2.0,0.0,2.0,1992.0,1900.0,1945.0,1,B1,880000,2019-09-03,brooklyn,847 MIDWOOD STREET NYC
4,FRESH MEADOWS,01 ONE FAMILY DWELLINGS,1,7174,27,A1,73-48 187TH STREET,11366.0,1.0,0.0,1.0,4000.0,2050.0,1935.0,1,A1,1300000,2019-10-10,queens,73-48 187TH STREET NYC
4,ST. ALBANS,01 ONE FAMILY DWELLINGS,1,12617,17,A2,117-22 197TH STREET,11412.0,1.0,0.0,1.0,4520.0,1125.0,1950.0,1,A2,525000,2019-09-13,queens,117-22 197TH STREET NYC
4,RICHMOND HILL,01 ONE FAMILY DWELLINGS,1,9512,23,A1,103-36 108 STREET,11419.0,1.0,0.0,1.0,3028.0,1638.0,1920.0,1,A1,674082,2019-08-28,queens,103-36 108 STREET NYC
4,RICHMOND HILL,01 ONE FAMILY DWELLINGS,1,9220,37,A1,112-12 MYRTLE AVENUE,11418.0,1.0,0.0,1.0,3415.0,1800.0,1925.0,1,A1,755000,2019-09-30,queens,112-12 MYRTLE AVENUE NYC
3,SUNSET PARK,02 TWO FAMILY DWELLINGS,1,849,56,B9,649 58TH STREET,11220.0,2.0,0.0,2.0,1786.0,1516.0,1915.0,1,B9,1119000,2019-10-22,brooklyn,649 58TH STREET NYC
2,WILLIAMSBRIDGE,02 TWO FAMILY DWELLINGS,1,4841,57,B1,714 EAST 228TH STREET,10466.0,2.0,0.0,2.0,2283.0,1920.0,1960.0,1,B1,730000,2019-04-30,bronx,714 EAST 228TH STREET NYC
2,EAST TREMONT,01 ONE FAMILY DWELLINGS,1,3063,58,A5,590 EAST 182 STREET,10457.0,1.0,0.0,1.0,4318.0,1364.0,1985.0,1,A5,950000,2019-05-29,bronx,590 EAST 182 STREET NYC
5,BULLS HEAD,02 TWO FAMILY DWELLINGS,1,1621,38,B2,59 KINGSBRIDGE AVENUE,10314.0,2.0,0.0,2.0,2450.0,1854.0,1981.0,1,B2,630000,2019-05-01,statenisland,59 KINGSBRIDGE AVENUE NYC
4,OAKLAND GARDENS,01 ONE FAMILY DWELLINGS,1,7618,66,A5,64-29 217TH STREET,11364.0,1.0,0.0,1.0,2658.0,1152.0,1950.0,1,A5,780000,2019-02-07,queens,64-29 217TH STREET NYC
5,MIDLAND BEACH,01 ONE FAMILY DWELLINGS,1,3684,37,A9,370 ADAMS AVE,10306.0,1.0,0.0,1.0,2869.0,1380.0,1980.0,1,A9,660000,2019-07-30,statenisland,370 ADAMS AVE NYC
4,ST. ALBANS,01 ONE FAMILY DWELLINGS,1,10399,23,A1,187-47 TIOGA DRIVE,11412.0,1.0,0.0,1.0,4000.0,1490.0,1930.0,1,A1,518000,2019-11-07,queens,187-47 TIOGA DRIVE NYC
3,BAY RIDGE,02 TWO FAMILY DWELLINGS,1,5867,35,B1,725 BAY RIDGE AVENUE,11220.0,2.0,0.0,2.0,2000.0,2230.0,1925.0,1,B1,1340000,2019-03-07,brooklyn,725 BAY RIDGE AVENUE NYC
4,RICHMOND HILL,01 ONE FAMILY DWELLINGS,1,9544,20,A1,107-28 107TH STREET,11417.0,1.0,0.0,1.0,2168.0,1170.0,1920.0,1,A1,485000,2019-01-17,queens,107-28 107TH STREET NYC
4,MASPETH,01 ONE FAMILY DWELLINGS,1,2368,30,A5,54-18 63RD PLACE,11378.0,1.0,0.0,1.0,1843.0,1916.0,1940.0,1,A5,795000,2019-01-24,queens,54-18 63RD PLACE NYC
4,QUEENS VILLAGE,01 ONE FAMILY DWELLINGS,1,10775,134,A5,102-22 221ST STREET,11429.0,1.0,0.0,1.0,1600.0,1700.0,1960.0,1,A5,460000,2019-05-31,queens,102-22 221ST STREET NYC
3,WINDSOR TERRACE,02 TWO FAMILY DWELLINGS,1,871,70,B1,501 17TH STREET,11215.0,2.0,0.0,2.0,1672.0,2088.0,1920.0,1,B1,1900000,2019-10-29,brooklyn,501 17TH STREET NYC
3,MILL BASIN,01 ONE FAMILY DWELLINGS,1,8598,48,A2,2732 EAST 66TH STREET,11234.0,1.0,0.0,1.0,4067.0,2792.0,1970.0,1,A2,1225000,2019-10-11,brooklyn,2732 EAST 66TH STREET NYC
3,FLATBUSH-EAST,01 ONE FAMILY DWELLINGS,1,4772,62,A9,733 EAST 51ST STREET,11203.0,1.0,0.0,1.0,2500.0,1120.0,1925.0,1,A9,819141,2019-07-24,brooklyn,733 EAST 51ST STREET NYC
3,MANHATTAN BEACH,01 ONE FAMILY DWELLINGS,1,8752,9,A1,153 IRWIN STREET,11235.0,1.0,0.0,1.0,4000.0,2992.0,1940.0,1,A1,1310000,2019-10-29,brooklyn,153 IRWIN STREET NYC
3,EAST NEW YORK,02 TWO FAMILY DWELLINGS,1,4157,68,S2,945 LIBERTY AVENUE,11208.0,2.0,1.0,3.0,1800.0,2700.0,1920.0,1,S2,512500,2019-12-23,brooklyn,945 LIBERTY AVENUE NYC
3,GREENPOINT,03 THREE FAMILY DWELLINGS,1,2541,47,C0,187 JAVA STREET,11222.0,3.0,0.0,3.0,2500.0,2556.0,1915.0,1,C0,1835000,2019-12-10,brooklyn,187 JAVA STREET NYC
4,RICHMOND HILL,01 ONE FAMILY DWELLINGS,1,9446,48,A1,130-05 95TH AVENUE,11419.0,1.0,0.0,1.0,1980.0,1168.0,1920.0,1,A1,540000,2019-10-01,queens,130-05 95TH AVENUE NYC
4,JACKSON HEIGHTS,01 ONE FAMILY DWELLINGS,1,1100,67,A5,24-17 88TH STREET,11369.0,1.0,0.0,1.0,1800.0,1683.0,1950.0,1,A5,628900,2019-01-24,queens,24-17 88TH STREET NYC
4,BAYSIDE,01 ONE FAMILY DWELLINGS,1,6251,37,A1,38-25 218TH STREET,11361.0,1.0,0.0,1.0,4000.0,1660.0,1935.0,1,A1,935000,2019-10-21,queens,38-25 218TH STREET NYC
5,ROSEBANK,01 ONE FAMILY DWELLINGS,1,2980,4,A1,24 THOMPSON PLACE,10305.0,1.0,0.0,1.0,4100.0,1232.0,1910.0,1,A1,650000,2019-06-04,statenisland,24 THOMPSON PLACE NYC
4,JACKSON HEIGHTS,02 TWO FAMILY DWELLINGS,1,1096,63,B3,24-35 84TH STREET,11370.0,2.0,0.0,2.0,2000.0,2200.0,1935.0,1,B3,999000,2019-07-29,queens,24-35 84TH STREET NYC
4,SO. JAMAICA-BAISLEY PARK,01 ONE FAMILY DWELLINGS,1,12085,18,A1,137-25 135TH AVENUE,11436.0,1.0,0.0,1.0,4120.0,1440.0,1925.0,1,A1,700000,2019-03-11,queens,137-25 135TH AVENUE NYC
2,CASTLE HILL/UNIONPORT,01 ONE FAMILY DWELLINGS,1,3690,19,A1,2230 TURNBULL AVENUE,10473.0,1.0,0.0,1.0,3000.0,1550.0,1935.0,1,A1,520000,2019-09-18,bronx,2230 TURNBULL AVENUE NYC
4,FAR ROCKAWAY,01 ONE FAMILY DWELLINGS,1,15656,9,A1,14-34 EGGERT PLACE,11691.0,1.0,0.0,1.0,2500.0,1296.0,1910.0,1,A1,455000,2019-12-05,queens,14-34 EGGERT PLACE NYC
4,SOUTH JAMAICA,02 TWO FAMILY DWELLINGS,1,11937,90,B3,143-60 110TH AVENUE,11435.0,2.0,0.0,2.0,3067.0,2500.0,1920.0,1,B3,705000,2019-03-05,queens,143-60 110TH AVENUE NYC
5,BULLS HEAD,01 ONE FAMILY DWELLINGS,1,1560,36,A5,31 GREENTREE LANE,10314.0,1.0,0.0,1.0,1254.0,1250.0,1984.0,1,A5,356500,2019-04-02,statenisland,31 GREENTREE LANE NYC
4,OZONE PARK,01 ONE FAMILY DWELLINGS,1,11400,31,A1,8823 ALBERT ROAD,11417.0,1.0,0.0,1.0,3000.0,1120.0,1935.0,1,A1,385000,2019-03-08,queens,8823 ALBERT ROAD NYC
5,OAKWOOD-BEACH,01 ONE FAMILY DWELLINGS,1,4723,4,A5,355 CHESTERTON AVENUE,10306.0,1.0,0.0,1.0,2300.0,1152.0,1960.0,1,A5,555000,2019-08-29,statenisland,355 CHESTERTON AVENUE NYC
3,CROWN HEIGHTS,01 ONE FAMILY DWELLINGS,1,1140,8,S1,617 WASHINGTON AVENUE,11238.0,1.0,1.0,2.0,949.0,1382.0,1930.0,1,S1,960000,2019-10-11,brooklyn,617 WASHINGTON AVENUE NYC
4,WHITESTONE,01 ONE FAMILY DWELLINGS,1,4657,13,A1,147-07 23RD AVENUE,11357.0,1.0,0.0,1.0,4003.0,1152.0,1925.0,1,A1,974000,2019-07-18,queens,147-07 23RD AVENUE NYC
3,OCEAN HILL,01 ONE FAMILY DWELLINGS,1,1440,4,S1,303 SARATOGA AVENUE,11233.0,1.0,1.0,2.0,1554.0,2136.0,1927.0,1,S1,875000,2019-06-27,brooklyn,303 SARATOGA AVENUE NYC
4,GLENDALE,02 TWO FAMILY DWELLINGS,1,3685,5,B2,71-01 69TH PLACE,11385.0,2.0,0.0,2.0,2100.0,2240.0,1920.0,1,B2,692000,2019-06-13,queens,71-01 69TH PLACE NYC
2,HIGHBRIDGE/MORRIS HEIGHTS,03 THREE FAMILY DWELLINGS,1,2873,102,C0,1538 NELSON AVENUE,10452.0,3.0,0.0,3.0,1867.0,4375.0,1925.0,1,C0,605000,2019-07-22,bronx,1538 NELSON AVENUE NYC
4,JACKSON HEIGHTS,03 THREE FAMILY DWELLINGS,1,1475,63,C0,37-29 87TH STREET,11372.0,3.0,0.0,3.0,2000.0,2460.0,1920.0,1,C0,998000,2019-05-02,queens,37-29 87TH STREET NYC
5,GREAT KILLS,01 ONE FAMILY DWELLINGS,1,4596,11,A5,410 ARTHUR KILL ROAD,10308.0,1.0,0.0,1.0,805.0,1028.0,1985.0,1,A5,379500,2019-12-03,statenisland,410 ARTHUR KILL ROAD NYC
3,GRAVESEND,01 ONE FAMILY DWELLINGS,1,6912,71,A2,2652 MILL ROAD,11214.0,1.0,0.0,1.0,1580.0,1166.0,1930.0,1,A2,480000,2019-05-24,brooklyn,2652 MILL ROAD NYC
3,MARINE PARK,01 ONE FAMILY DWELLINGS,1,7696,20,A9,1603 EAST 34TH STREET,11234.0,1.0,0.0,1.0,1800.0,1092.0,1925.0,1,A9,645500,2019-11-26,brooklyn,1603 EAST 34TH STREET NYC
4,FLORAL PARK,01 ONE FAMILY DWELLINGS,1,8725,41,A0,269-03 81ST AVENUE,11040.0,1.0,0.0,1.0,4000.0,949.0,1955.0,1,A0,664600,2019-05-07,queens,269-03 81ST AVENUE NYC
3,CANARSIE,02 TWO FAMILY DWELLINGS,1,8085,47,B1,1418 EAST 89TH STREET,11236.0,2.0,0.0,2.0,2392.0,3063.0,1960.0,1,B1,530000,2019-08-14,brooklyn,1418 EAST 89TH STREET NYC
2,WILLIAMSBRIDGE,02 TWO FAMILY DWELLINGS,1,4872,18,B3,1041 EAST 225TH STREET,10466.0,2.0,0.0,2.0,2725.0,3519.0,2000.0,1,B3,735000,2019-10-31,bronx,1041 EAST 225TH STREET NYC
4,SPRINGFIELD GARDENS,01 ONE FAMILY DWELLINGS,1,12992,44,A1,178-31 137TH AVENUE,11434.0,1.0,0.0,1.0,4000.0,1941.0,1925.0,1,A1,575000,2019-12-09,queens,178-31 137TH AVENUE NYC
4,ELMHURST,01 ONE FAMILY DWELLINGS,1,2505,49,A1,53-60 72ND STREET,11378.0,1.0,0.0,1.0,2500.0,1156.0,1920.0,1,A1,885000,2019-12-30,queens,53-60 72ND STREET NYC
5,WILLOWBROOK,01 ONE FAMILY DWELLINGS,1,1979,36,A5,56 DEWHURST STREET,10314.0,1.0,0.0,1.0,3200.0,1332.0,1965.0,1,A5,553000,2019-05-20,statenisland,56 DEWHURST STREET NYC
3,DYKER HEIGHTS,01 ONE FAMILY DWELLINGS,1,5983,43,A5,982 79TH STREET,11228.0,1.0,0.0,1.0,2500.0,1530.0,1920.0,1,A5,920000,2019-12-17,brooklyn,982 79TH STREET NYC
4,RICHMOND HILL,02 TWO FAMILY DWELLINGS,1,9414,5,B3,112-10 95TH AVENUE,11419.0,2.0,0.0,2.0,3200.0,1434.0,1930.0,1,B3,775000,2019-08-13,queens,112-10 95TH AVENUE NYC
4,ELMHURST,01 ONE FAMILY DWELLINGS,1,2882,16,A5,85-11 57 ROAD,11373.0,1.0,0.0,1.0,1800.0,1260.0,1935.0,1,A5,820000,2019-01-02,queens,85-11 57 ROAD NYC
5,HUGUENOT,02 TWO FAMILY DWELLINGS,1,6337,31,B2,160 NIPPON AVENUE,10312.0,2.0,0.0,2.0,4000.0,1950.0,1960.0,1,B2,740000,2019-03-12,statenisland,160 NIPPON AVENUE NYC
4,HOWARD BEACH,03 THREE FAMILY DWELLINGS,1,14207,55,C0,164-20 95TH STREET,11414.0,3.0,0.0,3.0,3557.0,3432.0,1970.0,1,C0,888888,2019-12-23,queens,164-20 95TH STREET NYC
4,GLENDALE,01 ONE FAMILY DWELLINGS,1,3714,4,A9,61-08 COOPER AVENUE,11385.0,1.0,0.0,1.0,1840.0,1242.0,1920.0,1,A9,620000,2019-11-27,queens,61-08 COOPER AVENUE NYC
4,GLEN OAKS,01 ONE FAMILY DWELLINGS,1,8550,67,A2,76-35 HEWLETT STREET,11040.0,1.0,0.0,1.0,4680.0,1031.0,1950.0,1,A2,515000,2019-09-18,queens,76-35 HEWLETT STREET NYC
3,SUNSET PARK,01 ONE FAMILY DWELLINGS,1,897,146,A9,291 22ND STREET,11215.0,1.0,0.0,1.0,1380.0,1964.0,1989.0,1,A9,1675000,2019-03-29,brooklyn,291 22ND STREET NYC
2,THROGS NECK,03 THREE FAMILY DWELLINGS,1,5519,83,C0,234 BLAIR AVENUE,10465.0,3.0,0.0,3.0,3200.0,3400.0,1990.0,1,C0,850000,2019-07-17,bronx,234 BLAIR AVENUE NYC
4,QUEENS VILLAGE,01 ONE FAMILY DWELLINGS,1,10658,61,A5,89-21 215TH STREET,11427.0,1.0,0.0,1.0,2100.0,1278.0,1935.0,1,A5,530000,2019-04-18,queens,89-21 215TH STREET NYC
4,FLUSHING-NORTH,01 ONE FAMILY DWELLINGS,1,5643,1,A2,50-15 188TH STREET,11365.0,1.0,0.0,1.0,4000.0,754.0,1950.0,1,A2,780000,2019-08-01,queens,50-15 188TH STREET NYC
4,MIDDLE VILLAGE,01 ONE FAMILY DWELLINGS,1,2827,10,A5,58-10 80TH STREET,11379.0,1.0,0.0,1.0,1600.0,1240.0,1940.0,1,A5,638000,2019-09-19,queens,58-10 80TH STREET NYC
4,WOODHAVEN,01 ONE FAMILY DWELLINGS,1,8954,4,A5,92-11 78TH STREET,11421.0,1.0,0.0,1.0,1885.0,1232.0,1920.0,1,A5,545000,2019-04-11,queens,92-11 78TH STREET NYC
5,WEST NEW BRIGHTON,01 ONE FAMILY DWELLINGS,1,221,79,A1,150 ELIZABETH STREET,10310.0,1.0,0.0,1.0,2558.0,2292.0,2016.0,1,A1,574999,2019-05-28,statenisland,150 ELIZABETH STREET NYC
3,BAY RIDGE,01 ONE FAMILY DWELLINGS,1,5916,21,A5,156 73RD STREET,11209.0,1.0,0.0,1.0,1950.0,1216.0,1925.0,1,A5,990000,2019-07-26,brooklyn,156 73RD STREET NYC
4,SO. JAMAICA-BAISLEY PARK,02 TWO FAMILY DWELLINGS,1,12024,124,B3,119-18 145TH STREET,11436.0,2.0,0.0,2.0,2000.0,1216.0,1935.0,1,B3,465000,2019-08-22,queens,119-18 145TH STREET NYC
4,ELMHURST,01 ONE FAMILY DWELLINGS,1,2471,65,A2,51-51 GORSLINE STREET,11373.0,1.0,0.0,1.0,2142.0,918.0,1940.0,1,A2,815000,2019-08-27,queens,51-51 GORSLINE STREET NYC
3,CANARSIE,02 TWO FAMILY DWELLINGS,1,8249,7,B1,10307 AVENUE L,11236.0,2.0,0.0,2.0,1927.0,1540.0,1960.0,1,B1,614500,2019-06-28,brooklyn,10307 AVENUE L NYC
4,QUEENS VILLAGE,01 ONE FAMILY DWELLINGS,1,11095,51,A1,217-21 104TH AVENUE,11429.0,1.0,0.0,1.0,1800.0,872.0,1930.0,1,A1,470000,2019-02-05,queens,217-21 104TH AVENUE NYC
2,PELHAM PARKWAY NORTH,01 ONE FAMILY DWELLINGS,1,4382,8,A2,2308 YOUNG,10469.0,1.0,0.0,1.0,3750.0,1300.0,1955.0,1,A2,740000,2019-01-24,bronx,2308 YOUNG NYC
4,BAYSIDE,01 ONE FAMILY DWELLINGS,1,6019,59,A1,28-35 LITTLE NECK BOULEVARD,11360.0,1.0,0.0,1.0,3960.0,1624.0,1965.0,1,A1,850000,2019-03-12,queens,28-35 LITTLE NECK BOULEVARD NYC
4,OZONE PARK,01 ONE FAMILY DWELLINGS,1,8997,40,A5,94-15 75TH STREET,11416.0,1.0,0.0,1.0,1700.0,1145.0,1920.0,1,A5,382500,2019-03-18,queens,94-15 75TH STREET NYC
3,OCEAN PARKWAY-NORTH,02 TWO FAMILY DWELLINGS,1,6665,4,B3,810 QUENTIN ROAD,11223.0,2.0,0.0,2.0,2000.0,1400.0,1915.0,1,B3,675000,2019-06-18,brooklyn,810 QUENTIN ROAD NYC
4,SO. JAMAICA-BAISLEY PARK,02 TWO FAMILY DWELLINGS,1,12370,40,B3,119-34 171ST STREET,11434.0,2.0,0.0,2.0,2200.0,946.0,1945.0,1,B3,421245,2019-03-05,queens,119-34 171ST STREET NYC
4,QUEENS VILLAGE,01 ONE FAMILY DWELLINGS,1,10761,79,A5,217-11 HEMPSTEAD AVENUE,11429.0,1.0,0.0,1.0,1550.0,1528.0,1960.0,1,A5,487500,2019-02-15,queens,217-11 HEMPSTEAD AVENUE NYC
5,RICHMONDTOWN,02 TWO FAMILY DWELLINGS,1,4314,41,B2,203 BISHOP STREET,10306.0,2.0,0.0,2.0,3401.0,1720.0,1980.0,1,B2,595000,2019-09-06,statenisland,203 BISHOP STREET NYC
4,ST. ALBANS,01 ONE FAMILY DWELLINGS,1,12633,26,A5,117-27 203RD STREET,11412.0,1.0,0.0,1.0,2200.0,1000.0,1920.0,1,A5,489113,2019-05-08,queens,117-27 203RD STREET NYC
3,FLATBUSH-NORTH,07 RENTALS - WALKUP APARTMENTS,2A,4630,30,C3,236 EAST 95TH STREET,11212.0,4.0,0.0,4.0,2500.0,3198.0,1931.0,2,C3,950000,2019-04-26,brooklyn,236 EAST 95TH STREET NYC
4,KEW GARDENS,02 TWO FAMILY DWELLINGS,1,3324,3,S2,116-07 METROPOLITAN AVENUE,11418.0,2.0,1.0,3.0,2400.0,2720.0,1927.0,1,S2,1500000,2019-11-22,queens,116-07 METROPOLITAN AVENUE NYC
4,OZONE PARK,02 TWO FAMILY DWELLINGS,1,9044,34,B1,95-21 97TH STREET,11416.0,2.0,0.0,2.0,2000.0,1426.0,1940.0,1,B1,903635,2019-09-27,queens,95-21 97TH STREET NYC
4,HOLLIS,02 TWO FAMILY DWELLINGS,1,10848,24,B3,201-07 100TH AVENUE,11423.0,2.0,0.0,2.0,4000.0,2368.0,1915.0,1,B3,875000,2019-07-19,queens,201-07 100TH AVENUE NYC
3,OCEAN PARKWAY-NORTH,02 TWO FAMILY DWELLINGS,1,6532,14,B1,1210 EAST 7TH STREET,11230.0,2.0,0.0,2.0,2750.0,2280.0,1930.0,1,B1,1550000,2019-06-13,brooklyn,1210 EAST 7TH STREET NYC
4,FLUSHING-NORTH,01 ONE FAMILY DWELLINGS,1,4893,39,A5,29-08 163RD STREET,11358.0,1.0,0.0,1.0,1900.0,1408.0,1945.0,1,A5,664500,2019-11-14,queens,29-08 163RD STREET NYC
4,SOUTH JAMAICA,02 TWO FAMILY DWELLINGS,1,12324,12,B2,112-14 169TH STREET,11433.0,2.0,0.0,2.0,4300.0,2112.0,1965.0,1,B2,600000,2019-10-02,queens,112-14 169TH STREET NYC
4,JAMAICA,02 TWO FAMILY DWELLINGS,1,10211,68,B9,168-65 93RD AVENUE,11433.0,2.0,0.0,2.0,2179.0,1728.0,1910.0,1,B9,650000,2019-01-17,queens,168-65 93RD AVENUE NYC
4,QUEENS VILLAGE,01 ONE FAMILY DWELLINGS,1,7918,72,A1,80-23 232ND STREET,11427.0,1.0,0.0,1.0,4000.0,2001.0,1940.0,1,A1,615000,2019-09-17,queens,80-23 232ND STREET NYC
5,WEST NEW BRIGHTON,02 TWO FAMILY DWELLINGS,1,216,70,B9,123 SENECA STREET,10310.0,2.0,0.0,2.0,1806.0,1192.0,2004.0,1,B9,405000,2019-01-09,statenisland,123 SENECA STREET NYC
4,WOODHAVEN,02 TWO FAMILY DWELLINGS,1,8905,15,B3,86-80 77TH STREET,11421.0,2.0,0.0,2.0,2000.0,1600.0,1915.0,1,B3,590000,2019-08-05,queens,86-80 77TH STREET NYC
4,JAMAICA HILLS,02 TWO FAMILY DWELLINGS,1,9791,53,B3,162-07 84TH DRIVE,11432.0,2.0,0.0,2.0,3450.0,1908.0,1920.0,1,B3,820000,2019-04-23,queens,162-07 84TH DRIVE NYC
3,FLATLANDS,02 TWO FAMILY DWELLINGS,1,7777,20,B1,1299 EAST 51ST STREET,11234.0,2.0,0.0,2.0,3200.0,2009.0,1940.0,1,B1,745000,2019-12-12,brooklyn,1299 EAST 51ST STREET NYC
3,FLATBUSH-NORTH,01 ONE FAMILY DWELLINGS,1,4826,12,A5,556 SCHENECTADY AVENUE,11203.0,1.0,0.0,1.0,2750.0,1800.0,1945.0,1,A5,690432,2019-06-13,brooklyn,556 SCHENECTADY AVENUE NYC
5,ELTINGVILLE,01 ONE FAMILY DWELLINGS,1,5680,15,A5,106 GOLD AVENUE,10312.0,1.0,0.0,1.0,3000.0,1880.0,1970.0,1,A5,460000,2019-10-22,statenisland,106 GOLD AVENUE NYC
3,EAST NEW YORK,02 TWO FAMILY DWELLINGS,1,4001,1,B1,437 CLEVELAND STREET,11208.0,2.0,0.0,2.0,2458.0,2400.0,2017.0,1,B1,855000,2019-03-27,brooklyn,437 CLEVELAND STREET NYC
4,GLENDALE,01 ONE FAMILY DWELLINGS,1,3861,22,A1,88-40 UNION TURNPIKE,11385.0,1.0,0.0,1.0,2700.0,2070.0,1930.0,1,A1,755000,2019-10-29,queens,88-40 UNION TURNPIKE NYC
2,BELMONT,07 RENTALS - WALKUP APARTMENTS,2A,3091,31,C3,2501 CAMBRELENG,10458.0,4.0,0.0,4.0,825.0,2600.0,1931.0,2,C3,799000,2019-11-07,bronx,2501 CAMBRELENG NYC
5,ELTINGVILLE,01 ONE FAMILY DWELLINGS,1,5379,15,A2,222 WOODS OF ARDEN ROAD,10312.0,1.0,0.0,1.0,4000.0,1100.0,1955.0,1,A2,535000,2019-05-13,statenisland,222 WOODS OF ARDEN ROAD NYC
4,QUEENS VILLAGE,03 THREE FAMILY DWELLINGS,1,10764,14,C0,100-14 218TH STREET,11429.0,3.0,0.0,3.0,2400.0,1794.0,1920.0,1,C0,553000,2019-09-27,queens,100-14 218TH STREET NYC
4,RICHMOND HILL,02 TWO FAMILY DWELLINGS,1,9604,35,B3,107-54 125TH STREET,11419.0,2.0,0.0,2.0,2449.0,1568.0,1925.0,1,B3,704900,2019-11-15,queens,107-54 125TH STREET NYC
5,WOODROW,02 TWO FAMILY DWELLINGS,1,7091,21,B9,1590 WOODROW ROAD,10309.0,2.0,0.0,2.0,2603.0,1500.0,1998.0,1,B9,630000,2019-01-03,statenisland,1590 WOODROW ROAD NYC
2,BAYCHESTER,02 TWO FAMILY DWELLINGS,1,4744,61,B2,3352 EASTCHESTER ROAD,10469.0,2.0,0.0,2.0,2365.0,2260.0,1930.0,1,B2,600000,2019-08-28,bronx,3352 EASTCHESTER ROAD NYC
2,SOUNDVIEW,07 RENTALS - WALKUP APARTMENTS,2A,3868,60,C3,1317 HARROD AVENUE,10472.0,4.0,0.0,4.0,2500.0,3240.0,1927.0,2,C3,710000,2019-01-16,bronx,1317 HARROD AVENUE NYC
4,MIDDLE VILLAGE,01 ONE FAMILY DWELLINGS,1,3033,5,A2,73-24 PENELOPE AVENUE,11379.0,1.0,0.0,1.0,3600.0,1304.0,1950.0,1,A2,950000,2019-06-19,queens,73-24 PENELOPE AVENUE NYC
5,NEW SPRINGVILLE,02 TWO FAMILY DWELLINGS,1,2386,41,B9,318 NOME AVENUE,10314.0,2.0,0.0,2.0,3100.0,2154.0,1980.0,1,B9,700000,2019-05-03,statenisland,318 NOME AVENUE NYC
4,BAYSIDE,01 ONE FAMILY DWELLINGS,1,7458,51,A5,58-35 207TH STREET,11364.0,1.0,0.0,1.0,2500.0,1120.0,1950.0,1,A5,670000,2019-07-26,queens,58-35 207TH STREET NYC
4,ELMHURST,02 TWO FAMILY DWELLINGS,1,1847,17,S2,90-58 CORONA AVENUE,11373.0,2.0,1.0,3.0,1980.0,3420.0,1931.0,1,S2,1433000,2019-03-28,queens,90-58 CORONA AVENUE NYC
4,OZONE PARK,02 TWO FAMILY DWELLINGS,1,11386,17,B2,137-32 81 STREET,11414.0,2.0,0.0,2.0,3303.0,2392.0,1965.0,1,B2,970000,2019-11-20,queens,137-32 81 STREET NYC
4,BELLE HARBOR,02 TWO FAMILY DWELLINGS,1,16206,52,B1,422 BEACH 125 STREET,11694.0,2.0,0.0,2.0,4000.0,2064.0,1950.0,1,B1,845000,2019-01-03,queens,422 BEACH 125 STREET NYC
3,BUSHWICK,02 TWO FAMILY DWELLINGS,1,3441,50,B2,195 MOFFAT STREET,11207.0,2.0,0.0,2.0,1900.0,2565.0,1910.0,1,B2,950000,2019-06-28,brooklyn,195 MOFFAT STREET NYC
4,ST. ALBANS,01 ONE FAMILY DWELLINGS,1,11018,69,A5,114-13 201ST STREET,11412.0,1.0,0.0,1.0,2000.0,1200.0,1955.0,1,A5,442000,2019-05-14,queens,114-13 201ST STREET NYC
4,RICHMOND HILL,02 TWO FAMILY DWELLINGS,1,9337,70,B2,87-23 129TH STREET,11418.0,2.0,0.0,2.0,2000.0,1778.0,1920.0,1,B2,630000,2019-09-20,queens,87-23 129TH STREET NYC
4,QUEENS VILLAGE,01 ONE FAMILY DWELLINGS,1,10604,49,A1,94-15 214TH STREET,11428.0,1.0,0.0,1.0,3520.0,1606.0,1930.0,1,A1,620000,2019-09-27,queens,94-15 214TH STREET NYC
3,BROWNSVILLE,01 ONE FAMILY DWELLINGS,1,3569,37,A5,2090 STRAUSS STREET,11212.0,1.0,0.0,1.0,2000.0,1400.0,1930.0,1,A5,436527,2019-07-25,brooklyn,2090 STRAUSS STREET NYC
3,FLATBUSH-EAST,01 ONE FAMILY DWELLINGS,1,4768,63,A9,1215 SCHENECTADY AVENUE,11203.0,1.0,0.0,1.0,2050.0,1498.0,1925.0,1,A9,510000,2019-07-01,brooklyn,1215 SCHENECTADY AVENUE NYC
4,FLUSHING-NORTH,01 ONE FAMILY DWELLINGS,1,6434,11,A5,150-26 60TH AVENUE,11355.0,1.0,0.0,1.0,2100.0,1690.0,1940.0,1,A5,845000,2019-05-22,queens,150-26 60TH AVENUE NYC
5,DONGAN HILLS-COLONY,01 ONE FAMILY DWELLINGS,1,855,14,A2,43 GREENPORT STREET,10304.0,1.0,0.0,1.0,4400.0,1196.0,1960.0,1,A2,800000,2019-03-08,statenisland,43 GREENPORT STREET NYC
3,MIDWOOD,02 TWO FAMILY DWELLINGS,1,6749,35,B3,1464 EAST 12TH STREET,11230.0,2.0,0.0,2.0,4000.0,1701.0,1925.0,1,B3,1300000,2019-08-29,brooklyn,1464 EAST 12TH STREET NYC
4,WOODHAVEN,01 ONE FAMILY DWELLINGS,1,8933,91,A9,87-40 WOODHAVEN BLVD,11421.0,1.0,0.0,1.0,2416.0,1248.0,1910.0,1,A9,660000,2019-08-29,queens,87-40 WOODHAVEN BLVD NYC
5,OAKWOOD,02 TWO FAMILY DWELLINGS,1,4265,54,B1,90 CEDARVIEW AVENUE,10306.0,2.0,0.0,2.0,3000.0,2296.0,1975.0,1,B1,765000,2019-10-09,statenisland,90 CEDARVIEW AVENUE NYC
4,SOUTH OZONE PARK,01 ONE FAMILY DWELLINGS,1,11755,5,A1,131-15 SUTTER AVENUE,11420.0,1.0,0.0,1.0,2994.0,1216.0,1920.0,1,A1,475751,2019-08-01,queens,131-15 SUTTER AVENUE NYC
4,WOODHAVEN,02 TWO FAMILY DWELLINGS,1,8961,17,B3,8110 91ST AVENUE,11421.0,2.0,0.0,2.0,2500.0,1104.0,1930.0,1,B3,480000,2019-02-28,queens,8110 91ST AVENUE NYC
4,WOODHAVEN,01 ONE FAMILY DWELLINGS,1,8965,120,A9,80-62 89TH AVENUE,11421.0,1.0,0.0,1.0,1650.0,1308.0,1920.0,1,A9,600000,2019-09-20,queens,80-62 89TH AVENUE NYC
5,ELTINGVILLE,01 ONE FAMILY DWELLINGS,1,5616,120,A5,34 BENT STREET,10312.0,1.0,0.0,1.0,2500.0,1280.0,1960.0,1,A5,522000,2019-03-28,statenisland,34 BENT STREET NYC
4,FLUSHING-NORTH,01 ONE FAMILY DWELLINGS,1,5427,20,A1,43-39 169TH STREET,11358.0,1.0,0.0,1.0,4000.0,1800.0,1930.0,1,A1,425000,2019-11-13,queens,43-39 169TH STREET NYC
3,CANARSIE,03 THREE FAMILY DWELLINGS,1,8330,7,C0,9516 SCHENCK STREET,11236.0,3.0,0.0,3.0,2100.0,3454.0,1965.0,1,C0,660000,2019-06-06,brooklyn,9516 SCHENCK STREET NYC
3,WILLIAMSBURG-EAST,02 TWO FAMILY DWELLINGS,1,2907,5,B2,26 MASPETH AVENUE,11211.0,2.0,0.0,2.0,1700.0,3000.0,1920.0,1,B2,1332500,2019-09-25,brooklyn,26 MASPETH AVENUE NYC
4,COLLEGE POINT,01 ONE FAMILY DWELLINGS,1,4004,35,A1,11-31 127TH STREET,11356.0,1.0,0.0,1.0,2500.0,1692.0,1950.0,1,A1,760000,2019-10-11,queens,11-31 127TH STREET NYC
2,BAYCHESTER,01 ONE FAMILY DWELLINGS,1,4902,25,A5,1145A EAST 223 STREET,10466.0,1.0,0.0,1.0,2025.0,1534.0,1950.0,1,A5,400000,2019-03-29,bronx,1145A EAST 223 STREET NYC
3,WILLIAMSBURG-EAST,01 ONE FAMILY DWELLINGS,1,2920,8,A9,22 JUDGE STREET,11211.0,1.0,0.0,1.0,1033.0,1050.0,1910.0,1,A9,920000,2019-09-18,brooklyn,22 JUDGE STREET NYC
2,WILLIAMSBRIDGE,03 THREE FAMILY DWELLINGS,1,4870,52,C0,1034 EAST 224 STREET,10466.0,3.0,0.0,3.0,2735.0,1422.0,1930.0,1,C0,630000,2019-06-26,bronx,1034 EAST 224 STREET NYC
5,GREAT KILLS,01 ONE FAMILY DWELLINGS,1,5253,25,A1,12 HOLLY AVENUE,10308.0,1.0,0.0,1.0,3000.0,1014.0,1930.0,1,A1,550000,2019-07-23,statenisland,12 HOLLY AVENUE NYC
4,RICHMOND HILL,01 ONE FAMILY DWELLINGS,1,9414,33,A1,95-62 113TH STREET,11419.0,1.0,0.0,1.0,1858.0,1360.0,1930.0,1,A1,420000,2019-01-15,queens,95-62 113TH STREET NYC
2,HIGHBRIDGE/MORRIS HEIGHTS,03 THREE FAMILY DWELLINGS,1,2532,121,C0,1352 UNIVERSITY AVENUE,10452.0,3.0,0.0,3.0,1575.0,2949.0,2004.0,1,C0,810000,2019-02-28,bronx,1352 UNIVERSITY AVENUE NYC
4,MASPETH,01 ONE FAMILY DWELLINGS,1,2403,19,A5,53-38 67TH STREET,11378.0,1.0,0.0,1.0,1710.0,2122.0,1960.0,1,A5,698000,2019-07-19,queens,53-38 67TH STREET NYC
5,ROSEBANK,01 ONE FAMILY DWELLINGS,1,2984,38,A5,100 REYNOLDS STREET,10305.0,1.0,0.0,1.0,2500.0,1592.0,1997.0,1,A5,675000,2019-04-29,statenisland,100 REYNOLDS STREET NYC
5,GREAT KILLS,01 ONE FAMILY DWELLINGS,1,5448,4,A5,379 DOANE AVENUE,10308.0,1.0,0.0,1.0,3000.0,1312.0,1970.0,1,A9,585000,2019-07-17,statenisland,379 DOANE AVENUE NYC
4,ASTORIA,03 THREE FAMILY DWELLINGS,1,731,55,C0,25-24 48 STREET,11103.0,3.0,0.0,3.0,2000.0,2620.0,1960.0,1,C0,1300000,2019-08-02,queens,25-24 48 STREET NYC
4,FLUSHING-NORTH,01 ONE FAMILY DWELLINGS,1,4921,15,A1,29-20 168TH STREET,11358.0,1.0,0.0,1.0,4000.0,1304.0,1930.0,1,A1,998000,2019-11-07,queens,29-20 168TH STREET NYC
2,WOODLAWN,02 TWO FAMILY DWELLINGS,1,3372,24,B2,4319 KEPLER AVENUE,10470.0,2.0,0.0,2.0,2500.0,2244.0,1915.0,1,B2,695000,2019-08-01,bronx,4319 KEPLER AVENUE NYC
4,COLLEGE POINT,02 TWO FAMILY DWELLINGS,1,3967,17,B2,9-23 123RD STREET,11356.0,2.0,0.0,2.0,2500.0,1596.0,1920.0,1,B2,810000,2019-05-29,queens,9-23 123RD STREET NYC
4,RICHMOND HILL,01 ONE FAMILY DWELLINGS,1,9552,59,A1,107-41 114TH STREET,11419.0,1.0,0.0,1.0,1959.0,1712.0,1935.0,1,A1,425000,2019-10-21,queens,107-41 114TH STREET NYC
3,CANARSIE,03 THREE FAMILY DWELLINGS,1,4755,50,C0,9528 AVENUE A,11236.0,3.0,0.0,3.0,1880.0,2268.0,1920.0,1,C0,800000,2019-06-24,brooklyn,9528 AVENUE A NYC
5,STAPLETON,02 TWO FAMILY DWELLINGS,1,515,96,B2,62 WILLIAM STREET,10304.0,2.0,0.0,2.0,3819.0,2277.0,2018.0,1,B2,911334,2019-06-14,statenisland,62 WILLIAM STREET NYC
1,HARLEM-UPPER,03 THREE FAMILY DWELLINGS,1,2062,124,C0,423 WEST 147 STREET,10031.0,3.0,0.0,3.0,1799.0,4572.0,1901.0,1,C0,531527,2019-05-01,manhattan,423 WEST 147 STREET NYC
4,FLUSHING-NORTH,02 TWO FAMILY DWELLINGS,1,5414,63,B2,43-58 157TH STREET,11355.0,2.0,0.0,2.0,4000.0,2556.0,1930.0,1,B2,1350000,2019-02-14,queens,43-58 157TH STREET NYC
3,MIDWOOD,01 ONE FAMILY DWELLINGS,1,6767,39,A9,1692 EAST 21ST STREET,11210.0,1.0,0.0,1.0,2000.0,1456.0,1920.0,1,A9,965000,2019-06-14,brooklyn,1692 EAST 21ST STREET NYC
3,CANARSIE,01 ONE FAMILY DWELLINGS,1,8298,58,A1,1590 EAST 96TH STREET,11236.0,1.0,0.0,1.0,1918.0,1344.0,1930.0,1,A1,595000,2019-10-23,brooklyn,1590 EAST 96TH STREET NYC
5,NEW DORP,01 ONE FAMILY DWELLINGS,1,4048,25,A5,165 WINHAM AVENUE,10306.0,1.0,0.0,1.0,3100.0,1200.0,1970.0,1,A5,485000,2019-09-30,statenisland,165 WINHAM AVENUE NYC
3,MILL BASIN,01 ONE FAMILY DWELLINGS,1,8612,71,A1,261 ARKANSAS DRIVE,11234.0,1.0,0.0,1.0,4200.0,2506.0,1960.0,1,A1,1085000,2019-01-31,brooklyn,261 ARKANSAS DRIVE NYC
4,ELMHURST,02 TWO FAMILY DWELLINGS,1,2485,18,B3,72-54 CALAMUS AVENUE,11377.0,2.0,0.0,2.0,1980.0,1584.0,1935.0,1,B3,839900,2019-10-11,queens,72-54 CALAMUS AVENUE NYC
2,BRONXDALE,01 ONE FAMILY DWELLINGS,1,4580,48,A5,3043 YATES AVENUE,10469.0,1.0,0.0,1.0,1792.0,1433.0,1960.0,1,A5,324480,2019-03-06,bronx,3043 YATES AVENUE NYC
3,BOROUGH PARK,03 THREE FAMILY DWELLINGS,1,5710,45,C0,1165 60TH STREET,11219.0,3.0,0.0,3.0,2000.0,2820.0,1925.0,1,C0,1300000,2019-11-07,brooklyn,1165 60TH STREET NYC
2,BATHGATE,03 THREE FAMILY DWELLINGS,1,3044,33,C0,1985 BATHGATE AVENUE,10457.0,3.0,0.0,3.0,2022.0,2904.0,2000.0,1,C0,709670,2019-08-12,bronx,1985 BATHGATE AVENUE NYC
5,NEW DORP,01 ONE FAMILY DWELLINGS,1,4031,79,A5,60 MILL ROAD,10306.0,1.0,0.0,1.0,1848.0,1438.0,1990.0,1,A5,508800,2019-09-05,statenisland,60 MILL ROAD NYC
3,CYPRESS HILLS,02 TWO FAMILY DWELLINGS,1,4103,14,B2,25 RICHMOND STREET,11208.0,2.0,0.0,2.0,3750.0,1832.0,1920.0,1,B2,500000,2019-03-27,brooklyn,25 RICHMOND STREET NYC
3,BEDFORD STUYVESANT,03 THREE FAMILY DWELLINGS,1,1775,63,C0,715 DEKALB AVENUE,11216.0,3.0,0.0,3.0,2200.0,3432.0,2005.0,1,C0,1850000,2019-10-01,brooklyn,715 DEKALB AVENUE NYC
5,TOTTENVILLE,01 ONE FAMILY DWELLINGS,1,7900,29,A1,32 BRIGHTON STREET,10307.0,1.0,0.0,1.0,4050.0,1948.0,1910.0,1,A1,424000,2019-08-28,statenisland,32 BRIGHTON STREET NYC
4,WOODHAVEN,02 TWO FAMILY DWELLINGS,1,8918,40,B3,80-67 87TH ROAD,11421.0,2.0,0.0,2.0,2638.0,1138.0,1920.0,1,B3,678000,2019-07-09,queens,80-67 87TH ROAD NYC
3,MIDWOOD,01 ONE FAMILY DWELLINGS,1,6754,76,A5,1445 EAST 16TH STREET,11230.0,1.0,0.0,1.0,2178.0,1576.0,1920.0,1,A5,950000,2019-04-23,brooklyn,1445 EAST 16TH STREET NYC
5,GREAT KILLS,01 ONE FAMILY DWELLINGS,1,4500,21,A5,51 TANGLEWOOD DRIVE,10308.0,1.0,0.0,1.0,2500.0,1248.0,1983.0,1,A5,552000,2019-02-27,statenisland,51 TANGLEWOOD DRIVE NYC
3,BUSHWICK,03 THREE FAMILY DWELLINGS,1,3367,43,C0,1179 PUTNAM AVENUE,11221.0,3.0,0.0,3.0,2000.0,3000.0,1901.0,1,C0,925000,2019-06-06,brooklyn,1179 PUTNAM AVENUE NYC
4,SPRINGFIELD GARDENS,02 TWO FAMILY DWELLINGS,1,13336,50,B3,145-40 182ND STREET,11413.0,2.0,0.0,2.0,4200.0,2376.0,1950.0,1,B3,760000,2019-07-09,queens,145-40 182ND STREET NYC
4,FOREST HILLS,01 ONE FAMILY DWELLINGS,1,3185,17,A5,67-24 HARROW STREET,11375.0,1.0,0.0,1.0,2635.0,1703.0,1940.0,1,A5,814600,2019-08-21,queens,67-24 HARROW STREET NYC
5,MIDLAND BEACH,01 ONE FAMILY DWELLINGS,1,3727,1,A1,51 IDLEASE PLACE,10306.0,1.0,0.0,1.0,3000.0,1300.0,2001.0,1,A1,480000,2019-07-18,statenisland,51 IDLEASE PLACE NYC
5,MIDLAND BEACH,02 TWO FAMILY DWELLINGS,1,3735,4,B2,483 MIDLAND AVENUE,10306.0,2.0,0.0,2.0,2000.0,1800.0,2003.0,1,B2,495000,2019-12-09,statenisland,483 MIDLAND AVENUE NYC
4,ASTORIA,02 TWO FAMILY DWELLINGS,1,804,26,B3,37-10 23RD AVENUE,11105.0,2.0,0.0,2.0,3875.0,2646.0,1925.0,1,B3,1700000,2019-11-27,queens,37-10 23RD AVENUE NYC
3,FLATBUSH-CENTRAL,01 ONE FAMILY DWELLINGS,1,5224,122,A5,28 STEPHENS COURT,11226.0,1.0,0.0,1.0,1500.0,1616.0,1910.0,1,A5,1340000,2019-09-27,brooklyn,28 STEPHENS COURT NYC
2,CITY ISLAND,01 ONE FAMILY DWELLINGS,1,5625,51,A1,105 ROCHELLE STREET,10464.0,1.0,0.0,1.0,2504.0,1336.0,1920.0,1,A1,560000,2019-12-27,bronx,105 ROCHELLE STREET NYC
4,QUEENS VILLAGE,02 TWO FAMILY DWELLINGS,1,7967,68,B3,8810 SABRE STREET,11427.0,2.0,0.0,2.0,4000.0,1321.0,1950.0,1,B3,790000,2019-01-31,queens,8810 SABRE STREET NYC
3,EAST NEW YORK,03 THREE FAMILY DWELLINGS,1,3807,33,C0,534 VERMONT STREET,11207.0,3.0,0.0,3.0,2000.0,3000.0,1901.0,1,C0,350000,2019-03-27,brooklyn,534 VERMONT STREET NYC
4,SOUTH OZONE PARK,02 TWO FAMILY DWELLINGS,1,11772,35,B3,133-15 131ST AVENUE,11420.0,2.0,0.0,2.0,4333.0,1248.0,1925.0,1,B3,700042,2019-01-11,queens,133-15 131ST AVENUE NYC
4,FAR ROCKAWAY,02 TWO FAMILY DWELLINGS,1,15567,12,B1,18-29 EVERDELL AVENUE,11691.0,2.0,0.0,2.0,1509.0,1890.0,2007.0,1,B1,580000,2019-12-26,queens,18-29 EVERDELL AVENUE NYC
3,MADISON,01 ONE FAMILY DWELLINGS,1,6799,67,A1,1759 EAST 16TH STREET,11229.0,1.0,0.0,1.0,2000.0,1079.0,1925.0,1,A1,575000,2019-08-09,brooklyn,1759 EAST 16TH STREET NYC
4,KEW GARDENS,01 ONE FAMILY DWELLINGS,1,3327,50,A3,82-26 GRENFELL STREET,11415.0,1.0,0.0,1.0,4958.0,3229.0,1920.0,1,A3,1365000,2019-04-24,queens,82-26 GRENFELL STREET NYC
4,CAMBRIA HEIGHTS,01 ONE FAMILY DWELLINGS,1,11288,60,A0,115-52 225TH STREET,11411.0,1.0,0.0,1.0,4000.0,948.0,1950.0,1,A0,665000,2019-12-18,queens,115-52 225TH STREET NYC
4,ROSEDALE,02 TWO FAMILY DWELLINGS,1,13646,23,B2,149-68 253RD STREET,11422.0,2.0,0.0,2.0,4880.0,2444.0,1965.0,1,B2,800000,2019-12-19,queens,149-68 253RD STREET NYC
4,RICHMOND HILL,02 TWO FAMILY DWELLINGS,1,9530,4,S2,107-08 LIBERTY AVENUE,11417.0,2.0,1.0,3.0,2064.0,2320.0,1920.0,1,S2,1075000,2019-10-29,queens,107-08 LIBERTY AVENUE NYC
3,MADISON,01 ONE FAMILY DWELLINGS,1,7335,31,A5,2038 HARING ST,11229.0,1.0,0.0,1.0,2100.0,1320.0,1945.0,1,A5,750000,2019-09-17,brooklyn,2038 HARING ST NYC
3,BATH BEACH,03 THREE FAMILY DWELLINGS,1,6433,1,C0,1721 CROPSEY AVENUE,11214.0,3.0,0.0,3.0,1775.0,1912.0,1920.0,1,C0,990000,2019-06-10,brooklyn,1721 CROPSEY AVENUE NYC
3,MARINE PARK,01 ONE FAMILY DWELLINGS,1,8478,3,A9,3419 FILLMORE AVE,11234.0,1.0,0.0,1.0,1530.0,1124.0,1930.0,1,A9,580000,2019-12-06,brooklyn,3419 FILLMORE AVE NYC
3,EAST NEW YORK,03 THREE FAMILY DWELLINGS,1,4454,42,C0,985 HEGEMAN AVENUE,11208.0,3.0,0.0,3.0,1800.0,2476.0,1920.0,1,C0,750000,2019-08-27,brooklyn,985 HEGEMAN AVENUE NYC
4,JAMAICA,01 ONE FAMILY DWELLINGS,1,9804,36,A1,170-12 90TH AVENUE,11432.0,1.0,0.0,1.0,2500.0,1704.0,1920.0,1,A1,750000,2019-10-04,queens,170-12 90TH AVENUE NYC
3,EAST NEW YORK,03 THREE FAMILY DWELLINGS,1,4327,44,C0,729 BRADFORD STREET,11207.0,3.0,0.0,3.0,2400.0,3200.0,1925.0,1,C0,645000,2019-01-22,brooklyn,729 BRADFORD STREET NYC
3,EAST NEW YORK,02 TWO FAMILY DWELLINGS,1,4174,5,B2,77 SHERIDAN AVENUE,11208.0,2.0,0.0,2.0,2502.0,1944.0,1920.0,1,B2,820000,2019-04-08,brooklyn,77 SHERIDAN AVENUE NYC
4,MIDDLE VILLAGE,01 ONE FAMILY DWELLINGS,1,2946,27,A5,61-36 85TH STREET,11379.0,1.0,0.0,1.0,2425.0,1056.0,1960.0,1,A5,658000,2019-12-05,queens,61-36 85TH STREET NYC
4,ELMHURST,03 THREE FAMILY DWELLINGS,1,1589,88,C0,94-03 40 ROAD,11373.0,3.0,0.0,3.0,2500.0,2910.0,1920.0,1,C0,1420000,2019-10-07,queens,94-03 40 ROAD NYC
2,BAYCHESTER,02 TWO FAMILY DWELLINGS,1,4767,31,B3,1609 ADEE AVENUE,10469.0,2.0,0.0,2.0,2500.0,1944.0,1960.0,1,B3,357000,2019-09-06,bronx,1609 ADEE AVENUE NYC
2,CROTONA PARK,01 ONE FAMILY DWELLINGS,1,2937,73,A9,681 EAST 170 STREET,10456.0,1.0,0.0,1.0,1643.0,2600.0,1910.0,1,A9,475000,2019-04-25,bronx,681 EAST 170 STREET NYC
3,DYKER HEIGHTS,01 ONE FAMILY DWELLINGS,1,5945,24,A9,942 BAYRIDGE PARKWAY,11228.0,1.0,0.0,1.0,2200.0,1408.0,1925.0,1,A9,945000,2019-12-30,brooklyn,942 BAYRIDGE PARKWAY NYC
4,ST. ALBANS,01 ONE FAMILY DWELLINGS,1,10923,11,A1,190-12 109TH AVENUE,11412.0,1.0,0.0,1.0,3500.0,1338.0,1930.0,1,A1,647000,2019-02-26,queens,190-12 109TH AVENUE NYC
5,WESTERLEIGH,01 ONE FAMILY DWELLINGS,1,1448,1,A2,479 MAINE AVENUE,10314.0,1.0,0.0,1.0,3920.0,1850.0,1974.0,1,A2,670000,2019-01-02,statenisland,479 MAINE AVENUE NYC
4,ASTORIA,02 TWO FAMILY DWELLINGS,1,744,4,B3,48-15 28TH AVENUE,11103.0,2.0,0.0,2.0,1620.0,1566.0,1939.0,1,B3,1120000,2019-05-23,queens,48-15 28TH AVENUE NYC
4,WOODHAVEN,01 ONE FAMILY DWELLINGS,1,9177,116,A1,85-99 98TH STREET,11421.0,1.0,0.0,1.0,2771.0,1344.0,1925.0,1,A1,620000,2019-01-31,queens,85-99 98TH STREET NYC
5,WOODROW,01 ONE FAMILY DWELLINGS,1,7106,139,A5,162 LORRAINE LOOP,10309.0,1.0,0.0,1.0,1062.0,1032.0,1992.0,1,A5,456000,2019-05-29,statenisland,162 LORRAINE LOOP NYC
4,HOLLIS,02 TWO FAMILY DWELLINGS,1,10368,33,B3,102-73 189TH STREET,11423.0,2.0,0.0,2.0,4000.0,1344.0,1925.0,1,B3,510000,2019-11-12,queens,102-73 189TH STREET NYC
3,OCEAN HILL,02 TWO FAMILY DWELLINGS,1,1568,43,B2,30 PLEASANT PLACE,11233.0,2.0,0.0,2.0,1307.0,1600.0,1901.0,1,B2,805000,2019-11-08,brooklyn,30 PLEASANT PLACE NYC
4,MIDDLE VILLAGE,01 ONE FAMILY DWELLINGS,1,3028,82,A5,70-07 JUNIPER VALLEY ROAD,11379.0,1.0,0.0,1.0,1600.0,1480.0,1950.0,1,A5,650000,2019-09-04,queens,70-07 JUNIPER VALLEY ROAD NYC
4,ST. ALBANS,01 ONE FAMILY DWELLINGS,1,11039,58,A1,115-28 199TH STREET,11412.0,1.0,0.0,1.0,3000.0,1185.0,1925.0,1,A1,343500,2019-10-17,queens,115-28 199TH STREET NYC
4,FLUSHING-NORTH,01 ONE FAMILY DWELLINGS,1,5550,9,A2,46-25 194TH STREET,11358.0,1.0,0.0,1.0,4000.0,1375.0,1945.0,1,A2,930000,2019-03-06,queens,46-25 194TH STREET NYC
3,FLATLANDS,21 OFFICE BUILDINGS,4,7847,68,O5,2040 UTICA AVENUE,11234.0,0.0,2.0,2.0,4000.0,3844.0,1930.0,4,O5,1150000,2019-10-24,brooklyn,2040 UTICA AVENUE NYC
3,MARINE PARK,01 ONE FAMILY DWELLINGS,1,7719,54,A9,1716 EAST 37TH STREET,11234.0,1.0,0.0,1.0,1800.0,1064.0,1925.0,1,A9,600000,2019-12-09,brooklyn,1716 EAST 37TH STREET NYC
4,CAMBRIA HEIGHTS,01 ONE FAMILY DWELLINGS,1,11318,40,A5,116-14 218TH STREET,11411.0,1.0,0.0,1.0,2000.0,1600.0,1950.0,1,A5,400000,2019-08-13,queens,116-14 218TH STREET NYC
4,BAYSIDE,01 ONE FAMILY DWELLINGS,1,7436,60,A5,56-15 207TH STREET,11364.0,1.0,0.0,1.0,2500.0,960.0,1950.0,1,A5,719000,2019-06-21,queens,56-15 207TH STREET NYC
3,RED HOOK,30 WAREHOUSES,4,556,11,E2,127 KING STREET,11231.0,0.0,1.0,1.0,1740.0,3480.0,1987.0,4,E2,1700000,2019-05-02,brooklyn,127 KING STREET NYC
4,LAURELTON,02 TWO FAMILY DWELLINGS,1,12965,27,B3,133-23 226 STREET,11413.0,2.0,0.0,2.0,3200.0,1835.0,1940.0,1,B3,570000,2019-10-10,queens,133-23 226 STREET NYC
4,BEECHHURST,01 ONE FAMILY DWELLINGS,1,4559,19,A1,157-33 13TH AVENUE,11357.0,1.0,0.0,1.0,4000.0,4320.0,1999.0,1,A1,1300000,2019-07-23,queens,157-33 13TH AVENUE NYC
3,FLATBUSH-CENTRAL,01 ONE FAMILY DWELLINGS,1,5190,15,A5,322 EAST 25TH STREET,11226.0,1.0,0.0,1.0,2000.0,1936.0,1905.0,1,A5,1250000,2019-05-29,brooklyn,322 EAST 25TH STREET NYC
3,BATH BEACH,01 ONE FAMILY DWELLINGS,1,6397,63,A2,132 BAY 13 STREET,11214.0,1.0,0.0,1.0,2708.0,730.0,1910.0,1,A2,1150000,2019-03-28,brooklyn,132 BAY 13 STREET NYC
3,OCEAN PARKWAY-SOUTH,02 TWO FAMILY DWELLINGS,1,7147,45,B1,84 VILLAGE ROAD EAST,11223.0,2.0,0.0,2.0,2135.0,1908.0,1930.0,1,B1,1100000,2019-11-08,brooklyn,84 VILLAGE ROAD EAST NYC
4,BELLEROSE,03 THREE FAMILY DWELLINGS,1,7989,9,C0,89-49 241ST STREET,11426.0,3.0,0.0,3.0,2020.0,2878.0,1960.0,1,C0,825000,2019-03-08,queens,89-49 241ST STREET NYC
4,SOUTH OZONE PARK,02 TWO FAMILY DWELLINGS,1,11803,43,B2,135-12 117TH STREET,11420.0,2.0,0.0,2.0,4000.0,2184.0,1965.0,1,B2,895000,2019-03-27,queens,135-12 117TH STREET NYC
3,EAST NEW YORK,02 TWO FAMILY DWELLINGS,1,3767,21,S2,524 SUTTER AVENUE,11207.0,2.0,1.0,3.0,2000.0,3120.0,1935.0,1,S2,900000,2019-02-12,brooklyn,524 SUTTER AVENUE NYC
4,SOUTH JAMAICA,02 TWO FAMILY DWELLINGS,1,10203,11,B2,163-30 PHROANE AVENUE,11433.0,2.0,0.0,2.0,4000.0,2181.0,1925.0,1,B2,450000,2019-07-08,queens,163-30 PHROANE AVENUE NYC
4,ROSEDALE,01 ONE FAMILY DWELLINGS,1,13583,5,A2,146-15 249TH STREET,11422.0,1.0,0.0,1.0,4000.0,1125.0,1950.0,1,A2,609000,2019-05-08,queens,146-15 249TH STREET NYC
3,CANARSIE,02 TWO FAMILY DWELLINGS,1,8062,67,B1,1260 EAST 84TH STREET,11236.0,2.0,0.0,2.0,2150.0,1932.0,1940.0,1,B1,481800,2019-04-18,brooklyn,1260 EAST 84TH STREET NYC
4,LAURELTON,01 ONE FAMILY DWELLINGS,1,13100,5,A1,221-21 134TH ROAD,11413.0,1.0,0.0,1.0,4000.0,1421.0,1930.0,1,A1,435000,2019-10-04,queens,221-21 134TH ROAD NYC
3,MIDWOOD,01 ONE FAMILY DWELLINGS,1,6710,48,A1,959 EAST 17TH STREET,11230.0,1.0,0.0,1.0,4000.0,1968.0,1905.0,1,A1,1125000,2019-05-28,brooklyn,959 EAST 17TH STREET NYC
4,GLENDALE,02 TWO FAMILY DWELLINGS,1,3844,38,B2,78-17 85TH STREET,11385.0,2.0,0.0,2.0,2342.0,2440.0,1930.0,1,B2,850000,2019-05-15,queens,78-17 85TH STREET NYC
4,WOODHAVEN,01 ONE FAMILY DWELLINGS,1,8945,65,A9,93-07 75 STREET,11421.0,1.0,0.0,1.0,1600.0,1128.0,1920.0,1,A9,583000,2019-12-05,queens,93-07 75 STREET NYC
2,SOUNDVIEW,02 TWO FAMILY DWELLINGS,1,3760,13,B2,1214 NOBLE AVENUE,10472.0,2.0,0.0,2.0,2531.0,2345.0,1920.0,1,B2,570000,2019-04-10,bronx,1214 NOBLE AVENUE NYC
4,MIDDLE VILLAGE,01 ONE FAMILY DWELLINGS,1,2935,69,A5,61-51 77TH PLACE,11379.0,1.0,0.0,1.0,1600.0,960.0,1940.0,1,A5,713800,2019-12-20,queens,61-51 77TH PLACE NYC
4,HOWARD BEACH,01 ONE FAMILY DWELLINGS,1,14063,4,A1,89-16 162ND AVENUE,11414.0,1.0,0.0,1.0,4000.0,1800.0,1970.0,1,A1,685000,2019-07-17,queens,89-16 162ND AVENUE NYC
4,ST. ALBANS,01 ONE FAMILY DWELLINGS,1,12656,55,A2,119-11 200TH STREET,11412.0,1.0,0.0,1.0,3200.0,1180.0,1944.0,1,A2,1800000,2019-04-04,queens,119-11 200TH STREET NYC
4,WOODHAVEN,02 TWO FAMILY DWELLINGS,1,8868,44,B1,86-39 89TH STREET,11421.0,2.0,0.0,2.0,2017.0,2140.0,1910.0,1,B1,845000,2019-09-10,queens,86-39 89TH STREET NYC
4,WOODHAVEN,01 ONE FAMILY DWELLINGS,1,8984,28,A9,9148 91ST STREET,11421.0,1.0,0.0,1.0,2000.0,1312.0,1920.0,1,A9,539766,2019-11-18,queens,9148 91ST STREET NYC
2,WILLIAMSBRIDGE,01 ONE FAMILY DWELLINGS,1,4660,44,A1,3554 CARLISLE PLACE,10467.0,1.0,0.0,1.0,2500.0,1050.0,1901.0,1,A1,360000,2019-02-19,bronx,3554 CARLISLE PLACE NYC
2,HIGHBRIDGE/MORRIS HEIGHTS,02 TWO FAMILY DWELLINGS,1,2869,28,B1,1864 HARRISON AVENUE,10453.0,2.0,0.0,2.0,3042.0,3132.0,1920.0,1,B1,560000,2019-01-24,bronx,1864 HARRISON AVENUE NYC
3,GRAVESEND,02 TWO FAMILY DWELLINGS,1,7086,7,B1,322 AVE. S,11223.0,2.0,0.0,2.0,1181.0,1608.0,1960.0,1,B1,740000,2019-11-18,brooklyn,322 AVE. S NYC
4,BELLEROSE,01 ONE FAMILY DWELLINGS,1,8654,8,A1,88-49 247 STREET,11426.0,1.0,0.0,1.0,2500.0,1248.0,1930.0,1,A1,650000,2019-05-22,queens,88-49 247 STREET NYC
4,FOREST HILLS,01 ONE FAMILY DWELLINGS,1,3277,40,A1,99-57 74TH AVENUE,11375.0,1.0,0.0,1.0,3600.0,1572.0,1925.0,1,A1,1625000,2019-09-16,queens,99-57 74TH AVENUE NYC
5,WILLOWBROOK,02 TWO FAMILY DWELLINGS,1,789,49,B2,227 MARTIN AVENUE,10314.0,2.0,0.0,2.0,4240.0,3764.0,1970.0,1,B2,960000,2019-09-12,statenisland,227 MARTIN AVENUE NYC
4,BELLEROSE,01 ONE FAMILY DWELLINGS,1,8645,8,A1,87-35 252ND STREET,11426.0,1.0,0.0,1.0,3400.0,1240.0,1930.0,1,A1,620000,2019-02-28,queens,87-35 252ND STREET NYC
3,BROWNSVILLE,02 TWO FAMILY DWELLINGS,1,3557,18,B1,233 AMBOY STREET,11212.0,2.0,0.0,2.0,2200.0,2809.0,2005.0,1,B1,749000,2019-12-27,brooklyn,233 AMBOY STREET NYC
3,EAST NEW YORK,02 TWO FAMILY DWELLINGS,1,3985,4,B2,387 CLEVELAND STREET,11208.0,2.0,0.0,2.0,2250.0,1980.0,1910.0,1,B2,769000,2019-07-30,brooklyn,387 CLEVELAND STREET NYC
4,RICHMOND HILL,02 TWO FAMILY DWELLINGS,1,9417,81,B3,9525 115TH STREET,11419.0,2.0,0.0,2.0,2760.0,1594.0,1920.0,1,B3,780000,2019-11-06,queens,9525 115TH STREET NYC
5,PORT RICHMOND,02 TWO FAMILY DWELLINGS,1,1139,70,B3,714 PORT RICHMOND AVENUE,10302.0,2.0,0.0,2.0,2550.0,2318.0,1935.0,1,B3,515000,2019-04-24,statenisland,714 PORT RICHMOND AVENUE NYC
5,DONGAN HILLS-COLONY,01 ONE FAMILY DWELLINGS,1,847,29,A1,983 RICHMOND ROAD,10304.0,1.0,0.0,1.0,4850.0,968.0,1905.0,1,A1,514000,2019-06-05,statenisland,983 RICHMOND ROAD NYC
3,BROWNSVILLE,01 ONE FAMILY DWELLINGS,1,3848,104,A5,591 POWELL STREET,11212.0,1.0,0.0,1.0,1800.0,1148.0,1987.0,1,A5,480000,2019-07-08,brooklyn,591 POWELL STREET NYC
4,FLUSHING-NORTH,01 ONE FAMILY DWELLINGS,1,5222,42,A5,140-09 OAK AVENUE,11355.0,1.0,0.0,1.0,2589.0,1480.0,1940.0,1,A5,1080000,2019-06-25,queens,140-09 OAK AVENUE NYC
2,SCHUYLERVILLE/PELHAM BAY,02 TWO FAMILY DWELLINGS,1,5361,40,B3,3050 LA SALLE AVENUE,10461.0,2.0,0.0,2.0,2817.0,1920.0,1925.0,1,B3,595000,2019-04-15,bronx,3050 LA SALLE AVENUE NYC
2,SCHUYLERVILLE/PELHAM BAY,02 TWO FAMILY DWELLINGS,1,4243,22,B2,2864 EAST 197 STREET,10461.0,2.0,0.0,2.0,2500.0,1860.0,1920.0,1,B2,560000,2019-12-19,bronx,2864 EAST 197 STREET NYC
4,HOWARD BEACH,01 ONE FAMILY DWELLINGS,1,14073,83,A1,163-56 90TH STREET,11414.0,1.0,0.0,1.0,3800.0,2050.0,1965.0,1,A1,550000,2019-11-01,queens,163-56 90TH STREET NYC
3,SHEEPSHEAD BAY,02 TWO FAMILY DWELLINGS,1,7458,52,S2,2675 EAST 13TH STREET,11235.0,2.0,1.0,3.0,3000.0,3087.0,1940.0,1,S2,820000,2019-10-16,brooklyn,2675 EAST 13TH STREET NYC
3,GRAVESEND,02 TWO FAMILY DWELLINGS,1,6880,59,B3,106 BAY 41ST STREET,11214.0,2.0,0.0,2.0,1804.0,1728.0,1955.0,1,B3,900000,2019-06-20,brooklyn,106 BAY 41ST STREET NYC
2,SOUNDVIEW,03 THREE FAMILY DWELLINGS,1,3876,48,C0,1367 BEACH AVENUE,10472.0,3.0,0.0,3.0,2560.0,2898.0,1901.0,1,C0,710000,2019-01-28,bronx,1367 BEACH AVENUE NYC
4,SPRINGFIELD GARDENS,01 ONE FAMILY DWELLINGS,1,12983,18,A1,131-19 MATHEWSON COURT,11434.0,1.0,0.0,1.0,4000.0,1428.0,1920.0,1,A1,350000,2019-01-18,queens,131-19 MATHEWSON COURT NYC
4,FAR ROCKAWAY,03 THREE FAMILY DWELLINGS,1,15544,48,C0,1145 NAMEOKE STREET,11691.0,3.0,0.0,3.0,3319.0,4068.0,2005.0,1,C0,725000,2019-10-07,queens,1145 NAMEOKE STREET NYC
3,SHEEPSHEAD BAY,02 TWO FAMILY DWELLINGS,1,7398,61,B2,2341 EAST 13TH STREET,11229.0,2.0,0.0,2.0,2017.0,2056.0,1920.0,1,B2,1050000,2019-03-27,brooklyn,2341 EAST 13TH STREET NYC
4,ELMHURST,02 TWO FAMILY DWELLINGS,1,1532,2,B1,79-04 45 AVENUE,11373.0,2.0,0.0,2.0,2000.0,2168.0,1940.0,1,B1,1238000,2019-06-28,queens,79-04 45 AVENUE NYC
5,CLOVE LAKES,01 ONE FAMILY DWELLINGS,1,327,2,A5,946 CLOVE ROAD,10301.0,1.0,0.0,1.0,2415.0,1212.0,1960.0,1,A5,488250,2019-11-26,statenisland,946 CLOVE ROAD NYC
3,OCEAN HILL,14 RENTALS - 4-10 UNIT,2A,1487,10,S3,858 JEFFERSON AVENUE,11221.0,3.0,1.0,4.0,1440.0,4400.0,1905.0,2,S3,1780000,2019-03-05,brooklyn,858 JEFFERSON AVENUE NYC
4,FLUSHING-NORTH,01 ONE FAMILY DWELLINGS,1,5515,15,A1,189-20 44TH AVENUE,11358.0,1.0,0.0,1.0,3000.0,1280.0,1930.0,1,A1,850000,2019-06-17,queens,189-20 44TH AVENUE NYC
4,QUEENS VILLAGE,01 ONE FAMILY DWELLINGS,1,7921,38,A2,235-15 SEWARD AVENUE,11427.0,1.0,0.0,1.0,4000.0,1040.0,1945.0,1,A2,700000,2019-08-08,queens,235-15 SEWARD AVENUE NYC
4,RICHMOND HILL,02 TWO FAMILY DWELLINGS,1,9546,67,B3,107-37 108TH STREET,11419.0,2.0,0.0,2.0,2420.0,1248.0,1930.0,1,B3,400000,2019-07-22,queens,107-37 108TH STREET NYC
2,PARKCHESTER,02 TWO FAMILY DWELLINGS,1,4021,38,B2,1712 TAYLOR AVENUE,10460.0,2.0,0.0,2.0,2375.0,2312.0,1901.0,1,B2,635000,2019-05-31,bronx,1712 TAYLOR AVENUE NYC
3,FLATBUSH-NORTH,07 RENTALS - WALKUP APARTMENTS,2A,4671,55,C3,367 EAST 96TH STREET,11212.0,4.0,0.0,4.0,2500.0,3198.0,1930.0,2,C3,719000,2019-06-06,brooklyn,367 EAST 96TH STREET NYC
4,RICHMOND HILL,02 TWO FAMILY DWELLINGS,1,9462,41,B3,95-17 123RD STREET,11419.0,2.0,0.0,2.0,3405.0,2255.0,1905.0,1,B3,792000,2019-06-10,queens,95-17 123RD STREET NYC
4,SOUTH JAMAICA,01 ONE FAMILY DWELLINGS,1,12147,32,A1,109-20 157 STREET,11433.0,1.0,0.0,1.0,2500.0,1216.0,1920.0,1,A1,790000,2019-04-12,queens,109-20 157 STREET NYC
5,GREAT KILLS,01 ONE FAMILY DWELLINGS,1,5245,29,A1,19 HIGHMOUNT ROAD,10308.0,1.0,0.0,1.0,4155.0,1935.0,1930.0,1,A1,537000,2019-04-17,statenisland,19 HIGHMOUNT ROAD NYC
4,HOWARD BEACH,01 ONE FAMILY DWELLINGS,1,14044,50,A2,161-27 88TH STREET,11414.0,1.0,0.0,1.0,4000.0,2362.0,1960.0,1,A2,990000,2019-12-12,queens,161-27 88TH STREET NYC
3,FLATBUSH-EAST,01 ONE FAMILY DWELLINGS,1,7930,121,A5,5521 WHITTY LANE,11203.0,1.0,0.0,1.0,1710.0,1872.0,1940.0,1,A5,620000,2019-01-02,brooklyn,5521 WHITTY LANE NYC
4,ELMHURST,03 THREE FAMILY DWELLINGS,1,1525,70,C0,42-73 79TH STREET,11373.0,3.0,0.0,3.0,2603.0,2695.0,1940.0,1,C0,1500000,2019-02-27,queens,42-73 79TH STREET NYC
5,NEW DORP-BEACH,01 ONE FAMILY DWELLINGS,1,4071,98,A5,22 MICHELLE LANE,10306.0,1.0,0.0,1.0,820.0,1340.0,1990.0,1,A5,439900,2019-10-10,statenisland,22 MICHELLE LANE NYC
3,FLATBUSH-EAST,02 TWO FAMILY DWELLINGS,1,4985,33,B1,802 EAST 39TH STREET,11210.0,2.0,0.0,2.0,1600.0,1672.0,1940.0,1,B1,550873,2019-08-22,brooklyn,802 EAST 39TH STREET NYC
4,HOLLIS,01 ONE FAMILY DWELLINGS,1,10868,38,A1,201-11 104TH AVE,11412.0,1.0,0.0,1.0,2800.0,1284.0,1925.0,1,A1,585000,2019-02-25,queens,201-11 104TH AVE NYC
4,SOUTH JAMAICA,02 TWO FAMILY DWELLINGS,1,12178,136,B3,112-32 DILLON STREET,11433.0,2.0,0.0,2.0,2091.0,944.0,1925.0,1,B3,613000,2019-12-20,queens,112-32 DILLON STREET NYC
2,EAST TREMONT,01 ONE FAMILY DWELLINGS,1,3082,18,A1,2156 HUGHES AVENUE,10457.0,1.0,0.0,1.0,1575.0,1344.0,1901.0,1,A1,331000,2019-10-07,bronx,2156 HUGHES AVENUE NYC
3,CANARSIE,02 TWO FAMILY DWELLINGS,1,8256,61,B2,1458 EAST 92ND STREET,11236.0,2.0,0.0,2.0,3467.0,1908.0,1920.0,1,B2,742000,2019-10-24,brooklyn,1458 EAST 92ND STREET NYC
3,OCEAN PARKWAY-NORTH,22 STORE BUILDINGS,4,6636,10,K2,496 AVENUE P,11223.0,0.0,2.0,2.0,1006.0,1852.0,1921.0,4,K2,850000,2019-10-07,brooklyn,496 AVENUE P NYC
5,WESTERLEIGH,02 TWO FAMILY DWELLINGS,1,1450,32,B2,295 GARRISON AVENUE,10314.0,2.0,0.0,2.0,4150.0,2254.0,1970.0,1,B2,642500,2019-10-29,statenisland,295 GARRISON AVENUE NYC
3,OCEAN PARKWAY-NORTH,02 TWO FAMILY DWELLINGS,1,5416,38,B1,4037 18TH AVENUE,11218.0,2.0,0.0,2.0,2496.0,2120.0,1915.0,1,B1,1330000,2019-07-02,brooklyn,4037 18TH AVENUE NYC
5,ARDEN HEIGHTS,01 ONE FAMILY DWELLINGS,1,5742,84,A5,154 JAMIE LANE,10312.0,1.0,0.0,1.0,500.0,1354.0,1999.0,1,A5,350000,2019-02-26,statenisland,154 JAMIE LANE NYC
4,HOLLIS,01 ONE FAMILY DWELLINGS,1,10873,36,A1,205-27 104TH AVENUE,11412.0,1.0,0.0,1.0,4000.0,1659.0,1935.0,1,A1,350000,2019-06-18,queens,205-27 104TH AVENUE NYC
4,SOUTH OZONE PARK,02 TWO FAMILY DWELLINGS,1,11673,42,B3,130-01 116TH AVENUE,11420.0,2.0,0.0,2.0,3000.0,1572.0,1925.0,1,B3,400000,2019-06-07,queens,130-01 116TH AVENUE NYC
3,WYCKOFF HEIGHTS,03 THREE FAMILY DWELLINGS,1,3238,44,C0,1629 DEKALB AVENUE,11237.0,3.0,0.0,3.0,2000.0,2400.0,1925.0,1,C0,1062500,2019-11-05,brooklyn,1629 DEKALB AVENUE NYC
5,MARINERS HARBOR,01 ONE FAMILY DWELLINGS,1,1148,107,A5,46 RENFREW PLACE,10303.0,1.0,0.0,1.0,2300.0,2200.0,2003.0,1,A5,402600,2019-02-20,statenisland,46 RENFREW PLACE NYC
3,OCEAN PARKWAY-SOUTH,14 RENTALS - 4-10 UNIT,2A,7175,46,S9,321 AVENUE X,11223.0,2.0,2.0,4.0,4000.0,3200.0,1931.0,2,S9,510000,2019-09-13,brooklyn,321 AVENUE X NYC
4,LAURELTON,02 TWO FAMILY DWELLINGS,1,12970,21,B3,133-11 FRANCIS LEWIS BLVD,11413.0,2.0,0.0,2.0,2000.0,2080.0,1935.0,1,B3,550000,2019-07-15,queens,133-11 FRANCIS LEWIS BLVD NYC
3,FLATBUSH-EAST,02 TWO FAMILY DWELLINGS,1,4989,47,B1,731 EAST 42ND STREET,11203.0,2.0,0.0,2.0,1767.0,1938.0,1930.0,1,B1,679000,2019-05-22,brooklyn,731 EAST 42ND STREET NYC
4,MIDDLE VILLAGE,02 TWO FAMILY DWELLINGS,1,3800,30,B2,79-52 69TH AVENUE,11379.0,2.0,0.0,2.0,2400.0,2000.0,1925.0,1,B2,843000,2019-11-18,queens,79-52 69TH AVENUE NYC
3,DYKER HEIGHTS,02 TWO FAMILY DWELLINGS,1,6167,24,B1,1342 70 STREET,11228.0,2.0,0.0,2.0,2500.0,2314.0,1955.0,1,B1,1600000,2019-01-16,brooklyn,1342 70 STREET NYC
4,RICHMOND HILL,01 ONE FAMILY DWELLINGS,1,9607,6,A1,127-12 107TH AVENUE,11419.0,1.0,0.0,1.0,2000.0,1170.0,1920.0,1,A1,355000,2019-09-13,queens,127-12 107TH AVENUE NYC
2,WAKEFIELD,01 ONE FAMILY DWELLINGS,1,5114,1,A5,4771 BARNES AVENUE,10470.0,1.0,0.0,1.0,1707.0,1605.0,1960.0,1,A5,470000,2019-02-07,bronx,4771 BARNES AVENUE NYC
5,NEW DORP,02 TWO FAMILY DWELLINGS,1,3621,21,B2,20 LOCUST AVENUE,10306.0,2.0,0.0,2.0,4700.0,2176.0,1930.0,1,B2,734267,2019-01-10,statenisland,20 LOCUST AVENUE NYC
5,SOUTH BEACH,01 ONE FAMILY DWELLINGS,1,3420,4,A5,122 WINFIELD STREET,10305.0,1.0,0.0,1.0,2185.0,1408.0,1997.0,1,A5,540000,2019-12-06,statenisland,122 WINFIELD STREET NYC
3,BAY RIDGE,02 TWO FAMILY DWELLINGS,1,5952,82,B3,572 76 STREET,11209.0,2.0,0.0,2.0,2000.0,1680.0,1910.0,1,B3,999000,2019-01-24,brooklyn,572 76 STREET NYC
3,MANHATTAN BEACH,01 ONE FAMILY DWELLINGS,1,8752,92,A2,193 IRWIN STREET,11235.0,1.0,0.0,1.0,3760.0,2831.0,1965.0,1,A2,1160000,2019-06-12,brooklyn,193 IRWIN STREET NYC
3,BOROUGH PARK,01 ONE FAMILY DWELLINGS,1,5654,40,S1,5108 12TH AVENUE,11219.0,1.0,1.0,2.0,1967.0,2090.0,1920.0,1,S1,700000,2019-02-06,brooklyn,5108 12TH AVENUE NYC
3,GREENPOINT,02 TWO FAMILY DWELLINGS,1,2725,19,B9,485 HUMBOLDT STREET,11222.0,2.0,0.0,2.0,1365.0,1560.0,1910.0,1,B9,1785000,2019-01-25,brooklyn,485 HUMBOLDT STREET NYC
4,QUEENS VILLAGE,01 ONE FAMILY DWELLINGS,1,10638,22,A1,9120 VANDERVEER ST,11428.0,1.0,0.0,1.0,2525.0,992.0,1920.0,1,A1,578500,2019-08-02,queens,9120 VANDERVEER ST NYC
2,MELROSE/CONCOURSE,02 TWO FAMILY DWELLINGS,1,2410,22,B9,294 EAST 151 STREET,10451.0,2.0,0.0,2.0,3019.0,1760.0,1920.0,1,B9,650000,2019-10-29,bronx,294 EAST 151 STREET NYC
4,FAR ROCKAWAY,02 TWO FAMILY DWELLINGS,1,15502,20,B2,15-07 BEACH 11 STREET,11691.0,2.0,0.0,2.0,1587.0,1430.0,1945.0,1,B2,499000,2019-01-28,queens,15-07 BEACH 11 STREET NYC
4,QUEENS VILLAGE,01 ONE FAMILY DWELLINGS,1,11100,19,A1,215-22 104TH AVENUE,11429.0,1.0,0.0,1.0,2500.0,1120.0,1925.0,1,A1,412000,2019-08-29,queens,215-22 104TH AVENUE NYC
4,RICHMOND HILL,02 TWO FAMILY DWELLINGS,1,9350,10,B3,91-10 LEFFERTS BOULEVARD,11418.0,2.0,0.0,2.0,2325.0,1376.0,1920.0,1,B3,699000,2019-07-18,queens,91-10 LEFFERTS BOULEVARD NYC
4,QUEENS VILLAGE,01 ONE FAMILY DWELLINGS,1,10745,10,A5,92-81 222 STREET,11428.0,1.0,0.0,1.0,2400.0,1368.0,1920.0,1,A5,615000,2019-08-29,queens,92-81 222 STREET NYC
4,RICHMOND HILL,02 TWO FAMILY DWELLINGS,1,9427,62,B2,101-25 109TH STREET,11419.0,2.0,0.0,2.0,2400.0,1720.0,1920.0,1,B2,765000,2019-07-30,queens,101-25 109TH STREET NYC
4,CAMBRIA HEIGHTS,01 ONE FAMILY DWELLINGS,1,11291,33,A5,115-03 227TH STREET,11411.0,1.0,0.0,1.0,2925.0,784.0,1945.0,1,A5,505000,2019-11-08,queens,115-03 227TH STREET NYC
5,MIDLAND BEACH,01 ONE FAMILY DWELLINGS,1,3742,33,A2,251 OLDFIELD STREET,10306.0,1.0,0.0,1.0,4000.0,576.0,1955.0,1,A2,475000,2019-03-11,statenisland,251 OLDFIELD STREET NYC
4,ST. ALBANS,01 ONE FAMILY DWELLINGS,1,10276,46,A1,110-29 177TH STREET,11433.0,1.0,0.0,1.0,3000.0,1088.0,1925.0,1,A1,579000,2019-10-09,queens,110-29 177TH STREET NYC
4,ASTORIA,02 TWO FAMILY DWELLINGS,1,562,41,B1,34-47 24TH STREET,11106.0,2.0,0.0,2.0,2200.0,2836.0,1950.0,1,B1,1300000,2019-06-18,queens,34-47 24TH STREET NYC
4,SOUTH OZONE PARK,02 TWO FAMILY DWELLINGS,1,11819,53,B2,149-30 LEFFERTS BOULEVARD,11420.0,2.0,0.0,2.0,4000.0,1523.0,1950.0,1,B2,885000,2019-02-04,queens,149-30 LEFFERTS BOULEVARD NYC
5,CLOVE LAKES,01 ONE FAMILY DWELLINGS,1,326,108,A1,31 POTTER AVENUE,10314.0,1.0,0.0,1.0,4750.0,1858.0,1950.0,1,A1,830000,2019-03-26,statenisland,31 POTTER AVENUE NYC
2,CASTLE HILL/UNIONPORT,02 TWO FAMILY DWELLINGS,1,3483,71,B2,324 TORRY AVENUE,10473.0,2.0,0.0,2.0,3981.0,2712.0,2002.0,1,B2,514216,2019-08-22,bronx,324 TORRY AVENUE NYC
5,GREAT KILLS,01 ONE FAMILY DWELLINGS,1,5437,11,A2,170 KATAN AVENUE,10308.0,1.0,0.0,1.0,4800.0,1056.0,1950.0,1,A2,585000,2019-09-09,statenisland,170 KATAN AVENUE NYC
3,WINDSOR TERRACE,02 TWO FAMILY DWELLINGS,1,5266,50,B1,409 VANDERBILT STREET,11218.0,2.0,0.0,2.0,1800.0,2040.0,1910.0,1,B1,1350000,2019-02-27,brooklyn,409 VANDERBILT STREET NYC
3,BERGEN BEACH,02 TWO FAMILY DWELLINGS,1,8409,113,B1,2071 EAST 67 STREET,11234.0,2.0,0.0,2.0,2000.0,1624.0,1960.0,1,B1,625000,2019-06-11,brooklyn,2071 EAST 67 STREET NYC
3,BAY RIDGE,02 TWO FAMILY DWELLINGS,1,6106,56,B1,231 94TH STREET,11209.0,2.0,0.0,2.0,1875.0,1912.0,1925.0,1,B1,1470000,2019-08-06,brooklyn,231 94TH STREET NYC
5,MARINERS HARBOR,02 TWO FAMILY DWELLINGS,1,1253,1,B2,85 GRANDVIEW AVENUE,10303.0,2.0,0.0,2.0,4795.0,2416.0,2018.0,1,B2,758596,2019-04-15,statenisland,85 GRANDVIEW AVENUE NYC
3,GREENPOINT,02 TWO FAMILY DWELLINGS,1,2658,41,B9,259 NASSAU AVENUE,11222.0,2.0,0.0,2.0,1900.0,2090.0,1905.0,1,B9,1500000,2019-12-23,brooklyn,259 NASSAU AVENUE NYC
2,MORRISANIA/LONGWOOD,02 TWO FAMILY DWELLINGS,1,2935,16,B1,1391 CLINTON AVENUE,10456.0,2.0,0.0,2.0,1780.0,2176.0,1901.0,1,B1,431000,2019-07-02,bronx,1391 CLINTON AVENUE NYC
3,SUNSET PARK,02 TWO FAMILY DWELLINGS,1,917,11,B1,512 40TH STREET,11232.0,2.0,0.0,2.0,1713.0,2216.0,1920.0,1,B1,1165000,2019-09-18,brooklyn,512 40TH STREET NYC
2,WAKEFIELD,02 TWO FAMILY DWELLINGS,1,5124,32,B3,1019 EAST 241 STREET,10466.0,2.0,0.0,2.0,3500.0,1478.0,1920.0,1,B3,659000,2019-03-25,bronx,1019 EAST 241 STREET NYC
3,BAY RIDGE,02 TWO FAMILY DWELLINGS,1,6113,19,B1,240 94TH STREET,11209.0,2.0,0.0,2.0,2500.0,2496.0,1925.0,1,B1,995000,2019-02-10,brooklyn,240 94TH STREET NYC
4,MASPETH,02 TWO FAMILY DWELLINGS,1,2764,18,B1,62-14 ELIOT AVENUE,11379.0,2.0,0.0,2.0,2000.0,2080.0,1940.0,1,B1,835000,2019-10-17,queens,62-14 ELIOT AVENUE NYC
4,WHITESTONE,02 TWO FAMILY DWELLINGS,1,4650,17,B1,147-31 17TH ROAD,11357.0,2.0,0.0,2.0,4000.0,2600.0,1993.0,1,B1,1450000,2019-01-17,queens,147-31 17TH ROAD NYC
4,EAST ELMHURST,01 ONE FAMILY DWELLINGS,1,1651,25,A5,25-38 HUMPHREYS STREET,11369.0,1.0,0.0,1.0,1948.0,1494.0,1925.0,1,A5,366000,2019-05-15,queens,25-38 HUMPHREYS STREET NYC
3,FLATBUSH-EAST,01 ONE FAMILY DWELLINGS,1,4696,24,A9,458 EAST 49TH STREET,11203.0,1.0,0.0,1.0,2000.0,1318.0,1920.0,1,A9,535000,2019-07-08,brooklyn,458 EAST 49TH STREET NYC
4,WHITESTONE,01 ONE FAMILY DWELLINGS,1,4638,29,A1,22-18 RYAN STREET,11357.0,1.0,0.0,1.0,4600.0,2750.0,1996.0,1,A1,999999,2019-06-13,queens,22-18 RYAN STREET NYC
4,FLUSHING-NORTH,02 TWO FAMILY DWELLINGS,1,5451,24,B3,45-19 171ST PLACE,11358.0,2.0,0.0,2.0,4360.0,2116.0,1925.0,1,B3,1075000,2019-10-04,queens,45-19 171ST PLACE NYC
5,ARDEN HEIGHTS,01 ONE FAMILY DWELLINGS,1,6026,107,A5,22 CODY PLACE,10312.0,1.0,0.0,1.0,1604.0,1560.0,1997.0,1,A5,420000,2019-07-22,statenisland,22 CODY PLACE NYC
3,MADISON,02 TWO FAMILY DWELLINGS,1,6813,39,B1,3137 NOSTRAND AVENUE,11229.0,2.0,0.0,2.0,2074.0,2161.0,1930.0,1,B1,450000,2019-08-19,brooklyn,3137 NOSTRAND AVENUE NYC
4,CORONA,02 TWO FAMILY DWELLINGS,1,1991,45,B1,47-10 108TH STREET,11368.0,2.0,0.0,2.0,2500.0,2100.0,1920.0,1,B1,1160000,2019-07-18,queens,47-10 108TH STREET NYC
3,CYPRESS HILLS,29 COMMERCIAL GARAGES,4,3483,1,G2,1773 BUSHWICK AVENUE,11207.0,0.0,2.0,2.0,2208.0,2083.0,1931.0,4,G2,474000,2019-09-13,brooklyn,1773 BUSHWICK AVENUE NYC
4,SOUTH OZONE PARK,01 ONE FAMILY DWELLINGS,1,11599,45,A1,109-43 118TH STREET,11420.0,1.0,0.0,1.0,2415.0,1534.0,1930.0,1,A1,450000,2019-11-22,queens,109-43 118TH STREET NYC
5,ARDEN HEIGHTS,01 ONE FAMILY DWELLINGS,1,6022,124,A5,61 DAFFODIL COURT,10312.0,1.0,0.0,1.0,1862.0,1339.0,1983.0,1,A5,450000,2019-04-29,statenisland,61 DAFFODIL COURT NYC
4,SUNNYSIDE,01 ONE FAMILY DWELLINGS,1,133,57,A5,3979 48TH STREET,11104.0,1.0,0.0,1.0,1568.0,1120.0,1925.0,1,A5,1050000,2019-08-08,queens,3979 48TH STREET NYC
5,NEW BRIGHTON,02 TWO FAMILY DWELLINGS,1,109,28,B2,24 CASTLETON AVENUE,10301.0,2.0,0.0,2.0,3225.0,1712.0,1910.0,1,B2,440000,2019-10-30,statenisland,24 CASTLETON AVENUE NYC
5,NEW DORP,01 ONE FAMILY DWELLINGS,1,4237,53,A9,3 CANNON BOULEVARD,10306.0,1.0,0.0,1.0,3300.0,1058.0,1960.0,1,A9,475000,2019-03-01,statenisland,3 CANNON BOULEVARD NYC
3,GRAVESEND,02 TWO FAMILY DWELLINGS,1,6679,59,B3,107 VAN SICKLEN STRET,11223.0,2.0,0.0,2.0,2200.0,1368.0,1915.0,1,B3,565000,2019-07-16,brooklyn,107 VAN SICKLEN STRET NYC
4,RICHMOND HILL,03 THREE FAMILY DWELLINGS,1,9603,16,C0,107-32 124 STREET,11419.0,3.0,0.0,3.0,1983.0,1630.0,1910.0,1,C0,830000,2019-01-03,queens,107-32 124 STREET NYC
3,MARINE PARK,02 TWO FAMILY DWELLINGS,1,7671,18,B1,1447 EAST 35TH STREET,11234.0,2.0,0.0,2.0,1800.0,2046.0,1940.0,1,B1,715000,2019-02-28,brooklyn,1447 EAST 35TH STREET NYC
3,MADISON,02 TWO FAMILY DWELLINGS,1,6837,65,B3,1849 HARING STREET,11229.0,2.0,0.0,2.0,1800.0,1890.0,1930.0,1,B3,830000,2019-07-18,brooklyn,1849 HARING STREET NYC
4,ASTORIA,02 TWO FAMILY DWELLINGS,1,715,15,B1,25-73 44TH STREET,11103.0,2.0,0.0,2.0,2500.0,1800.0,1920.0,1,B1,941000,2019-08-29,queens,25-73 44TH STREET NYC
3,BERGEN BEACH,03 THREE FAMILY DWELLINGS,1,8343,13,C0,1153 EAST 73RD ST,11234.0,3.0,0.0,3.0,3008.0,3388.0,1970.0,1,C0,1225000,2019-06-28,brooklyn,1153 EAST 73RD ST NYC
3,CYPRESS HILLS,02 TWO FAMILY DWELLINGS,1,4129,29,B2,392 RIDGEWOOD AVENUE,11208.0,2.0,0.0,2.0,1978.0,2916.0,1901.0,1,B2,950000,2019-07-12,brooklyn,392 RIDGEWOOD AVENUE NYC
3,SUNSET PARK,02 TWO FAMILY DWELLINGS,1,767,58,B9,657 48TH STREET,11220.0,2.0,0.0,2.0,1970.0,1864.0,1920.0,1,B9,1170000,2019-12-10,brooklyn,657 48TH STREET NYC
3,OLD MILL BASIN,02 TWO FAMILY DWELLINGS,1,8385,28,B9,1433 EAST 63RD STREET,11234.0,2.0,0.0,2.0,2976.0,2760.0,1965.0,1,B9,875000,2019-06-20,brooklyn,1433 EAST 63RD STREET NYC
4,BELLEROSE,01 ONE FAMILY DWELLINGS,1,8630,67,A1,86-03 248TH STREET,11426.0,1.0,0.0,1.0,4016.0,1308.0,1935.0,1,A1,700000,2019-09-06,queens,86-03 248TH STREET NYC
5,SILVER LAKE,01 ONE FAMILY DWELLINGS,1,129,33,A2,150 SILVER LAKE ROAD,10301.0,1.0,0.0,1.0,4800.0,744.0,1920.0,1,A2,465000,2019-01-31,statenisland,150 SILVER LAKE ROAD NYC
4,RIDGEWOOD,07 RENTALS - WALKUP APARTMENTS,2A,3619,76,C3,64-56 MADISON STREET,11385.0,4.0,0.0,4.0,2567.0,3560.0,1930.0,2,C3,1500000,2019-10-01,queens,64-56 MADISON STREET NYC
4,CORONA,02 TWO FAMILY DWELLINGS,1,1887,51,B3,50-38 96TH STREET,11368.0,2.0,0.0,2.0,2100.0,1632.0,1930.0,1,B3,751465,2019-06-25,queens,50-38 96TH STREET NYC
4,BAYSIDE,02 TWO FAMILY DWELLINGS,1,6242,123,B2,39-14 214TH PLACE,11361.0,2.0,0.0,2.0,1290.0,1702.0,1931.0,1,B2,773870,2019-12-30,queens,39-14 214TH PLACE NYC
4,SO. JAMAICA-BAISLEY PARK,02 TWO FAMILY DWELLINGS,1,12113,59,B1,133-42 147TH STREET,11436.0,2.0,0.0,2.0,2450.0,1650.0,2007.0,1,B1,362900,2019-09-06,queens,133-42 147TH STREET NYC
5,CASTLETON CORNERS,01 ONE FAMILY DWELLINGS,1,358,62,A1,301 COLLEGE AVENUE,10314.0,1.0,0.0,1.0,3600.0,1705.0,1920.0,1,A1,670000,2019-05-06,statenisland,301 COLLEGE AVENUE NYC
4,REGO PARK,01 ONE FAMILY DWELLINGS,1,3117,44,A1,6212 ELLWELL CRESCENT,11374.0,1.0,0.0,1.0,4000.0,2102.0,1923.0,1,A1,1075000,2019-11-04,queens,6212 ELLWELL CRESCENT NYC
3,BOROUGH PARK,02 TWO FAMILY DWELLINGS,1,5689,41,B1,5602 12TH AVENUE,11219.0,2.0,0.0,2.0,2217.0,2800.0,1925.0,1,B1,1670000,2019-08-12,brooklyn,5602 12TH AVENUE NYC
4,CORONA,03 THREE FAMILY DWELLINGS,1,1934,48,C0,103-39 51ST AVENUE,11368.0,3.0,0.0,3.0,1369.0,1400.0,1920.0,1,C0,830000,2019-02-13,queens,103-39 51ST AVENUE NYC
5,WOODROW,01 ONE FAMILY DWELLINGS,1,6958,11,A5,1050A RATHBUN AVENUE,10309.0,1.0,0.0,1.0,800.0,960.0,1987.0,1,A5,396900,2019-11-19,statenisland,1050A RATHBUN AVENUE NYC
4,SPRINGFIELD GARDENS,01 ONE FAMILY DWELLINGS,1,12526,142,A1,176-24A 126TH AVENUE,11434.0,1.0,0.0,1.0,2156.0,1280.0,2003.0,1,A1,440000,2019-08-22,queens,176-24A 126TH AVENUE NYC
4,RICHMOND HILL,01 ONE FAMILY DWELLINGS,1,9533,26,A1,104-46 111TH STREET,11419.0,1.0,0.0,1.0,3269.0,1266.0,1920.0,1,A1,615000,2019-06-24,queens,104-46 111TH STREET NYC
5,ROSSVILLE,01 ONE FAMILY DWELLINGS,1,7086,68,A1,157 LUCILLE AVENUE,10309.0,1.0,0.0,1.0,3793.0,1776.0,1984.0,1,A1,695000,2019-01-15,statenisland,157 LUCILLE AVENUE NYC
4,NEPONSIT,01 ONE FAMILY DWELLINGS,1,16296,37,A2,433 BEACH 145 STREET,11694.0,1.0,0.0,1.0,4000.0,1175.0,1930.0,1,A2,875000,2019-07-01,queens,433 BEACH 145 STREET NYC
2,THROGS NECK,03 THREE FAMILY DWELLINGS,1,5497,13,C0,257 KEARNEY AVENUE,10465.0,3.0,0.0,3.0,2625.0,2914.0,1960.0,1,C0,745000,2019-11-01,bronx,257 KEARNEY AVENUE NYC
3,FORT GREENE,03 THREE FAMILY DWELLINGS,1,2044,9,C0,121 CARLTON AVENUE,11205.0,3.0,0.0,3.0,2500.0,3750.0,2001.0,1,C0,1228000,2019-09-25,brooklyn,121 CARLTON AVENUE NYC
4,FAR ROCKAWAY,02 TWO FAMILY DWELLINGS,1,15788,132,B2,30-16 BROOKHAVEN AVENUE,11691.0,2.0,0.0,2.0,4617.0,2856.0,2001.0,1,B2,670000,2019-04-26,queens,30-16 BROOKHAVEN AVENUE NYC
4,LAURELTON,02 TWO FAMILY DWELLINGS,1,13124,28,B3,137-36 220TH STREET,11413.0,2.0,0.0,2.0,3800.0,2200.0,1955.0,1,B3,1092485,2019-09-06,queens,137-36 220TH STREET NYC
4,RICHMOND HILL,01 ONE FAMILY DWELLINGS,1,9607,5,A1,12710 107 AVENUE,11419.0,1.0,0.0,1.0,1820.0,1170.0,1920.0,1,A1,520000,2019-09-30,queens,12710 107 AVENUE NYC
2,CASTLE HILL/UNIONPORT,02 TWO FAMILY DWELLINGS,1,3681,53,B1,2061 STORY AVENUE,10473.0,2.0,0.0,2.0,2575.0,2200.0,1925.0,1,B1,710000,2019-07-09,bronx,2061 STORY AVENUE NYC
5,ELTINGVILLE,01 ONE FAMILY DWELLINGS,1,5624,20,A5,76 RYE AVENUE,10312.0,1.0,0.0,1.0,2800.0,1326.0,1975.0,1,A5,585000,2019-07-23,statenisland,76 RYE AVENUE NYC
3,CROWN HEIGHTS,03 THREE FAMILY DWELLINGS,1,1342,60,C0,1717 DEAN STREET,11213.0,3.0,0.0,3.0,1929.0,2700.0,2004.0,1,C0,850000,2019-04-23,brooklyn,1717 DEAN STREET NYC
4,ROSEDALE,01 ONE FAMILY DWELLINGS,1,13544,34,A1,24126 NEWHALL AVENUE,11422.0,1.0,0.0,1.0,3000.0,1498.0,1920.0,1,A1,410000,2019-05-13,queens,24126 NEWHALL AVENUE NYC
4,EAST ELMHURST,01 ONE FAMILY DWELLINGS,1,1654,33,A1,25-12 CURTIS STREET,11369.0,1.0,0.0,1.0,2500.0,1568.0,1925.0,1,A1,714529,2019-09-11,queens,25-12 CURTIS STREET NYC
5,CONCORD,01 ONE FAMILY DWELLINGS,1,2879,79,A1,556 TARGEE STREET,10304.0,1.0,0.0,1.0,2576.0,1200.0,1925.0,1,A1,423000,2019-05-10,statenisland,556 TARGEE STREET NYC
3,FLATBUSH-NORTH,07 RENTALS - WALKUP APARTMENTS,2A,4628,52,C3,259 EAST 92ND STREET,11212.0,4.0,0.0,4.0,2717.0,3280.0,1930.0,2,C3,1150474,2019-11-06,brooklyn,259 EAST 92ND STREET NYC
3,EAST NEW YORK,01 ONE FAMILY DWELLINGS,1,4178,26,A5,280 95 AVENUE,11208.0,1.0,0.0,1.0,2098.0,1632.0,1910.0,1,A5,575000,2019-03-22,brooklyn,280 95 AVENUE NYC
4,HOWARD BEACH,02 TWO FAMILY DWELLINGS,1,11412,16,B2,149-18 81ST STREET,11414.0,2.0,0.0,2.0,4004.0,3120.0,1960.0,1,B2,960000,2019-03-22,queens,149-18 81ST STREET NYC
4,ELMHURST,02 TWO FAMILY DWELLINGS,1,1604,48,B2,47-26 JUNCTION BOULEVARD,11368.0,2.0,0.0,2.0,2500.0,1760.0,1901.0,1,B2,950000,2019-04-16,queens,47-26 JUNCTION BOULEVARD NYC
2,SCHUYLERVILLE/PELHAM BAY,07 RENTALS - WALKUP APARTMENTS,2A,4197,24,C3,1817 PARKVIEW AVENUE,10461.0,4.0,0.0,4.0,2500.0,3444.0,1927.0,2,C3,470000,2019-07-11,bronx,1817 PARKVIEW AVENUE NYC
4,EAST ELMHURST,02 TWO FAMILY DWELLINGS,1,1093,76,B3,23-11 99TH STREET,11369.0,2.0,0.0,2.0,3611.0,2145.0,1930.0,1,B3,1200000,2019-04-15,queens,23-11 99TH STREET NYC
3,EAST NEW YORK,01 ONE FAMILY DWELLINGS,1,3981,4,A9,323 BARBEY STREET,11207.0,1.0,0.0,1.0,1500.0,1884.0,1910.0,1,A9,599000,2019-07-22,brooklyn,323 BARBEY STREET NYC
5,TOTTENVILLE,01 ONE FAMILY DWELLINGS,1,7867,63,A1,164 SPRAGUE AVENUE,10307.0,1.0,0.0,1.0,3600.0,1536.0,1925.0,1,A1,655000,2019-10-11,statenisland,164 SPRAGUE AVENUE NYC
2,THROGS NECK,01 ONE FAMILY DWELLINGS,1,5441,56,A5,539 HOLLYWOOD AVENUE,10465.0,1.0,0.0,1.0,1800.0,1831.0,1960.0,1,A5,525000,2019-07-26,bronx,539 HOLLYWOOD AVENUE NYC
5,WILLOWBROOK,01 ONE FAMILY DWELLINGS,1,821,87,A5,133 ROOSEVELT AVENUE,10314.0,1.0,0.0,1.0,2200.0,1700.0,2013.0,1,A5,595000,2019-05-31,statenisland,133 ROOSEVELT AVENUE NYC
4,GLENDALE,02 TWO FAMILY DWELLINGS,1,3708,49,B1,73-38 71ST STREET,11385.0,2.0,0.0,2.0,2018.0,2080.0,1910.0,1,B1,840000,2019-08-28,queens,73-38 71ST STREET NYC
5,PORT RICHMOND,01 ONE FAMILY DWELLINGS,1,1039,127,A1,29 BACHE STREET,10302.0,1.0,0.0,1.0,2550.0,1620.0,1985.0,1,A1,499000,2019-07-19,statenisland,29 BACHE STREET NYC
4,SO. JAMAICA-BAISLEY PARK,01 ONE FAMILY DWELLINGS,1,12210,69,A1,150-20 119TH AVENUE,11434.0,1.0,0.0,1.0,2280.0,1217.0,1930.0,1,A1,350000,2019-12-17,queens,150-20 119TH AVENUE NYC
3,MANHATTAN BEACH,02 TWO FAMILY DWELLINGS,1,8758,59,B9,141 OXFORD STREET,11235.0,2.0,0.0,2.0,2900.0,1790.0,1940.0,1,B9,850000,2019-07-31,brooklyn,141 OXFORD STREET NYC
3,BAY RIDGE,02 TWO FAMILY DWELLINGS,1,5959,42,S2,7704 3RD AVENUE,11209.0,2.0,1.0,3.0,1600.0,3000.0,1931.0,1,S2,1950000,2019-03-28,brooklyn,7704 3RD AVENUE NYC
5,BULLS HEAD,01 ONE FAMILY DWELLINGS,1,2230,12,A5,41 SIDEVIEW AVENUE,10314.0,1.0,0.0,1.0,1500.0,1200.0,1995.0,1,A5,503000,2019-06-19,statenisland,41 SIDEVIEW AVENUE NYC
5,ARDEN HEIGHTS,01 ONE FAMILY DWELLINGS,1,5730,15,A5,451 WOODROW ROAD,10312.0,1.0,0.0,1.0,4442.0,1874.0,2007.0,1,A5,720000,2019-03-22,statenisland,451 WOODROW ROAD NYC
4,ST. ALBANS,01 ONE FAMILY DWELLINGS,1,10409,19,A1,185-25 JORDAN AVENUE,11412.0,1.0,0.0,1.0,4000.0,1652.0,1920.0,1,A1,459375,2019-06-28,queens,185-25 JORDAN AVENUE NYC
5,GRASMERE,01 ONE FAMILY DWELLINGS,1,3158,38,A9,1986 CLOVE ROAD,10304.0,1.0,0.0,1.0,2500.0,1921.0,1990.0,1,A9,595000,2019-06-03,statenisland,1986 CLOVE ROAD NYC
2,BELMONT,01 ONE FAMILY DWELLINGS,1,3086,13,A1,2240 HUGHES AVENUE,10457.0,1.0,0.0,1.0,1750.0,2184.0,1905.0,1,A1,380000,2019-04-10,bronx,2240 HUGHES AVENUE NYC
3,BAY RIDGE,01 ONE FAMILY DWELLINGS,1,5975,39,A1,51 80TH STREET,11209.0,1.0,0.0,1.0,2510.0,1600.0,1930.0,1,A1,1500000,2019-07-26,brooklyn,51 80TH STREET NYC
4,GLEN OAKS,01 ONE FAMILY DWELLINGS,1,8501,16,A5,250-19 SHILOH AVENUE,11426.0,1.0,0.0,1.0,2296.0,896.0,1950.0,1,A5,540000,2019-11-13,queens,250-19 SHILOH AVENUE NYC
5,ARDEN HEIGHTS,01 ONE FAMILY DWELLINGS,1,5724,59,A5,99 GARY STREET,10312.0,1.0,0.0,1.0,2600.0,1536.0,2002.0,1,A5,610000,2019-10-30,statenisland,99 GARY STREET NYC
5,HUGUENOT,01 ONE FAMILY DWELLINGS,1,6313,36,A2,246 DELMAR AVENUE,10312.0,1.0,0.0,1.0,4000.0,2008.0,1975.0,1,A2,400000,2019-09-27,statenisland,246 DELMAR AVENUE NYC
3,GREENPOINT,02 TWO FAMILY DWELLINGS,1,2836,43,B9,107 BEADEL STREET,11222.0,2.0,0.0,2.0,2000.0,2000.0,1910.0,1,B9,995000,2019-12-04,brooklyn,107 BEADEL STREET NYC
3,EAST NEW YORK,02 TWO FAMILY DWELLINGS,1,4084,3,B2,649 ESSEX ST,11208.0,2.0,0.0,2.0,2002.0,1520.0,1986.0,1,B2,593000,2019-01-04,brooklyn,649 ESSEX ST NYC
3,CANARSIE,02 TWO FAMILY DWELLINGS,1,8073,56,B1,1306 EAST 83RD STREET,11236.0,2.0,0.0,2.0,2400.0,3396.0,1960.0,1,B1,610000,2019-07-17,brooklyn,1306 EAST 83RD STREET NYC
4,KEW GARDENS,01 ONE FAMILY DWELLINGS,1,3325,20,A3,82-20 BEVERLY ROAD,11415.0,1.0,0.0,1.0,3157.0,1648.0,1920.0,1,A3,1699000,2019-06-14,queens,82-20 BEVERLY ROAD NYC
3,BENSONHURST,02 TWO FAMILY DWELLINGS,1,6197,61,B2,2113 73RD STREET,11204.0,2.0,0.0,2.0,2500.0,2480.0,1925.0,1,B2,1530000,2019-09-23,brooklyn,2113 73RD STREET NYC
4,FOREST HILLS,02 TWO FAMILY DWELLINGS,1,2170,13,B1,108-16 64TH AVENUE,11375.0,2.0,0.0,2.0,2867.0,1700.0,1950.0,1,B1,900000,2019-11-06,queens,108-16 64TH AVENUE NYC
4,JAMAICA BAY,02 TWO FAMILY DWELLINGS,1,16019,9,B2,65-30 BAYFIELD AVENUE,11692.0,2.0,0.0,2.0,3500.0,2150.0,2000.0,1,B2,575000,2019-09-20,queens,65-30 BAYFIELD AVENUE NYC
5,SOUTH BEACH,02 TWO FAMILY DWELLINGS,1,3351,41,B2,77 LACONIA AVENUE,10305.0,2.0,0.0,2.0,3800.0,1976.0,1960.0,1,B2,580000,2019-04-09,statenisland,77 LACONIA AVENUE NYC
2,MORRISANIA/LONGWOOD,01 ONE FAMILY DWELLINGS,1,2677,4,A5,844 UNION AVENUE,10459.0,1.0,0.0,1.0,1890.0,1152.0,1993.0,1,A5,460000,2019-03-29,bronx,844 UNION AVENUE NYC
3,FLATBUSH-LEFFERTS GARDEN,01 ONE FAMILY DWELLINGS,1,5034,59,A4,109 RUTLAND ROAD,11225.0,1.0,0.0,1.0,1775.0,2304.0,1930.0,1,A4,1950000,2019-05-10,brooklyn,109 RUTLAND ROAD NYC
3,FLATBUSH-CENTRAL,02 TWO FAMILY DWELLINGS,1,5230,43,B2,536 EAST 29TH STREET,11210.0,2.0,0.0,2.0,4000.0,3201.0,1915.0,1,B2,975000,2019-10-01,brooklyn,536 EAST 29TH STREET NYC
4,GLENDALE,02 TWO FAMILY DWELLINGS,1,3851,137,B3,89-33 AUBREY AVENUE,11385.0,2.0,0.0,2.0,2500.0,1350.0,1920.0,1,B3,720000,2019-01-23,queens,89-33 AUBREY AVENUE NYC
4,ROSEDALE,01 ONE FAMILY DWELLINGS,1,13463,40,A2,22902 146TH AVENUE,11413.0,1.0,0.0,1.0,3742.0,1258.0,1920.0,1,A2,325000,2019-11-14,queens,22902 146TH AVENUE NYC
3,WINDSOR TERRACE,01 ONE FAMILY DWELLINGS,1,5270,7,A9,114 VANDERBILT STREET,11218.0,1.0,0.0,1.0,1918.0,1056.0,1910.0,1,A9,1321500,2019-10-24,brooklyn,114 VANDERBILT STREET NYC
3,OCEAN PARKWAY-SOUTH,02 TWO FAMILY DWELLINGS,1,7152,28,B3,2250 EAST 1ST STREET,11223.0,2.0,0.0,2.0,2000.0,1152.0,1930.0,1,B3,1027000,2019-07-02,brooklyn,2250 EAST 1ST STREET NYC
3,CROWN HEIGHTS,02 TWO FAMILY DWELLINGS,1,1277,43,B3,318 BROOKLYN AVENUE,11213.0,2.0,0.0,2.0,2600.0,2592.0,1940.0,1,B3,1310000,2019-12-04,brooklyn,318 BROOKLYN AVENUE NYC
5,MIDLAND BEACH,01 ONE FAMILY DWELLINGS,1,3806,15,A1,186 COLONY AVENUE,10306.0,1.0,0.0,1.0,2000.0,1000.0,1925.0,1,A1,485000,2019-02-15,statenisland,186 COLONY AVENUE NYC
2,BAYCHESTER,02 TWO FAMILY DWELLINGS,1,4746,7,B1,3251 EASTCHESTER ROAD,10469.0,2.0,0.0,2.0,2200.0,1475.0,1955.0,1,B1,476000,2019-12-11,bronx,3251 EASTCHESTER ROAD NYC
2,BEDFORD PARK/NORWOOD,01 ONE FAMILY DWELLINGS,1,3311,30,A5,3164 VILLA AVENUE,10468.0,1.0,0.0,1.0,1800.0,960.0,2005.0,1,A5,750000,2019-06-28,bronx,3164 VILLA AVENUE NYC
5,WEST NEW BRIGHTON,01 ONE FAMILY DWELLINGS,1,181,70,A1,495 DELAFIELD AVENUE,10310.0,1.0,0.0,1.0,3650.0,1840.0,2018.0,1,A1,580528,2019-06-03,statenisland,495 DELAFIELD AVENUE NYC
4,ELMHURST,01 ONE FAMILY DWELLINGS,1,2482,70,A5,5234 72ND STREET,11378.0,1.0,0.0,1.0,1700.0,1462.0,1950.0,1,A5,788000,2019-12-11,queens,5234 72ND STREET NYC
4,SOUTH JAMAICA,02 TWO FAMILY DWELLINGS,1,12164,18,B2,110-15 160TH STREET,11433.0,2.0,0.0,2.0,3500.0,2370.0,2004.0,1,B2,630000,2019-04-23,queens,110-15 160TH STREET NYC
4,REGO PARK,01 ONE FAMILY DWELLINGS,1,3169,58,A5,100-35 67TH DRIVE,11375.0,1.0,0.0,1.0,2200.0,1560.0,1942.0,1,A5,925000,2019-07-19,queens,100-35 67TH DRIVE NYC
5,MANOR HEIGHTS,01 ONE FAMILY DWELLINGS,1,815,35,A1,185 GRAVES STREET,10314.0,1.0,0.0,1.0,4000.0,2478.0,1955.0,1,A1,725000,2019-09-20,statenisland,185 GRAVES STREET NYC
4,FRESH MEADOWS,01 ONE FAMILY DWELLINGS,1,7071,37,A5,61-27 182ND STREET,11365.0,1.0,0.0,1.0,2350.0,1056.0,1950.0,1,A5,790000,2019-07-02,queens,61-27 182ND STREET NYC
4,ROSEDALE,02 TWO FAMILY DWELLINGS,1,13651,89,B2,253-32 147TH DRIVE,11422.0,2.0,0.0,2.0,3374.0,2160.0,1960.0,1,B2,760000,2019-02-20,queens,253-32 147TH DRIVE NYC
5,CONCORD,01 ONE FAMILY DWELLINGS,1,2883,18,A2,660 TARGEE STREET,10304.0,1.0,0.0,1.0,4600.0,864.0,1960.0,1,A2,390000,2019-06-14,statenisland,660 TARGEE STREET NYC
3,PARK SLOPE SOUTH,02 TWO FAMILY DWELLINGS,1,1055,41,B3,32 JACKSON PLACE,11215.0,2.0,0.0,2.0,1269.0,2292.0,1901.0,1,B3,1854000,2019-08-29,brooklyn,32 JACKSON PLACE NYC
3,EAST NEW YORK,01 ONE FAMILY DWELLINGS,1,4209,24,A9,180 FOUNTAIN AVENUE,11208.0,1.0,0.0,1.0,2000.0,1497.0,1920.0,1,A9,500000,2019-04-18,brooklyn,180 FOUNTAIN AVENUE NYC
4,ASTORIA,03 THREE FAMILY DWELLINGS,1,716,17,C0,25-69 45TH STREET,11103.0,3.0,0.0,3.0,2500.0,1280.0,1915.0,1,C0,1200000,2019-12-02,queens,25-69 45TH STREET NYC
2,BAYCHESTER,02 TWO FAMILY DWELLINGS,1,4985,62,B1,4059 HILL AVENUE,10466.0,2.0,0.0,2.0,1829.0,2023.0,1955.0,1,B1,697000,2019-07-10,bronx,4059 HILL AVENUE NYC
5,TOTTENVILLE,02 TWO FAMILY DWELLINGS,1,8025,37,B2,111 JOHNSON AVENUE,10307.0,2.0,0.0,2.0,4500.0,1828.0,1905.0,1,B2,446160,2019-10-11,statenisland,111 JOHNSON AVENUE NYC
4,KEW GARDENS,01 ONE FAMILY DWELLINGS,1,9251,26,A1,85-16 131ST STREET,11415.0,1.0,0.0,1.0,1975.0,1312.0,1915.0,1,A1,650000,2019-10-29,queens,85-16 131ST STREET NYC
3,WINDSOR TERRACE,01 ONE FAMILY DWELLINGS,1,5275,40,A1,37 REEVE PLACE,11218.0,1.0,0.0,1.0,2500.0,900.0,1905.0,1,A1,1150000,2019-12-04,brooklyn,37 REEVE PLACE NYC
5,GRYMES HILL,01 ONE FAMILY DWELLINGS,1,630,62,A1,46 WETMORE ROAD,10301.0,1.0,0.0,1.0,4440.0,1600.0,1960.0,1,A1,699000,2019-11-14,statenisland,46 WETMORE ROAD NYC
4,HOLLIS,01 ONE FAMILY DWELLINGS,1,10587,36,A1,88-16 HOLLIS COURT BLVD.,11427.0,1.0,0.0,1.0,4512.0,1298.0,1925.0,1,A1,622500,2019-12-20,queens,88-16 HOLLIS COURT BLVD. NYC
4,SOUTH OZONE PARK,01 ONE FAMILY DWELLINGS,1,11740,29,A1,133-11 LEFFERTS BOULEVARD,11420.0,1.0,0.0,1.0,2280.0,1280.0,1920.0,1,A1,549855,2019-08-30,queens,133-11 LEFFERTS BOULEVARD NYC
4,ROSEDALE,02 TWO FAMILY DWELLINGS,1,13689,80,B2,259-11 149TH AVENUE,11422.0,2.0,0.0,2.0,4000.0,2392.0,1950.0,1,B2,685000,2019-06-24,queens,259-11 149TH AVENUE NYC
3,BOROUGH PARK,02 TWO FAMILY DWELLINGS,1,5520,63,B3,1939 61 STREET,11204.0,2.0,0.0,2.0,2000.0,1536.0,1930.0,1,B3,998000,2019-12-11,brooklyn,1939 61 STREET NYC
5,TOTTENVILLE,02 TWO FAMILY DWELLINGS,1,7906,28,B2,578 MAIN STREET,10307.0,2.0,0.0,2.0,2375.0,1600.0,1993.0,1,B9,685000,2019-07-08,statenisland,578 MAIN STREET NYC
4,HOWARD BEACH,01 ONE FAMILY DWELLINGS,1,13980,30,A2,158-50 82ND STREET,11414.0,1.0,0.0,1.0,4387.0,1092.0,1960.0,1,A2,630000,2019-05-28,queens,158-50 82ND STREET NYC
2,COUNTRY CLUB,01 ONE FAMILY DWELLINGS,1,5472,57,A5,858 THROGS NECK EXPRESSWAY,10465.0,1.0,0.0,1.0,1800.0,1798.0,1965.0,1,A5,560000,2019-05-09,bronx,858 THROGS NECK EXPRESSWAY NYC
3,SHEEPSHEAD BAY,01 ONE FAMILY DWELLINGS,1,7348,58,A9,2151 EAST 15TH STREET,11229.0,1.0,0.0,1.0,1500.0,1376.0,1925.0,1,A9,600000,2019-03-07,brooklyn,2151 EAST 15TH STREET NYC
3,BAY RIDGE,02 TWO FAMILY DWELLINGS,1,5952,18,B1,526 76TH STREET,11209.0,2.0,0.0,2.0,2000.0,1800.0,1910.0,1,B1,1365000,2019-06-03,brooklyn,526 76TH STREET NYC
3,BEDFORD STUYVESANT,03 THREE FAMILY DWELLINGS,1,1762,26,C0,919 BEDFORD AVENUE,11205.0,3.0,0.0,3.0,2000.0,3360.0,1901.0,1,C0,1675000,2019-10-30,brooklyn,919 BEDFORD AVENUE NYC
5,MIDLAND BEACH,01 ONE FAMILY DWELLINGS,1,3802,20,A5,"516A MIDLAND AVENUE, *",10306.0,1.0,0.0,1.0,1284.0,1300.0,1980.0,1,A5,390000,2019-11-08,statenisland,"516A MIDLAND AVENUE, * NYC"
4,RIDGEWOOD,02 TWO FAMILY DWELLINGS,1,3474,4,S2,58-26 CATALPA AVENUE,11385.0,2.0,1.0,3.0,862.0,1400.0,1901.0,1,S2,750000,2019-08-12,queens,58-26 CATALPA AVENUE NYC
5,NEW BRIGHTON,01 ONE FAMILY DWELLINGS,1,84,22,A5,124 PENDLETON PLACE,10301.0,1.0,0.0,1.0,2917.0,1220.0,1994.0,1,A5,470000,2019-09-25,statenisland,124 PENDLETON PLACE NYC
5,MARINERS HARBOR,01 ONE FAMILY DWELLINGS,1,1149,43,A5,2520 RICHMOND TERRACE,10303.0,1.0,0.0,1.0,2400.0,1200.0,2003.0,1,A5,371000,2019-11-26,statenisland,2520 RICHMOND TERRACE NYC
4,JACKSON HEIGHTS,02 TWO FAMILY DWELLINGS,1,1177,26,B1,32-42 82ND STREET,11370.0,2.0,0.0,2.0,2500.0,2176.0,1920.0,1,B1,1300000,2019-10-22,queens,32-42 82ND STREET NYC
4,HOLLIS,01 ONE FAMILY DWELLINGS,1,10456,74,A1,89-11 191ST STREET,11423.0,1.0,0.0,1.0,4000.0,2274.0,1925.0,1,A1,940000,2019-02-18,queens,89-11 191ST STREET NYC
4,WOODHAVEN,01 ONE FAMILY DWELLINGS,1,8944,10,A1,74-28 90 AVENUE,11421.0,1.0,0.0,1.0,2325.0,1568.0,1925.0,1,A1,395000,2019-02-12,queens,74-28 90 AVENUE NYC
4,QUEENS VILLAGE,01 ONE FAMILY DWELLINGS,1,10646,18,A1,90-07 213TH STREET,11428.0,1.0,0.0,1.0,2340.0,1334.0,1925.0,1,A1,605000,2019-07-15,queens,90-07 213TH STREET NYC
4,SOUTH OZONE PARK,01 ONE FAMILY DWELLINGS,1,11779,18,A1,131-23 134TH STREET,11420.0,1.0,0.0,1.0,3225.0,1298.0,1930.0,1,A1,629000,2019-07-03,queens,131-23 134TH STREET NYC
4,QUEENS VILLAGE,02 TWO FAMILY DWELLINGS,1,11198,98,B3,218-46 110TH AVENUE,11429.0,2.0,0.0,2.0,3550.0,1972.0,1920.0,1,B3,600000,2019-10-23,queens,218-46 110TH AVENUE NYC
5,MIDLAND BEACH,01 ONE FAMILY DWELLINGS,1,3712,37,A9,536 NAUGHTON AVENUE,10305.0,1.0,0.0,1.0,2600.0,2100.0,1975.0,1,A9,539988,2019-09-10,statenisland,536 NAUGHTON AVENUE NYC
5,ELTINGVILLE,01 ONE FAMILY DWELLINGS,1,5671,55,A5,111 LORING AVENUE,10312.0,1.0,0.0,1.0,3000.0,1600.0,1978.0,1,A1,510000,2019-07-19,statenisland,111 LORING AVENUE NYC
3,CYPRESS HILLS,02 TWO FAMILY DWELLINGS,1,4116,64,B1,355 RIDGEWOOD AVENUE,11208.0,2.0,0.0,2.0,1820.0,2080.0,1901.0,1,B1,515000,2019-08-01,brooklyn,355 RIDGEWOOD AVENUE NYC
4,SPRINGFIELD GARDENS,01 ONE FAMILY DWELLINGS,1,13079,27,A0,183-10 143RD AVENUE,11413.0,1.0,0.0,1.0,4000.0,1604.0,1950.0,1,A0,430000,2019-05-15,queens,183-10 143RD AVENUE NYC
4,FOREST HILLS,01 ONE FAMILY DWELLINGS,1,3228,8,A3,70-06 GROTON STREET,11375.0,1.0,0.0,1.0,4000.0,2532.0,1925.0,1,A3,1710000,2019-05-31,queens,70-06 GROTON STREET NYC
4,JACKSON HEIGHTS,03 THREE FAMILY DWELLINGS,1,1165,13,C0,3214 70TH ST,11370.0,3.0,0.0,3.0,2100.0,2760.0,1965.0,1,C0,900000,2019-01-30,queens,3214 70TH ST NYC
3,CANARSIE,02 TWO FAMILY DWELLINGS,1,8295,2,B1,9219 SEAVIEW AVE,11236.0,2.0,0.0,2.0,2118.0,1586.0,1960.0,1,B1,640000,2019-03-14,brooklyn,9219 SEAVIEW AVE NYC
4,FLUSHING-SOUTH,01 ONE FAMILY DWELLINGS,1,6420,30,A5,61-51 146TH PLACE,11367.0,1.0,0.0,1.0,1800.0,1732.0,1940.0,1,A5,852000,2019-08-08,queens,61-51 146TH PLACE NYC
4,LAURELTON,01 ONE FAMILY DWELLINGS,1,13150,11,A1,139-43 224TH STREET,11413.0,1.0,0.0,1.0,4000.0,1200.0,1930.0,1,A1,507000,2019-11-15,queens,139-43 224TH STREET NYC
3,BENSONHURST,02 TWO FAMILY DWELLINGS,1,6282,5,B2,8009 15TH AVENUE,11228.0,2.0,0.0,2.0,2683.0,2124.0,1930.0,1,B2,1250000,2019-06-18,brooklyn,8009 15TH AVENUE NYC
5,GREAT KILLS,01 ONE FAMILY DWELLINGS,1,5267,96,A2,343 WINCHESTER AVENUE,10312.0,1.0,0.0,1.0,4000.0,1104.0,1965.0,1,A2,610000,2019-05-02,statenisland,343 WINCHESTER AVENUE NYC
5,WEST NEW BRIGHTON,01 ONE FAMILY DWELLINGS,1,157,61,A9,86 BEMENT AVENUE,10310.0,1.0,0.0,1.0,3200.0,1230.0,1955.0,1,A9,434000,2019-08-16,statenisland,86 BEMENT AVENUE NYC
3,FLATBUSH-EAST,03 THREE FAMILY DWELLINGS,1,4934,5,C0,398 EAST 35TH STREET,11203.0,3.0,0.0,3.0,1581.0,2550.0,1931.0,1,C0,700000,2019-01-15,brooklyn,398 EAST 35TH STREET NYC
4,ELMHURST,01 ONE FAMILY DWELLINGS,1,1871,55,A1,92-15 56TH AVENUE,11373.0,1.0,0.0,1.0,3144.0,1296.0,1920.0,1,A1,900000,2019-08-21,queens,92-15 56TH AVENUE NYC
4,ASTORIA,02 TWO FAMILY DWELLINGS,1,965,84,B3,21-15 49TH STREET,11105.0,2.0,0.0,2.0,3160.0,1892.0,1925.0,1,B3,975000,2019-04-03,queens,21-15 49TH STREET NYC
4,RICHMOND HILL,02 TWO FAMILY DWELLINGS,1,9294,9,B3,102-22 90TH AVENUE,11418.0,2.0,0.0,2.0,3000.0,1526.0,1920.0,1,B3,835000,2019-10-10,queens,102-22 90TH AVENUE NYC
5,NEW DORP,01 ONE FAMILY DWELLINGS,1,3641,30,A1,318 EDISON STREET,10306.0,1.0,0.0,1.0,4000.0,1504.0,1925.0,1,A1,555000,2019-03-15,statenisland,318 EDISON STREET NYC
5,MIDLAND BEACH,01 ONE FAMILY DWELLINGS,1,3717,36,A5,5 NUGENT CT,10306.0,1.0,0.0,1.0,1316.0,1020.0,1992.0,1,A5,438000,2019-12-30,statenisland,5 NUGENT CT NYC
4,MIDDLE VILLAGE,01 ONE FAMILY DWELLINGS,1,2995,5,A1,83-10 63RD AVENUE,11379.0,1.0,0.0,1.0,2600.0,2025.0,1930.0,1,A1,1047500,2019-12-23,queens,83-10 63RD AVENUE NYC
5,ROSSVILLE,01 ONE FAMILY DWELLINGS,1,6087,143,A5,14 RUMBA PLACE,10312.0,1.0,0.0,1.0,2086.0,1548.0,1996.0,1,A5,590000,2019-05-23,statenisland,14 RUMBA PLACE NYC
4,FRESH MEADOWS,01 ONE FAMILY DWELLINGS,1,7205,13,A2,75-22 189TH STREET,11366.0,1.0,0.0,1.0,4000.0,1376.0,1950.0,1,A2,950000,2019-03-28,queens,75-22 189TH STREET NYC
2,THROGS NECK,01 ONE FAMILY DWELLINGS,1,5592,45,A5,221 QUINCY AVENUE,10465.0,1.0,0.0,1.0,3100.0,1296.0,1950.0,1,A5,540000,2019-08-05,bronx,221 QUINCY AVENUE NYC
4,ASTORIA,02 TWO FAMILY DWELLINGS,1,810,27,B3,20-17 37TH STREET,11105.0,2.0,0.0,2.0,1900.0,1526.0,1940.0,1,B3,1325000,2019-11-08,queens,20-17 37TH STREET NYC
4,LONG ISLAND CITY,14 RENTALS - 4-10 UNIT,2A,361,10,S3,37-23 11 STREET,11101.0,3.0,1.0,4.0,2125.0,3384.0,1931.0,2,S3,1265000,2019-08-27,queens,37-23 11 STREET NYC
4,ST. ALBANS,01 ONE FAMILY DWELLINGS,1,12644,17,A1,119-38 189TH STREET,11412.0,1.0,0.0,1.0,2700.0,1568.0,1920.0,1,A1,367500,2019-06-17,queens,119-38 189TH STREET NYC
3,CYPRESS HILLS,03 THREE FAMILY DWELLINGS,1,4112,77,C0,68 ELDERT LANE,11208.0,3.0,0.0,3.0,2461.0,2248.0,1905.0,1,C0,780000,2019-11-05,brooklyn,68 ELDERT LANE NYC
5,GREAT KILLS,01 ONE FAMILY DWELLINGS,1,5316,73,A1,55 GROTON STREET,10312.0,1.0,0.0,1.0,3400.0,3044.0,2018.0,1,A1,804418,2019-12-03,statenisland,55 GROTON STREET NYC
3,BAY RIDGE,02 TWO FAMILY DWELLINGS,1,5904,146,B1,7205 72ND COURT,11209.0,2.0,0.0,2.0,1620.0,1876.0,1945.0,1,B1,1225000,2019-05-17,brooklyn,7205 72ND COURT NYC
4,KEW GARDENS,01 ONE FAMILY DWELLINGS,1,9266,16,A1,85-12 121ST STREET,11415.0,1.0,0.0,1.0,3325.0,2133.0,1910.0,1,A1,760000,2019-04-10,queens,85-12 121ST STREET NYC
5,WOODROW,02 TWO FAMILY DWELLINGS,1,7092,19,B9,84 CRABTREE AVENUE,10309.0,2.0,0.0,2.0,2337.0,1510.0,2010.0,1,B9,685000,2019-10-29,statenisland,84 CRABTREE AVENUE NYC
3,CANARSIE,02 TWO FAMILY DWELLINGS,1,8059,21,B9,6 PAERDEGAT 9TH STREET,11236.0,2.0,0.0,2.0,1983.0,2375.0,1965.0,1,B9,665000,2019-11-14,brooklyn,6 PAERDEGAT 9TH STREET NYC
5,ARDEN HEIGHTS,01 ONE FAMILY DWELLINGS,1,6025,13,A5,22 KRISSA COURT,10312.0,1.0,0.0,1.0,2340.0,1984.0,2001.0,1,A5,599000,2019-05-24,statenisland,22 KRISSA COURT NYC
3,OLD MILL BASIN,02 TWO FAMILY DWELLINGS,1,7856,63,B1,1242 EAST 59TH STREET,11234.0,2.0,0.0,2.0,2733.0,1980.0,1960.0,1,B1,800000,2019-09-09,brooklyn,1242 EAST 59TH STREET NYC
2,THROGS NECK,02 TWO FAMILY DWELLINGS,1,5577,15,B2,451 REVERE AVENUE,10465.0,2.0,0.0,2.0,2185.0,1890.0,1910.0,1,B2,585000,2019-03-22,bronx,451 REVERE AVENUE NYC
2,EAST TREMONT,02 TWO FAMILY DWELLINGS,1,3093,18,B2,1998 CLINTON AVENUE,10457.0,2.0,0.0,2.0,2000.0,2280.0,1920.0,1,B2,382000,2019-07-17,bronx,1998 CLINTON AVENUE NYC
4,MIDDLE VILLAGE,01 ONE FAMILY DWELLINGS,1,2968,64,A5,62-45 81ST STREET,11379.0,1.0,0.0,1.0,1800.0,1204.0,1940.0,1,A5,830000,2019-07-19,queens,62-45 81ST STREET NYC
5,ROSEBANK,01 ONE FAMILY DWELLINGS,1,3013,1,A5,354 ST JOHNS AVENUE,10305.0,1.0,0.0,1.0,1875.0,1864.0,1999.0,1,A5,532000,2019-03-12,statenisland,354 ST JOHNS AVENUE NYC
3,FLATBUSH-EAST,02 TWO FAMILY DWELLINGS,1,5023,2,B1,4604 FARRAGUT ROAD,11203.0,2.0,0.0,2.0,1983.0,2000.0,1960.0,1,B1,635000,2019-01-04,brooklyn,4604 FARRAGUT ROAD NYC
5,NEW DORP-BEACH,01 ONE FAMILY DWELLINGS,1,4131,84,A5,19 PELICAN CIRCLE,10306.0,1.0,0.0,1.0,1278.0,1425.0,1997.0,1,A5,490000,2019-10-30,statenisland,19 PELICAN CIRCLE NYC
3,FLATLANDS,01 ONE FAMILY DWELLINGS,1,7824,8,A5,4407 AVENUE L,11234.0,1.0,0.0,1.0,2000.0,1666.0,1915.0,1,A5,610000,2019-05-13,brooklyn,4407 AVENUE L NYC
4,WOODSIDE,01 ONE FAMILY DWELLINGS,1,1240,74,A2,56-25 ROOSEVELT AVENUE,11377.0,1.0,0.0,1.0,2625.0,560.0,1901.0,1,A2,700000,2019-01-16,queens,56-25 ROOSEVELT AVENUE NYC
2,BAYCHESTER,01 ONE FAMILY DWELLINGS,1,4898,29,A5,1233 EAST 223 STREET,10466.0,1.0,0.0,1.0,1600.0,960.0,1955.0,1,A5,350000,2019-03-25,bronx,1233 EAST 223 STREET NYC
4,SPRINGFIELD GARDENS,02 TWO FAMILY DWELLINGS,1,13027,35,B2,137-19 BELKNAP STREET,11413.0,2.0,0.0,2.0,3450.0,2058.0,2006.0,1,B2,1024622,2019-12-06,queens,137-19 BELKNAP STREET NYC
4,BELLEROSE,01 ONE FAMILY DWELLINGS,1,8630,71,A1,86-06 249TH STREET,11426.0,1.0,0.0,1.0,3296.0,1120.0,1935.0,1,A1,605000,2019-02-04,queens,86-06 249TH STREET NYC
4,RIDGEWOOD,02 TWO FAMILY DWELLINGS,1,3601,23,B2,64-12 65TH STREET,11379.0,2.0,0.0,2.0,1888.0,1702.0,1925.0,1,B2,789888,2019-09-10,queens,64-12 65TH STREET NYC
4,SPRINGFIELD GARDENS,01 ONE FAMILY DWELLINGS,1,12702,54,A1,122-12 MILBURN STREET,11413.0,1.0,0.0,1.0,4725.0,1012.0,1925.0,1,A1,583500,2019-12-23,queens,122-12 MILBURN STREET NYC
4,SO. JAMAICA-BAISLEY PARK,01 ONE FAMILY DWELLINGS,1,12026,95,A1,119-33 INWOOD STREET,11436.0,1.0,0.0,1.0,2500.0,980.0,1930.0,1,A1,315000,2019-10-24,queens,119-33 INWOOD STREET NYC
5,WEST NEW BRIGHTON,01 ONE FAMILY DWELLINGS,1,188,65,A1,48 ALASKA STREET,10310.0,1.0,0.0,1.0,2664.0,1350.0,1901.0,1,A1,579433,2019-10-07,statenisland,48 ALASKA STREET NYC
3,FLATBUSH-EAST,02 TWO FAMILY DWELLINGS,1,4764,13,B1,508 EAST 54TH STREET,11203.0,2.0,0.0,2.0,2000.0,1827.0,1945.0,1,B1,575000,2019-08-28,brooklyn,508 EAST 54TH STREET NYC
3,PARK SLOPE SOUTH,02 TWO FAMILY DWELLINGS,1,868,33,B9,356A PROSPECT AVENUE,11215.0,2.0,0.0,2.0,1603.0,1344.0,1915.0,1,B9,1500000,2019-01-15,brooklyn,356A PROSPECT AVENUE NYC
4,FLUSHING-NORTH,03 THREE FAMILY DWELLINGS,1,4951,75,C0,136-35 35TH AVE,11354.0,3.0,0.0,3.0,1243.0,3000.0,2001.0,1,C0,1218000,2019-02-12,queens,136-35 35TH AVE NYC
4,SUNNYSIDE,02 TWO FAMILY DWELLINGS,1,2295,78,B3,50-48 46 STREET,11377.0,2.0,0.0,2.0,2000.0,1305.0,1950.0,1,B3,855000,2019-02-12,queens,50-48 46 STREET NYC
4,LAURELTON,01 ONE FAMILY DWELLINGS,1,12902,18,A5,130-37 224TH STREET,11413.0,1.0,0.0,1.0,2042.0,1400.0,1935.0,1,A5,499000,2019-12-19,queens,130-37 224TH STREET NYC
2,MOTT HAVEN/PORT MORRIS,21 OFFICE BUILDINGS,4,2345,49,O1,349 GRAND CONCOURSE,10451.0,0.0,1.0,1.0,2436.0,2202.0,1931.0,4,O1,1100000,2019-04-16,bronx,349 GRAND CONCOURSE NYC
2,PELHAM GARDENS,03 THREE FAMILY DWELLINGS,1,4481,33,C0,2519 WOODHULL,10469.0,3.0,0.0,3.0,2500.0,2451.0,1940.0,1,C0,325000,2019-04-17,bronx,2519 WOODHULL NYC
5,GREAT KILLS,01 ONE FAMILY DWELLINGS,1,5190,42,A5,39 FAIRLAWN LOOP,10308.0,1.0,0.0,1.0,1403.0,1645.0,1989.0,1,A5,493000,2019-01-03,statenisland,39 FAIRLAWN LOOP NYC
4,QUEENS VILLAGE,01 ONE FAMILY DWELLINGS,1,10638,18,A1,91-10 VANDERVEER STREET,11428.0,1.0,0.0,1.0,2150.0,992.0,1920.0,1,A1,303690,2019-04-30,queens,91-10 VANDERVEER STREET NYC
3,BATH BEACH,03 THREE FAMILY DWELLINGS,1,6372,16,C0,8683 19TH AVENUE,11214.0,3.0,0.0,3.0,1600.0,3162.0,1920.0,1,C0,1370000,2019-04-30,brooklyn,8683 19TH AVENUE NYC
5,NEW DORP,01 ONE FAMILY DWELLINGS,1,4218,12,A1,111 10TH STREET,10306.0,1.0,0.0,1.0,4000.0,1360.0,1940.0,1,A1,573000,2019-06-20,statenisland,111 10TH STREET NYC
4,OZONE PARK,01 ONE FAMILY DWELLINGS,1,11364,37,A5,133-33 84TH STREET,11417.0,1.0,0.0,1.0,2000.0,1216.0,1940.0,1,A5,607500,2019-08-28,queens,133-33 84TH STREET NYC
4,SO. JAMAICA-BAISLEY PARK,07 RENTALS - WALKUP APARTMENTS,2A,12101,34,C3,146-18 ROCKAWAY BOULEVARD,11436.0,4.0,0.0,4.0,1982.0,2800.0,1931.0,2,C3,539000,2019-11-27,queens,146-18 ROCKAWAY BOULEVARD NYC
3,OCEAN PARKWAY-SOUTH,03 THREE FAMILY DWELLINGS,1,7180,69,C0,2390 OCEAN PARKWAY,11223.0,3.0,0.0,3.0,3576.0,2488.0,1910.0,1,C0,703179,2019-12-05,brooklyn,2390 OCEAN PARKWAY NYC
4,RICHMOND HILL,01 ONE FAMILY DWELLINGS,1,9325,45,A1,91-41 115TH STREET,11418.0,1.0,0.0,1.0,3470.0,1894.0,1920.0,1,A1,618000,2019-04-15,queens,91-41 115TH STREET NYC
5,GREAT KILLS,01 ONE FAMILY DWELLINGS,1,5151,45,A1,103 MONTICELLO TERR,10308.0,1.0,0.0,1.0,4400.0,1215.0,1975.0,1,A1,536000,2019-02-25,statenisland,103 MONTICELLO TERR NYC
3,PARK SLOPE SOUTH,14 RENTALS - 4-10 UNIT,2A,1108,7,S3,465 7 AVE,11215.0,3.0,1.0,4.0,1181.0,2400.0,1901.0,2,S3,1200000,2019-11-27,brooklyn,465 7 AVE NYC
5,GRASMERE,01 ONE FAMILY DWELLINGS,1,3151,59,A5,256 RHINE AVENUE,10304.0,1.0,0.0,1.0,2142.0,1408.0,1998.0,1,A5,583000,2019-08-08,statenisland,256 RHINE AVENUE NYC
4,FRESH MEADOWS,01 ONE FAMILY DWELLINGS,1,7192,50,A1,75-77 179TH STREET,11366.0,1.0,0.0,1.0,4000.0,1296.0,1950.0,1,A1,915000,2019-05-16,queens,75-77 179TH STREET NYC
4,REGO PARK,01 ONE FAMILY DWELLINGS,1,2115,44,A5,9969 65TH ROAD,11374.0,1.0,0.0,1.0,2000.0,1440.0,1940.0,1,A5,960000,2019-12-31,queens,9969 65TH ROAD NYC
4,QUEENS VILLAGE,01 ONE FAMILY DWELLINGS,1,11106,53,S1,218-26 HEMPSTEAD AVENUE,11429.0,1.0,1.0,2.0,1725.0,2000.0,1930.0,1,S1,1500000,2019-12-31,queens,218-26 HEMPSTEAD AVENUE NYC
3,DYKER HEIGHTS,02 TWO FAMILY DWELLINGS,1,6222,15,B3,1322 BAY RIDGE PARKWAY,11228.0,2.0,0.0,2.0,1775.0,1613.0,1925.0,1,B3,990000,2019-06-27,brooklyn,1322 BAY RIDGE PARKWAY NYC
4,SPRINGFIELD GARDENS,01 ONE FAMILY DWELLINGS,1,13270,39,A1,165-26 144TH AVENUE,11434.0,1.0,0.0,1.0,2000.0,816.0,1940.0,1,A1,430000,2019-12-16,queens,165-26 144TH AVENUE NYC
2,SCHUYLERVILLE/PELHAM BAY,01 ONE FAMILY DWELLINGS,1,4248,20,A1,2046 SAINT PAULS AVENUE,10461.0,1.0,0.0,1.0,2490.0,1280.0,1915.0,1,A1,535000,2019-10-08,bronx,2046 SAINT PAULS AVENUE NYC
5,WOODROW,02 TWO FAMILY DWELLINGS,1,7267,96,B9,43 SHARROTTS LANE,10309.0,2.0,0.0,2.0,2810.0,1885.0,1997.0,1,B9,633000,2019-05-14,statenisland,43 SHARROTTS LANE NYC
5,NEW DORP-BEACH,01 ONE FAMILY DWELLINGS,1,4073,81,A5,278 FINLEY AVENUE,10306.0,1.0,0.0,1.0,2400.0,2008.0,1983.0,1,A5,565000,2019-01-10,statenisland,278 FINLEY AVENUE NYC
4,ASTORIA,02 TWO FAMILY DWELLINGS,1,875,42,B3,23-10 23RD AVENUE,11105.0,2.0,0.0,2.0,2000.0,1340.0,1930.0,1,B3,1150000,2019-11-08,queens,23-10 23RD AVENUE NYC
4,ELMHURST,02 TWO FAMILY DWELLINGS,1,2853,1,B2,87-10 55TH AVENUE,11373.0,2.0,0.0,2.0,2375.0,2320.0,1940.0,1,B2,1300000,2019-01-17,queens,87-10 55TH AVENUE NYC
3,OLD MILL BASIN,01 ONE FAMILY DWELLINGS,1,7893,41,S1,4804 AVENUE N,11234.0,1.0,1.0,2.0,1950.0,2460.0,1931.0,1,S1,530000,2019-02-19,brooklyn,4804 AVENUE N NYC
2,MOTT HAVEN/PORT MORRIS,01 ONE FAMILY DWELLINGS,1,2573,9,A5,336 JACKSON AVENUE,10454.0,1.0,0.0,1.0,1650.0,1253.0,1910.0,1,A5,450000,2019-06-18,bronx,336 JACKSON AVENUE NYC
4,LAURELTON,01 ONE FAMILY DWELLINGS,1,13013,6,A1,218-15 135TH AVENUE,11413.0,1.0,0.0,1.0,3150.0,1580.0,1930.0,1,A1,371170,2019-07-30,queens,218-15 135TH AVENUE NYC
4,FLUSHING-NORTH,01 ONE FAMILY DWELLINGS,1,5649,4,A0,50-53 195TH STREET,11365.0,1.0,0.0,1.0,4000.0,1553.0,1945.0,1,A0,900000,2019-08-21,queens,50-53 195TH STREET NYC
4,FLORAL PARK,01 ONE FAMILY DWELLINGS,1,8716,57,A1,80-42 261ST STREET,11004.0,1.0,0.0,1.0,4000.0,1652.0,1950.0,1,A1,813000,2019-07-02,queens,80-42 261ST STREET NYC
4,FRESH MEADOWS,01 ONE FAMILY DWELLINGS,1,7110,42,A1,67-51 181ST STREET,11365.0,1.0,0.0,1.0,4000.0,2102.0,1940.0,1,A1,1200000,2019-12-16,queens,67-51 181ST STREET NYC
4,ASTORIA,01 ONE FAMILY DWELLINGS,1,896,33,A5,"21-65 SHORE BLVD.,",11105.0,1.0,0.0,1.0,1938.0,1880.0,1965.0,1,A5,750000,2019-06-12,queens,"21-65 SHORE BLVD., NYC"
4,BAYSIDE,01 ONE FAMILY DWELLINGS,1,7399,25,A5,48-08 SPRINGFIELD BOULEVARD,11364.0,1.0,0.0,1.0,3348.0,1692.0,1935.0,1,A5,992500,2019-07-10,queens,48-08 SPRINGFIELD BOULEVARD NYC
2,MORRIS PARK/VAN NEST,03 THREE FAMILY DWELLINGS,1,4104,37,C0,1728 HONE AVENUE,10461.0,3.0,0.0,3.0,2500.0,2520.0,1920.0,1,C0,845000,2019-04-29,bronx,1728 HONE AVENUE NYC
4,JAMAICA,02 TWO FAMILY DWELLINGS,1,9704,13,B3,148-28 87TH ROAD,11435.0,2.0,0.0,2.0,4000.0,1616.0,1925.0,1,B3,650000,2019-09-18,queens,148-28 87TH ROAD NYC
3,BENSONHURST,03 THREE FAMILY DWELLINGS,1,5755,42,C0,1459 66TH STREET,11219.0,3.0,0.0,3.0,2000.0,3200.0,1901.0,1,C0,1300000,2019-09-26,brooklyn,1459 66TH STREET NYC
4,OZONE PARK,02 TWO FAMILY DWELLINGS,1,11373,70,B2,90-15 DESARC ROAD,11417.0,2.0,0.0,2.0,3000.0,2075.0,1920.0,1,B2,750000,2019-02-06,queens,90-15 DESARC ROAD NYC
4,FLORAL PARK,01 ONE FAMILY DWELLINGS,1,8742,129,A0,81-03 267TH STREET,11004.0,1.0,0.0,1.0,4000.0,1350.0,1950.0,1,A0,530000,2019-09-09,queens,81-03 267TH STREET NYC
4,WOODSIDE,02 TWO FAMILY DWELLINGS,1,1210,20,B2,37-26 56TH STREET,11377.0,2.0,0.0,2.0,2500.0,1710.0,1920.0,1,B2,990000,2019-05-16,queens,37-26 56TH STREET NYC
2,COUNTRY CLUB,01 ONE FAMILY DWELLINGS,1,5469,33,A1,916 CLARENCE AVENUE,10465.0,1.0,0.0,1.0,2363.0,1492.0,1930.0,1,A1,488000,2019-02-21,bronx,916 CLARENCE AVENUE NYC
4,ROSEDALE,03 THREE FAMILY DWELLINGS,1,13544,29,C0,241-18 NEWHALL AVENUE,11422.0,3.0,0.0,3.0,3000.0,1688.0,1925.0,1,C0,505000,2019-06-14,queens,241-18 NEWHALL AVENUE NYC
2,PELHAM PARKWAY NORTH,01 ONE FAMILY DWELLINGS,1,4387,15,A1,2320 SEYMOUR AVENUE,10469.0,1.0,0.0,1.0,3000.0,2577.0,1940.0,1,A1,730000,2019-11-13,bronx,2320 SEYMOUR AVENUE NYC
3,BOROUGH PARK,03 THREE FAMILY DWELLINGS,1,5626,28,C0,4718 FT HAMILTON PARKWAY,11219.0,3.0,0.0,3.0,1960.0,3240.0,1910.0,1,C0,1385000,2019-11-04,brooklyn,4718 FT HAMILTON PARKWAY NYC
2,BRONXDALE,02 TWO FAMILY DWELLINGS,1,4638,47,B1,3307 LURTING AVENUE,10469.0,2.0,0.0,2.0,1425.0,1672.0,1950.0,1,B1,600000,2019-04-18,bronx,3307 LURTING AVENUE NYC
4,FRESH MEADOWS,01 ONE FAMILY DWELLINGS,1,7205,3,A1,75-02 189TH STREET,11366.0,1.0,0.0,1.0,4500.0,1424.0,1940.0,1,A1,985000,2019-01-17,queens,75-02 189TH STREET NYC
4,WOODSIDE,03 THREE FAMILY DWELLINGS,1,1341,72,C0,43-06 65 STREET,11377.0,3.0,0.0,3.0,1800.0,2317.0,1935.0,1,C0,975000,2019-01-02,queens,43-06 65 STREET NYC
4,ROSEDALE,02 TWO FAMILY DWELLINGS,1,13481,33,B2,224-09 145TH ROAD,11413.0,2.0,0.0,2.0,3800.0,2250.0,2006.0,1,B2,825000,2019-07-16,queens,224-09 145TH ROAD NYC
4,ST. ALBANS,02 TWO FAMILY DWELLINGS,1,12649,53,B3,119-25 193RD STREET,11412.0,2.0,0.0,2.0,2600.0,1909.0,1925.0,1,B3,675000,2019-10-09,queens,119-25 193RD STREET NYC
4,FOREST HILLS,01 ONE FAMILY DWELLINGS,1,3186,26,A5,67-82 GROTON STREET,11375.0,1.0,0.0,1.0,2133.0,1764.0,1940.0,1,A5,1350000,2019-10-08,queens,67-82 GROTON STREET NYC
3,BOROUGH PARK,01 ONE FAMILY DWELLINGS,1,5692,25,A5,1456 56 STREET,11219.0,1.0,0.0,1.0,2003.0,2950.0,1965.0,1,A5,1525000,2019-04-03,brooklyn,1456 56 STREET NYC
3,FLATBUSH-EAST,01 ONE FAMILY DWELLINGS,1,4976,54,A9,635 EAST 42ND,11203.0,1.0,0.0,1.0,2000.0,1392.0,1925.0,1,A9,440000,2019-12-13,brooklyn,635 EAST 42ND NYC
5,NEW DORP-HEIGHTS,01 ONE FAMILY DWELLINGS,1,4362,94,A2,192 DALTON AVENUE,10306.0,1.0,0.0,1.0,4000.0,1104.0,1965.0,1,A2,660000,2019-08-02,statenisland,192 DALTON AVENUE NYC
3,SUNSET PARK,02 TWO FAMILY DWELLINGS,1,759,66,B1,727 47TH STREET,11220.0,2.0,0.0,2.0,2003.0,2146.0,1920.0,1,B1,1472000,2019-09-30,brooklyn,727 47TH STREET NYC
3,BROWNSVILLE,01 ONE FAMILY DWELLINGS,1,3573,33,A5,695 THOMAS S BOYLAND STREET,11212.0,1.0,0.0,1.0,1800.0,1128.0,1987.0,1,A5,403000,2019-04-30,brooklyn,695 THOMAS S BOYLAND STREET NYC
5,DONGAN HILLS,02 TWO FAMILY DWELLINGS,1,3340,104,B2,293 CROMWELL AVENUE,10305.0,2.0,0.0,2.0,3520.0,2084.0,2017.0,1,B2,916424,2019-01-25,statenisland,293 CROMWELL AVENUE NYC
4,ARVERNE,02 TWO FAMILY DWELLINGS,1,15965,40,B2,474 BEACH 44 STREET,11691.0,2.0,0.0,2.0,2107.0,2244.0,2002.0,1,B2,705814,2019-05-23,queens,474 BEACH 44 STREET NYC
3,CANARSIE,02 TWO FAMILY DWELLINGS,1,8006,37,B2,8516 GLENWOOD ROAD,11236.0,2.0,0.0,2.0,1667.0,2655.0,2004.0,1,B2,705000,2019-12-24,brooklyn,8516 GLENWOOD ROAD NYC
3,OLD MILL BASIN,01 ONE FAMILY DWELLINGS,1,8379,14,A9,1563 EAST 57TH STREET,11234.0,1.0,0.0,1.0,2000.0,1056.0,1930.0,1,A9,520000,2019-03-11,brooklyn,1563 EAST 57TH STREET NYC
3,SEAGATE,02 TWO FAMILY DWELLINGS,1,7025,5,B2,3860 OCEANIC AVENUE,11224.0,2.0,0.0,2.0,4084.0,3822.0,1935.0,1,B2,840000,2019-08-29,brooklyn,3860 OCEANIC AVENUE NYC
4,RICHMOND HILL,02 TWO FAMILY DWELLINGS,1,9278,67,B2,86-38 125TH STREET,11418.0,2.0,0.0,2.0,2500.0,2120.0,1925.0,1,B2,480000,2019-11-19,queens,86-38 125TH STREET NYC
5,WESTERLEIGH,01 ONE FAMILY DWELLINGS,1,410,8,A5,157 LATHROP AVENUE,10314.0,1.0,0.0,1.0,1125.0,956.0,1925.0,1,A5,460000,2019-10-29,statenisland,157 LATHROP AVENUE NYC
2,PELHAM PARKWAY SOUTH,01 ONE FAMILY DWELLINGS,1,4329,22,A5,2156 HONE AVENUE,10461.0,1.0,0.0,1.0,1500.0,2146.0,1960.0,1,A5,580000,2019-12-10,bronx,2156 HONE AVENUE NYC
4,SO. JAMAICA-BAISLEY PARK,01 ONE FAMILY DWELLINGS,1,12331,57,A1,114-29 167TH STREET,11434.0,1.0,0.0,1.0,4000.0,960.0,1920.0,1,A1,390000,2019-01-11,queens,114-29 167TH STREET NYC
3,BOROUGH PARK,22 STORE BUILDINGS,4,5712,40,K1,1349 60TH STREET,11219.0,0.0,1.0,1.0,2003.0,234.0,1931.0,4,K1,450000,2019-09-23,brooklyn,1349 60TH STREET NYC
2,MORRISANIA/LONGWOOD,03 THREE FAMILY DWELLINGS,1,2707,44,C0,752 BECK STREET,10455.0,3.0,0.0,3.0,2500.0,3342.0,1901.0,1,C0,850000,2019-07-23,bronx,752 BECK STREET NYC
3,EAST NEW YORK,07 RENTALS - WALKUP APARTMENTS,2A,4311,13,C3,658 ASHFORD ST,11207.0,4.0,0.0,4.0,4000.0,3766.0,1930.0,2,C3,499000,2019-02-22,brooklyn,658 ASHFORD ST NYC
5,MIDLAND BEACH,01 ONE FAMILY DWELLINGS,1,3651,94,A5,325 DONGAN HILLS AVENUE,10305.0,1.0,0.0,1.0,1800.0,1125.0,2017.0,1,A5,554946,2019-02-14,statenisland,325 DONGAN HILLS AVENUE NYC
4,LAURELTON,01 ONE FAMILY DWELLINGS,1,12968,128,A1,133-27 229TH STREET,11413.0,1.0,0.0,1.0,3200.0,1500.0,1935.0,1,A1,440000,2019-05-10,queens,133-27 229TH STREET NYC
4,WOODSIDE,03 THREE FAMILY DWELLINGS,1,1220,11,C0,3713 65TH ST,11377.0,3.0,0.0,3.0,1450.0,1500.0,1935.0,1,C0,920000,2019-12-30,queens,3713 65TH ST NYC
4,GLENDALE,01 ONE FAMILY DWELLINGS,1,3824,9,A5,78-18 75TH STREET,11385.0,1.0,0.0,1.0,2000.0,1305.0,1925.0,1,A5,655000,2019-08-28,queens,78-18 75TH STREET NYC
3,GRAVESEND,07 RENTALS - WALKUP APARTMENTS,2A,6382,48,C3,12 BAY 32ND STREET,11214.0,4.0,0.0,4.0,2900.0,3527.0,1924.0,2,C3,1750000,2019-01-08,brooklyn,12 BAY 32ND STREET NYC
4,JACKSON HEIGHTS,07 RENTALS - WALKUP APARTMENTS,2A,1126,5,C3,77-10 30TH AVENUE,11370.0,4.0,0.0,4.0,2027.0,3136.0,1961.0,2,C3,1150000,2019-05-10,queens,77-10 30TH AVENUE NYC
4,SO. JAMAICA-BAISLEY PARK,02 TWO FAMILY DWELLINGS,1,12361,65,B3,119-50 166TH STREET,11434.0,2.0,0.0,2.0,4619.0,2064.0,1930.0,1,B3,771000,2019-04-24,queens,119-50 166TH STREET NYC
5,RICHMONDTOWN,01 ONE FAMILY DWELLINGS,1,4419,60,A2,196 AMBER STREET,10306.0,1.0,0.0,1.0,4300.0,1104.0,1955.0,1,A2,697000,2019-01-18,statenisland,196 AMBER STREET NYC
4,SPRINGFIELD GARDENS,01 ONE FAMILY DWELLINGS,1,13024,70,A1,137-42 SOUTHGATE STREET,11413.0,1.0,0.0,1.0,4000.0,1608.0,1940.0,1,A1,475000,2019-07-24,queens,137-42 SOUTHGATE STREET NYC
3,EAST NEW YORK,02 TWO FAMILY DWELLINGS,1,4237,2,B3,565 AUTUMN AVENUE,11208.0,2.0,0.0,2.0,2591.0,2008.0,1955.0,1,B3,725000,2019-12-20,brooklyn,565 AUTUMN AVENUE NYC
3,BOROUGH PARK,02 TWO FAMILY DWELLINGS,1,5589,21,B2,1224 40TH STREET,11218.0,2.0,0.0,2.0,2003.0,2952.0,1901.0,1,B2,1200500,2019-02-25,brooklyn,1224 40TH STREET NYC
4,RICHMOND HILL,01 ONE FAMILY DWELLINGS,1,9194,36,A1,108-03 85TH AVENUE,11418.0,1.0,0.0,1.0,3700.0,1844.0,1920.0,1,A1,635000,2019-10-02,queens,108-03 85TH AVENUE NYC
5,STAPLETON,02 TWO FAMILY DWELLINGS,1,507,34,B2,18 CLINTON STREET,10304.0,2.0,0.0,2.0,3933.0,2373.0,2019.0,1,B2,906243,2019-12-26,statenisland,18 CLINTON STREET NYC
3,SHEEPSHEAD BAY,01 ONE FAMILY DWELLINGS,1,8777,89,A5,2741 EAST 21ST STREET,11235.0,1.0,0.0,1.0,1700.0,1068.0,1920.0,1,A5,375000,2019-12-17,brooklyn,2741 EAST 21ST STREET NYC
2,PELHAM PARKWAY NORTH,03 THREE FAMILY DWELLINGS,1,4348,54,C0,2303 WALLACE,10467.0,3.0,0.0,3.0,1220.0,3690.0,1980.0,1,C0,700000,2019-12-06,bronx,2303 WALLACE NYC
4,ASTORIA,01 ONE FAMILY DWELLINGS,1,517,13,A5,12-27 31 AVENUE,11106.0,1.0,0.0,1.0,1667.0,1120.0,1901.0,1,A5,953000,2019-09-20,queens,12-27 31 AVENUE NYC
5,ARROCHAR-SHORE ACRES,01 ONE FAMILY DWELLINGS,1,2832,124,A1,38 SCARBORO AVENUE,10305.0,1.0,0.0,1.0,3069.0,1648.0,1930.0,1,A1,580000,2019-08-08,statenisland,38 SCARBORO AVENUE NYC
3,MILL BASIN,02 TWO FAMILY DWELLINGS,1,8465,75,B9,2105 EAST 64TH STREET,11234.0,2.0,0.0,2.0,2000.0,2760.0,1960.0,1,B9,965000,2019-10-11,brooklyn,2105 EAST 64TH STREET NYC
5,MARINERS HARBOR,01 ONE FAMILY DWELLINGS,1,1183,148,A5,92 WENLOCK STREET,10303.0,1.0,0.0,1.0,1710.0,1152.0,2003.0,1,A5,335000,2019-06-29,statenisland,92 WENLOCK STREET NYC
4,WOODHAVEN,02 TWO FAMILY DWELLINGS,1,8923,51,B1,87-35 86TH STREET,11421.0,2.0,0.0,2.0,2017.0,2000.0,1910.0,1,B1,755000,2019-04-01,queens,87-35 86TH STREET NYC
4,SOUTH OZONE PARK,01 ONE FAMILY DWELLINGS,1,11684,43,A1,116-45 127TH STREET,11420.0,1.0,0.0,1.0,2000.0,756.0,1925.0,1,A1,465000,2019-08-14,queens,116-45 127TH STREET NYC
4,GLENDALE,02 TWO FAMILY DWELLINGS,1,3657,19,B2,70-24 69TH STREET,11385.0,2.0,0.0,2.0,2308.0,2320.0,1925.0,1,B2,865000,2019-03-11,queens,70-24 69TH STREET NYC
3,FLATLANDS,02 TWO FAMILY DWELLINGS,1,7752,17,B3,1231 EAST 48TH STREET,11234.0,2.0,0.0,2.0,2175.0,1638.0,1940.0,1,B3,640000,2019-11-14,brooklyn,1231 EAST 48TH STREET NYC
3,FLATBUSH-LEFFERTS GARDEN,02 TWO FAMILY DWELLINGS,1,1329,46,S2,1074 NOSTRAND AVENUE,11225.0,2.0,1.0,3.0,1730.0,3000.0,1925.0,1,S2,1300000,2019-10-29,brooklyn,1074 NOSTRAND AVENUE NYC
4,FLUSHING-SOUTH,02 TWO FAMILY DWELLINGS,1,6832,39,B2,161-10 72ND AVENUE,11365.0,2.0,0.0,2.0,3187.0,2054.0,2003.0,1,B2,1150000,2019-09-26,queens,161-10 72ND AVENUE NYC
4,HOLLIS,01 ONE FAMILY DWELLINGS,1,10347,73,A5,185-07 DUNLOP AVENUE,11412.0,1.0,0.0,1.0,2200.0,968.0,1945.0,1,A5,625000,2019-06-17,queens,185-07 DUNLOP AVENUE NYC
2,THROGS NECK,02 TWO FAMILY DWELLINGS,1,5546,103,B1,725 QUINCY AVE,10465.0,2.0,0.0,2.0,2420.0,2066.0,2002.0,1,B1,645000,2019-11-22,bronx,725 QUINCY AVE NYC
4,REGO PARK,02 TWO FAMILY DWELLINGS,1,3121,10,B1,63-39 ELLWELL CRESCENT,11374.0,2.0,0.0,2.0,3833.0,2119.0,1934.0,1,B1,990000,2019-04-02,queens,63-39 ELLWELL CRESCENT NYC
4,FOREST HILLS,01 ONE FAMILY DWELLINGS,1,3194,60,A1,68-13 NANSEN STREET,11375.0,1.0,0.0,1.0,1942.0,930.0,1920.0,1,A1,635000,2019-09-04,queens,68-13 NANSEN STREET NYC
3,FLATBUSH-EAST,02 TWO FAMILY DWELLINGS,1,7634,43,B1,3408 AVENUE K,11210.0,2.0,0.0,2.0,2667.0,2320.0,1915.0,1,B1,309708,2019-12-03,brooklyn,3408 AVENUE K NYC
4,CORONA,02 TWO FAMILY DWELLINGS,1,1717,14,B1,33-14 103RD STREET,11368.0,2.0,0.0,2.0,1600.0,1358.0,1920.0,1,B1,438000,2019-12-30,queens,33-14 103RD STREET NYC
3,FLATBUSH-EAST,01 ONE FAMILY DWELLINGS,1,7637,63,A9,1268 EAST 38 STREET,11210.0,1.0,0.0,1.0,1800.0,1176.0,1930.0,1,A9,600000,2019-12-10,brooklyn,1268 EAST 38 STREET NYC
3,OCEAN PARKWAY-NORTH,01 ONE FAMILY DWELLINGS,1,6503,121,A1,316 WALSH COURT,11230.0,1.0,0.0,1.0,2203.0,1120.0,1920.0,1,A1,905000,2019-03-18,brooklyn,316 WALSH COURT NYC
4,ELMHURST,02 TWO FAMILY DWELLINGS,1,2879,127,B2,85-31 56TH AVENUE,11373.0,2.0,0.0,2.0,2500.0,1908.0,1915.0,1,B2,1200000,2019-12-23,queens,85-31 56TH AVENUE NYC
4,COLLEGE POINT,01 ONE FAMILY DWELLINGS,1,4292,89,A9,120-09 28TH AVENUE,11354.0,1.0,0.0,1.0,1800.0,795.0,1925.0,1,A9,520000,2019-09-27,queens,120-09 28TH AVENUE NYC
5,ELTINGVILLE,01 ONE FAMILY DWELLINGS,1,5636,70,A5,174 FIGUREA AVENUE,10312.0,1.0,0.0,1.0,1955.0,1585.0,1988.0,1,A5,489000,2019-01-30,statenisland,174 FIGUREA AVENUE NYC
3,BATH BEACH,07 RENTALS - WALKUP APARTMENTS,2A,6363,76,C3,78 BAY 13 STREET,11214.0,4.0,0.0,4.0,2000.0,3000.0,1909.0,2,C3,1360000,2019-11-07,brooklyn,78 BAY 13 STREET NYC
3,WILLIAMSBURG-EAST,03 THREE FAMILY DWELLINGS,1,2743,8,C0,358 LEONARD STREET,11211.0,3.0,0.0,3.0,1100.0,1800.0,1910.0,1,C0,1845100,2019-03-19,brooklyn,358 LEONARD STREET NYC
3,CANARSIE,02 TWO FAMILY DWELLINGS,1,7961,28,B1,557 EAST 82ND STREET,11236.0,2.0,0.0,2.0,2833.0,2400.0,1965.0,1,B1,581000,2019-07-11,brooklyn,557 EAST 82ND STREET NYC
4,ST. ALBANS,02 TWO FAMILY DWELLINGS,1,10276,23,B3,110-14 178TH STREET,11433.0,2.0,0.0,2.0,3742.0,2016.0,1955.0,1,B3,430000,2019-03-04,queens,110-14 178TH STREET NYC
3,SUNSET PARK,02 TWO FAMILY DWELLINGS,1,5801,30,B9,550 62 STREET,11220.0,2.0,0.0,2.0,2000.0,2200.0,1901.0,1,B9,1380000,2019-03-27,brooklyn,550 62 STREET NYC
5,NEW SPRINGVILLE,01 ONE FAMILY DWELLINGS,1,2440,42,A5,78 MILLSTONE COURT,10314.0,1.0,0.0,1.0,1666.0,1350.0,2000.0,1,A5,499000,2019-05-30,statenisland,78 MILLSTONE COURT NYC
4,MIDDLE VILLAGE,02 TWO FAMILY DWELLINGS,1,3068,51,B1,66-63 78TH STREET,11379.0,2.0,0.0,2.0,1877.0,2250.0,2008.0,1,B1,999000,2019-12-12,queens,66-63 78TH STREET NYC
5,GRANT CITY,01 ONE FAMILY DWELLINGS,1,3574,59,A5,232 HUNTER AVENUE,10306.0,1.0,0.0,1.0,2464.0,1600.0,1987.0,1,A5,515000,2019-12-17,statenisland,232 HUNTER AVENUE NYC
2,PELHAM PARKWAY NORTH,02 TWO FAMILY DWELLINGS,1,4447,31,B1,2566 COLDEN AVENUE,10469.0,2.0,0.0,2.0,1425.0,2160.0,1965.0,1,B1,640000,2019-05-15,bronx,2566 COLDEN AVENUE NYC
5,PRINCES BAY,02 TWO FAMILY DWELLINGS,1,6979,90,B9,118 SANTA MONICA LANE,10309.0,2.0,0.0,2.0,2856.0,1831.0,2017.0,1,B9,742000,2019-12-09,statenisland,118 SANTA MONICA LANE NYC
3,EAST NEW YORK,01 ONE FAMILY DWELLINGS,1,4230,28,A9,508 CHESTNUT STREET,11208.0,1.0,0.0,1.0,1600.0,1904.0,1930.0,1,A9,600000,2019-06-26,brooklyn,508 CHESTNUT STREET NYC
4,OZONE PARK,02 TWO FAMILY DWELLINGS,1,9023,27,B2,9427 87 STREET,11416.0,2.0,0.0,2.0,2500.0,2034.0,1925.0,1,B2,995000,2019-09-30,queens,9427 87 STREET NYC
2,WILLIAMSBRIDGE,02 TWO FAMILY DWELLINGS,1,4692,60,B1,944 EAST 222 STREET,10469.0,2.0,0.0,2.0,2485.0,2543.0,1935.0,1,B1,560000,2019-07-19,bronx,944 EAST 222 STREET NYC
3,RED HOOK,01 ONE FAMILY DWELLINGS,1,555,20,A1,338 VAN BRUNT STREET,11231.0,1.0,0.0,1.0,3100.0,1200.0,1901.0,1,A1,990000,2019-08-05,brooklyn,338 VAN BRUNT STREET NYC
4,LAURELTON,01 ONE FAMILY DWELLINGS,1,12971,120,A2,133-15 231ST STREET,11413.0,1.0,0.0,1.0,3800.0,1102.0,1930.0,1,A2,495000,2019-04-12,queens,133-15 231ST STREET NYC
4,RICHMOND HILL,01 ONE FAMILY DWELLINGS,1,9385,24,A1,94-14 106TH STREET,11416.0,1.0,0.0,1.0,1908.0,1216.0,1920.0,1,A1,650000,2019-10-28,queens,94-14 106TH STREET NYC
4,RICHMOND HILL,01 ONE FAMILY DWELLINGS,1,9554,40,A1,103-33 116TH STREET,11419.0,1.0,0.0,1.0,1848.0,1362.0,1920.0,1,A1,630000,2019-10-08,queens,103-33 116TH STREET NYC
4,GLENDALE,01 ONE FAMILY DWELLINGS,1,3880,50,A5,80-33 MARGARET PL,11385.0,1.0,0.0,1.0,2000.0,1504.0,1930.0,1,A5,737500,2019-05-29,queens,80-33 MARGARET PL NYC
4,WOODSIDE,02 TWO FAMILY DWELLINGS,1,1301,60,B1,40-53 69TH STREET,11377.0,2.0,0.0,2.0,1700.0,1640.0,1955.0,1,B1,940000,2019-01-23,queens,40-53 69TH STREET NYC
5,WESTERLEIGH,01 ONE FAMILY DWELLINGS,1,446,5,A2,305 DEMOREST AVENUE,10314.0,1.0,0.0,1.0,3000.0,1046.0,1930.0,1,A2,365000,2019-12-02,statenisland,305 DEMOREST AVENUE NYC
5,ROSEBANK,01 ONE FAMILY DWELLINGS,1,2851,42,A1,157 HYLAN BOULEVARD,10305.0,1.0,0.0,1.0,2500.0,1518.0,1920.0,1,A1,460000,2019-10-28,statenisland,157 HYLAN BOULEVARD NYC
5,PORT IVORY,02 TWO FAMILY DWELLINGS,1,1264,40,B2,40 ARLINGTON AVENUE,10303.0,2.0,0.0,2.0,4650.0,1424.0,1901.0,1,B2,685000,2019-02-26,statenisland,40 ARLINGTON AVENUE NYC
4,SPRINGFIELD GARDENS,01 ONE FAMILY DWELLINGS,1,12476,7,A5,179-04 ANDERSON RD,11434.0,1.0,0.0,1.0,2000.0,1600.0,1940.0,1,A5,490000,2019-02-05,queens,179-04 ANDERSON RD NYC
5,GREAT KILLS,02 TWO FAMILY DWELLINGS,1,4477,12,B2,34 BLYTHE PLACE,10306.0,2.0,0.0,2.0,3488.0,2330.0,1986.0,1,B2,775000,2019-10-03,statenisland,34 BLYTHE PLACE NYC
4,SOUTH JAMAICA,02 TWO FAMILY DWELLINGS,1,10134,43,B3,107-36 156TH STREET,11433.0,2.0,0.0,2.0,2500.0,1640.0,1910.0,1,B3,732000,2019-10-04,queens,107-36 156TH STREET NYC
3,SHEEPSHEAD BAY,02 TWO FAMILY DWELLINGS,1,7372,42,B1,2288 HOMECREST AVENUE,11229.0,2.0,0.0,2.0,1680.0,1398.0,1935.0,1,B1,928000,2019-08-14,brooklyn,2288 HOMECREST AVENUE NYC
4,GLENDALE,02 TWO FAMILY DWELLINGS,1,3592,40,B1,74-36 62ND STREET,11385.0,2.0,0.0,2.0,1948.0,2328.0,1910.0,1,B1,998000,2019-08-07,queens,74-36 62ND STREET NYC
3,CANARSIE,01 ONE FAMILY DWELLINGS,1,8260,14,A2,1473 EAST 95TH STREET,11236.0,1.0,0.0,1.0,4933.0,720.0,1925.0,1,A2,468000,2019-06-07,brooklyn,1473 EAST 95TH STREET NYC
4,JAMAICA HILLS,02 TWO FAMILY DWELLINGS,1,9779,29,B3,85-41 159TH STREET,11432.0,2.0,0.0,2.0,4008.0,2662.0,1920.0,1,B3,1105000,2019-09-24,queens,85-41 159TH STREET NYC
4,QUEENS VILLAGE,01 ONE FAMILY DWELLINGS,1,10659,89,A1,89-28 216TH STREET,11427.0,1.0,0.0,1.0,3000.0,1675.0,1930.0,1,A1,710000,2019-08-06,queens,89-28 216TH STREET NYC
4,ELMHURST,01 ONE FAMILY DWELLINGS,1,2807,10,A5,54-16 80TH STREET,11373.0,1.0,0.0,1.0,2200.0,956.0,1940.0,1,A5,796000,2019-08-01,queens,54-16 80TH STREET NYC
3,WYCKOFF HEIGHTS,02 TWO FAMILY DWELLINGS,1,3393,24,B1,1413 HANCOCK STREET,11237.0,2.0,0.0,2.0,2000.0,3300.0,1910.0,1,B1,1050000,2019-05-14,brooklyn,1413 HANCOCK STREET NYC
2,MORRIS PARK/VAN NEST,02 TWO FAMILY DWELLINGS,1,4258,45,B1,1949 HUNT AVENUE,10462.0,2.0,0.0,2.0,2375.0,2000.0,2004.0,1,B1,725000,2019-06-28,bronx,1949 HUNT AVENUE NYC
3,MARINE PARK,01 ONE FAMILY DWELLINGS,1,7860,7,A5,4109 AVENUE P,11234.0,1.0,0.0,1.0,2248.0,2208.0,1940.0,1,A5,775000,2019-10-28,brooklyn,4109 AVENUE P NYC
4,SOUTH OZONE PARK,01 ONE FAMILY DWELLINGS,1,11648,21,A1,114-30 122ND STREET,11420.0,1.0,0.0,1.0,3000.0,1250.0,1925.0,1,A1,525000,2019-12-13,queens,114-30 122ND STREET NYC
4,SPRINGFIELD GARDENS,01 ONE FAMILY DWELLINGS,1,13267,11,S1,157-21 ROCKAWAY BOULEVARD,11434.0,1.0,1.0,2.0,2140.0,1600.0,1931.0,1,S1,600000,2019-01-30,queens,157-21 ROCKAWAY BOULEVARD NYC
3,FLATBUSH-CENTRAL,02 TWO FAMILY DWELLINGS,1,5186,2,S2,1158 FLATBUSH AVENUE,11226.0,2.0,1.0,3.0,2080.0,4026.0,1933.0,1,S2,950000,2019-07-10,brooklyn,1158 FLATBUSH AVENUE NYC
5,WEST NEW BRIGHTON,02 TWO FAMILY DWELLINGS,1,233,19,B3,120 FLOYD STREET,10310.0,2.0,0.0,2.0,4100.0,2152.0,1920.0,1,B3,630000,2019-01-23,statenisland,120 FLOYD STREET NYC
2,BAYCHESTER,02 TWO FAMILY DWELLINGS,1,4740,19,B1,3219 SEYMOUR AVENUE,10469.0,2.0,0.0,2.0,2500.0,2160.0,1920.0,1,B1,589000,2019-07-31,bronx,3219 SEYMOUR AVENUE NYC
4,SO. JAMAICA-BAISLEY PARK,01 ONE FAMILY DWELLINGS,1,12106,51,A0,128-36 148TH STREET,11436.0,1.0,0.0,1.0,4000.0,975.0,1950.0,1,A0,900000,2019-03-08,queens,128-36 148TH STREET NYC
4,RIDGEWOOD,02 TWO FAMILY DWELLINGS,1,3511,46,B1,60-44 PUTNAM AVENUE,11385.0,2.0,0.0,2.0,1968.0,2340.0,1901.0,1,B1,1210000,2019-04-04,queens,60-44 PUTNAM AVENUE NYC
4,QUEENS VILLAGE,02 TWO FAMILY DWELLINGS,1,10725,88,S2,220-19 JAMAICA AVENUE,11428.0,2.0,1.0,3.0,2490.0,2480.0,1931.0,1,S2,830000,2019-02-28,queens,220-19 JAMAICA AVENUE NYC
3,CYPRESS HILLS,01 ONE FAMILY DWELLINGS,1,3927,55,A1,118 ESSEX STREET,11208.0,1.0,0.0,1.0,2000.0,1560.0,1910.0,1,A1,679000,2019-06-12,brooklyn,118 ESSEX STREET NYC
4,FLORAL PARK,02 TWO FAMILY DWELLINGS,1,8789,23,B1,84-25 259TH STREET,11001.0,2.0,0.0,2.0,2392.0,1332.0,1960.0,1,B1,400000,2019-01-04,queens,84-25 259TH STREET NYC
4,SPRINGFIELD GARDENS,01 ONE FAMILY DWELLINGS,1,13270,75,A1,165-18 144TH AVENUE,11434.0,1.0,0.0,1.0,2000.0,816.0,1940.0,1,A1,555000,2019-06-27,queens,165-18 144TH AVENUE NYC
3,SHEEPSHEAD BAY,02 TWO FAMILY DWELLINGS,1,7475,25,B9,2654 HARING STREET,11235.0,2.0,0.0,2.0,2000.0,2225.0,1950.0,1,B9,966000,2019-10-11,brooklyn,2654 HARING STREET NYC
3,OCEAN PARKWAY-SOUTH,02 TWO FAMILY DWELLINGS,1,7090,29,B3,1952 EAST 9TH STREET,11223.0,2.0,0.0,2.0,2000.0,1600.0,1920.0,1,B3,970000,2019-05-01,brooklyn,1952 EAST 9TH STREET NYC
3,FLATBUSH-EAST,03 THREE FAMILY DWELLINGS,1,4874,5,C0,446 LINDEN BOULEVARD,11203.0,3.0,0.0,3.0,2000.0,3414.0,1920.0,1,C0,947000,2019-07-30,brooklyn,446 LINDEN BOULEVARD NYC
4,MIDDLE VILLAGE,02 TWO FAMILY DWELLINGS,1,3781,17,B2,79-18 67TH ROAD,11379.0,2.0,0.0,2.0,2500.0,2100.0,1920.0,1,B2,665000,2019-10-02,queens,79-18 67TH ROAD NYC
4,HOLLIS,01 ONE FAMILY DWELLINGS,1,9915,27,A1,88-13 179TH PLACE,11432.0,1.0,0.0,1.0,2331.0,1185.0,1925.0,1,A1,630000,2019-01-29,queens,88-13 179TH PLACE NYC
3,EAST NEW YORK,01 ONE FAMILY DWELLINGS,1,4158,130,A9,310 EUCLID AVENUE,11208.0,1.0,0.0,1.0,2500.0,1770.0,1925.0,1,A9,500000,2019-01-30,brooklyn,310 EUCLID AVENUE NYC
5,MIDLAND BEACH,01 ONE FAMILY DWELLINGS,1,3712,46,A9,253 SLATER BOULEVARD,10305.0,1.0,0.0,1.0,2738.0,1408.0,1975.0,1,A9,540000,2019-05-03,statenisland,253 SLATER BOULEVARD NYC
4,WOODHAVEN,03 THREE FAMILY DWELLINGS,1,8994,71,C0,91-07 97TH STREET,11421.0,3.0,0.0,3.0,3000.0,1876.0,1920.0,1,C0,725000,2019-10-30,queens,91-07 97TH STREET NYC
2,BRONXDALE,01 ONE FAMILY DWELLINGS,1,4634,70,A5,3331 RADCLIFF AVENUE,10469.0,1.0,0.0,1.0,2000.0,1727.0,1935.0,1,A5,499500,2019-12-10,bronx,3331 RADCLIFF AVENUE NYC
4,CORONA,01 ONE FAMILY DWELLINGS,1,1967,50,A5,57-51 VAN DOREN STREET,11368.0,1.0,0.0,1.0,1800.0,1620.0,1950.0,1,A5,750000,2019-03-29,queens,57-51 VAN DOREN STREET NYC
4,FLUSHING-NORTH,01 ONE FAMILY DWELLINGS,1,6358,12,A2,132-24 57TH AVENUE,11355.0,1.0,0.0,1.0,4000.0,1226.0,1960.0,1,A2,1100000,2019-12-03,queens,132-24 57TH AVENUE NYC
5,HUGUENOT,02 TWO FAMILY DWELLINGS,1,6313,41,B2,155 RAMONA AVENUE,10312.0,2.0,0.0,2.0,4000.0,2234.0,1975.0,1,B2,362500,2019-07-10,statenisland,155 RAMONA AVENUE NYC
4,SO. JAMAICA-BAISLEY PARK,01 ONE FAMILY DWELLINGS,1,12381,75,A5,120-32 166TH STREET,11434.0,1.0,0.0,1.0,2959.0,1188.0,1986.0,1,A5,509900,2019-08-20,queens,120-32 166TH STREET NYC
4,JACKSON HEIGHTS,03 THREE FAMILY DWELLINGS,1,1395,48,C0,31-15 83RD STREET,11370.0,3.0,0.0,3.0,2400.0,2200.0,1930.0,1,C0,1290000,2019-09-12,queens,31-15 83RD STREET NYC
4,JAMAICA HILLS,02 TWO FAMILY DWELLINGS,1,9789,48,B1,159-18 84TH AVENUE,11432.0,2.0,0.0,2.0,2600.0,2345.0,1940.0,1,B1,740000,2019-01-10,queens,159-18 84TH AVENUE NYC
5,NEW DORP,01 ONE FAMILY DWELLINGS,1,4054,60,A1,35 MANILA PLACE,10306.0,1.0,0.0,1.0,3915.0,2000.0,1930.0,1,A1,370000,2019-08-27,statenisland,35 MANILA PLACE NYC
4,JACKSON HEIGHTS,03 THREE FAMILY DWELLINGS,1,1121,21,C0,30-30 73RD STREET,11370.0,3.0,0.0,3.0,2100.0,2761.0,1950.0,1,C0,1190000,2019-02-21,queens,30-30 73RD STREET NYC
4,FLUSHING-NORTH,01 ONE FAMILY DWELLINGS,1,5618,59,A5,47-32 199TH STREET,11358.0,1.0,0.0,1.0,2700.0,1188.0,1960.0,1,A5,770000,2019-11-13,queens,47-32 199TH STREET NYC
4,CORONA,02 TWO FAMILY DWELLINGS,1,1747,79,B3,35-11 105TH STREET,11368.0,2.0,0.0,2.0,3000.0,1854.0,1925.0,1,B3,900000,2019-01-17,queens,35-11 105TH STREET NYC
4,MASPETH,01 ONE FAMILY DWELLINGS,1,2356,23,A5,51-12 64TH STREET,11377.0,1.0,0.0,1.0,2000.0,1850.0,1950.0,1,A5,790000,2019-12-26,queens,51-12 64TH STREET NYC
4,SPRINGFIELD GARDENS,01 ONE FAMILY DWELLINGS,1,12702,3,A1,122-61 NELLIS STREET,11413.0,1.0,0.0,1.0,3264.0,1192.0,1925.0,1,A1,580000,2019-12-04,queens,122-61 NELLIS STREET NYC
4,OZONE PARK,01 ONE FAMILY DWELLINGS,1,11493,67,A1,94-19 LINDEN BOULEVARD,11417.0,1.0,0.0,1.0,2000.0,1168.0,1925.0,1,A1,420000,2019-05-14,queens,94-19 LINDEN BOULEVARD NYC
4,MIDDLE VILLAGE,01 ONE FAMILY DWELLINGS,1,2924,8,A5,61-63 69TH STREET,11379.0,1.0,0.0,1.0,2043.0,1376.0,1925.0,1,A5,593000,2019-02-22,queens,61-63 69TH STREET NYC
4,OZONE PARK,01 ONE FAMILY DWELLINGS,1,11479,31,A1,103-22 PLATTWOOD AVENUE,11417.0,1.0,0.0,1.0,2304.0,1360.0,1925.0,1,A1,465000,2019-03-12,queens,103-22 PLATTWOOD AVENUE NYC
3,EAST NEW YORK,01 ONE FAMILY DWELLINGS,1,3804,123,A4,442 SHEFFIELD AVENUE,11207.0,1.0,0.0,1.0,1759.0,1296.0,1999.0,1,A4,420000,2019-10-07,brooklyn,442 SHEFFIELD AVENUE NYC
3,FLATBUSH-EAST,03 THREE FAMILY DWELLINGS,1,4955,41,C0,3819 AVENUE D,11203.0,3.0,0.0,3.0,1800.0,1632.0,1920.0,1,C0,575000,2019-10-02,brooklyn,3819 AVENUE D NYC
2,BATHGATE,02 TWO FAMILY DWELLINGS,1,3053,4,B1,507 EAST 183 STREET,10458.0,2.0,0.0,2.0,1380.0,2805.0,1901.0,1,B1,440000,2019-10-24,bronx,507 EAST 183 STREET NYC
3,EAST NEW YORK,03 THREE FAMILY DWELLINGS,1,4185,57,C0,468 DREW STREET,11208.0,3.0,0.0,3.0,1967.0,1948.0,1905.0,1,C0,725000,2019-05-20,brooklyn,468 DREW STREET NYC
2,PARKCHESTER,02 TWO FAMILY DWELLINGS,1,4020,52,B2,1748 MELVILLE ST,10460.0,2.0,0.0,2.0,2500.0,1200.0,1905.0,1,B2,530000,2019-05-02,bronx,1748 MELVILLE ST NYC
5,ELTINGVILLE,01 ONE FAMILY DWELLINGS,1,5604,17,A2,21 FIGUREA AVENUE,10312.0,1.0,0.0,1.0,4000.0,1430.0,1977.0,1,A2,650000,2019-09-27,statenisland,21 FIGUREA AVENUE NYC
4,WOODSIDE,01 ONE FAMILY DWELLINGS,1,1017,111,A5,56-15 28TH AVENUE,11377.0,1.0,0.0,1.0,1700.0,1156.0,1940.0,1,A5,812000,2019-08-30,queens,56-15 28TH AVENUE NYC
4,HOLLIS,01 ONE FAMILY DWELLINGS,1,10859,48,A1,192-03 104 AVE,11412.0,1.0,0.0,1.0,4000.0,1840.0,1920.0,1,A1,580000,2019-07-12,queens,192-03 104 AVE NYC
4,JAMAICA,03 THREE FAMILY DWELLINGS,1,9828,37,C0,173-02 89TH AVENUE,11432.0,3.0,0.0,3.0,2000.0,2200.0,1998.0,1,C0,550000,2019-08-12,queens,173-02 89TH AVENUE NYC
4,SOUTH OZONE PARK,01 ONE FAMILY DWELLINGS,1,11786,33,B3,127-08 133RD AVE,11420.0,2.0,0.0,2.0,4000.0,2361.0,2018.0,1,A2,1007107,2019-12-24,queens,127-08 133RD AVE NYC
3,BENSONHURST,03 THREE FAMILY DWELLINGS,1,6214,51,C0,1676 74TH STREET,11204.0,3.0,0.0,3.0,1800.0,1476.0,1925.0,1,C0,999000,2019-04-04,brooklyn,1676 74TH STREET NYC
3,OCEAN PARKWAY-NORTH,01 ONE FAMILY DWELLINGS,1,6659,79,A9,1795 EAST 2ND STREET,11223.0,1.0,0.0,1.0,2260.0,1510.0,1920.0,1,A9,1700000,2019-12-05,brooklyn,1795 EAST 2ND STREET NYC
4,QUEENS VILLAGE,02 TWO FAMILY DWELLINGS,1,11101,75,B2,216-01 HOLLIS AVENUE,11429.0,2.0,0.0,2.0,4330.0,2549.0,2005.0,1,B2,725000,2019-02-08,queens,216-01 HOLLIS AVENUE NYC
3,MIDWOOD,02 TWO FAMILY DWELLINGS,1,6748,14,B2,1800 OCEAN AVENUE,11230.0,2.0,0.0,2.0,2400.0,2400.0,1925.0,1,B2,1200000,2019-05-10,brooklyn,1800 OCEAN AVENUE NYC
4,FLUSHING-NORTH,01 ONE FAMILY DWELLINGS,1,6425,51,A5,148-38 60TH AVENUE,11355.0,1.0,0.0,1.0,1600.0,1488.0,1939.0,1,A5,543000,2019-12-18,queens,148-38 60TH AVENUE NYC
4,QUEENS VILLAGE,02 TWO FAMILY DWELLINGS,1,10664,47,B3,89-09 219 STREET,11427.0,2.0,0.0,2.0,2400.0,1280.0,1920.0,1,B3,652000,2019-10-30,queens,89-09 219 STREET NYC
3,BERGEN BEACH,22 STORE BUILDINGS,4,8430,44,K1,7022 AVENUE U,11234.0,0.0,2.0,2.0,4000.0,1680.0,1970.0,4,K1,800000,2019-07-30,brooklyn,7022 AVENUE U NYC
4,FLUSHING-NORTH,01 ONE FAMILY DWELLINGS,1,5643,1,A2,50-15 188TH STREET,11365.0,1.0,0.0,1.0,4000.0,754.0,1950.0,1,A2,680000,2019-05-24,queens,50-15 188TH STREET NYC
4,MASPETH,02 TWO FAMILY DWELLINGS,1,2396,9,B2,66-43 CLINTON AVENUE,11378.0,2.0,0.0,2.0,2158.0,1800.0,1930.0,1,B2,919000,2019-01-10,queens,66-43 CLINTON AVENUE NYC
3,WINDSOR TERRACE,01 ONE FAMILY DWELLINGS,1,890,26,A5,580A 19TH STREET,11218.0,1.0,0.0,1.0,1302.0,884.0,1940.0,1,A5,950000,2019-06-18,brooklyn,580A 19TH STREET NYC
4,MIDDLE VILLAGE,01 ONE FAMILY DWELLINGS,1,2917,40,A5,5765 81 STREET,11379.0,1.0,0.0,1.0,2142.0,861.0,1940.0,1,A5,660000,2019-10-16,queens,5765 81 STREET NYC
3,SUNSET PARK,02 TWO FAMILY DWELLINGS,1,801,26,B9,648 51ST STREET,11220.0,2.0,0.0,2.0,2003.0,2128.0,1905.0,1,B9,1350000,2019-03-07,brooklyn,648 51ST STREET NYC
4,OZONE PARK,01 ONE FAMILY DWELLINGS,1,11346,38,A5,132-35 83RD STREET,11417.0,1.0,0.0,1.0,2000.0,1216.0,1940.0,1,A5,525000,2019-02-19,queens,132-35 83RD STREET NYC
4,ST. ALBANS,01 ONE FAMILY DWELLINGS,1,10409,5,A1,18530 ILION AVENUE,11412.0,1.0,0.0,1.0,4000.0,1442.0,1920.0,1,A1,575000,2019-09-27,queens,18530 ILION AVENUE NYC
4,ST. ALBANS,01 ONE FAMILY DWELLINGS,1,12440,145,A5,187-02 FOCH BOULEVARD,11412.0,1.0,0.0,1.0,1617.0,1312.0,1930.0,1,A5,512180,2019-11-26,queens,187-02 FOCH BOULEVARD NYC
5,NEW DORP,01 ONE FAMILY DWELLINGS,1,3615,29,A1,261 PRESCOTT AVENUE,10306.0,1.0,0.0,1.0,3240.0,986.0,1920.0,1,A1,600000,2019-09-20,statenisland,261 PRESCOTT AVENUE NYC
4,SUNNYSIDE,03 THREE FAMILY DWELLINGS,1,155,38,C0,39-27 44TH STREET,11104.0,3.0,0.0,3.0,3808.0,2132.0,1925.0,1,C0,1480000,2019-02-19,queens,39-27 44TH STREET NYC
4,QUEENS VILLAGE,01 ONE FAMILY DWELLINGS,1,7936,30,A1,235-02 SEWARD AVENUE,11427.0,1.0,0.0,1.0,4000.0,1690.0,1935.0,1,A1,855000,2019-07-09,queens,235-02 SEWARD AVENUE NYC
4,FLUSHING-NORTH,01 ONE FAMILY DWELLINGS,1,4820,46,A9,150-29 27 AVENUE,11354.0,1.0,0.0,1.0,2945.0,698.0,1920.0,1,A9,800000,2019-01-18,queens,150-29 27 AVENUE NYC
4,RIDGEWOOD,02 TWO FAMILY DWELLINGS,1,3401,26,B1,1880 STOCKHOLM STREET,11385.0,2.0,0.0,2.0,1927.0,2480.0,1920.0,1,B1,550000,2019-05-23,queens,1880 STOCKHOLM STREET NYC
2,SCHUYLERVILLE/PELHAM BAY,03 THREE FAMILY DWELLINGS,1,5385,26,C0,2832 ROEBLING AVENUE,10461.0,3.0,0.0,3.0,4750.0,3608.0,1931.0,1,C0,840000,2019-11-22,bronx,2832 ROEBLING AVENUE NYC
5,WESTERLEIGH,01 ONE FAMILY DWELLINGS,1,437,3,A1,309 WILLARD AVENUE,10314.0,1.0,0.0,1.0,3000.0,1300.0,1901.0,1,A1,522500,2019-10-01,statenisland,309 WILLARD AVENUE NYC
4,WOODHAVEN,02 TWO FAMILY DWELLINGS,1,9287,25,B2,100-17 88TH AVE,11418.0,2.0,0.0,2.0,2500.0,2168.0,1920.0,1,B2,895000,2019-11-15,queens,100-17 88TH AVE NYC
3,BENSONHURST,03 THREE FAMILY DWELLINGS,1,6304,22,C0,1444 82ND STREET,11228.0,3.0,0.0,3.0,2500.0,2400.0,1935.0,1,C0,1300000,2019-04-25,brooklyn,1444 82ND STREET NYC
4,RICHMOND HILL,01 ONE FAMILY DWELLINGS,1,9218,12,A1,85-28 112TH STREET,11418.0,1.0,0.0,1.0,2500.0,1709.0,1915.0,1,A1,705000,2019-09-24,queens,85-28 112TH STREET NYC
4,FLUSHING-NORTH,01 ONE FAMILY DWELLINGS,1,5577,47,A1,170-61 PIDGEON MEADOW ROAD,11365.0,1.0,0.0,1.0,3976.0,1352.0,1964.0,1,A1,820000,2019-03-12,queens,170-61 PIDGEON MEADOW ROAD NYC
2,WILLIAMSBRIDGE,02 TWO FAMILY DWELLINGS,1,4871,42,B1,1008 EAST 225TH STRET,10466.0,2.0,0.0,2.0,1901.0,1836.0,1950.0,1,B1,475000,2019-12-13,bronx,1008 EAST 225TH STRET NYC
5,NEW SPRINGVILLE,01 ONE FAMILY DWELLINGS,1,2383,38,A5,38 STEPHEN LOOP,10314.0,1.0,0.0,1.0,3145.0,2142.0,1996.0,1,A5,630000,2019-09-03,statenisland,38 STEPHEN LOOP NYC
4,RICHMOND HILL,01 ONE FAMILY DWELLINGS,1,9547,58,A9,107-47 109TH STREET,11419.0,1.0,0.0,1.0,2000.0,1330.0,1930.0,1,A9,633979,2019-09-03,queens,107-47 109TH STREET NYC
4,MIDDLE VILLAGE,02 TWO FAMILY DWELLINGS,1,2933,55,B1,61-63 76TH STREET,11379.0,2.0,0.0,2.0,2742.0,2722.0,1960.0,1,B1,1100000,2019-09-17,queens,61-63 76TH STREET NYC
4,ARVERNE,02 TWO FAMILY DWELLINGS,1,16008,32,B2,62-17 BURCHELL ROAD,11692.0,2.0,0.0,2.0,3054.0,2000.0,2004.0,1,B2,561632,2019-06-28,queens,62-17 BURCHELL ROAD NYC
3,CANARSIE,02 TWO FAMILY DWELLINGS,1,8074,28,B1,1305 EAST 83RD STREET,11236.0,2.0,0.0,2.0,2400.0,3450.0,1960.0,1,B1,512000,2019-04-03,brooklyn,1305 EAST 83RD STREET NYC
3,BENSONHURST,02 TWO FAMILY DWELLINGS,1,5578,55,B1,1953 BAY RIDGE AVENUE,11204.0,2.0,0.0,2.0,2500.0,2200.0,1920.0,1,B1,1370000,2019-01-03,brooklyn,1953 BAY RIDGE AVENUE NYC
4,GLENDALE,01 ONE FAMILY DWELLINGS,1,3646,24,A9,69-36 66 PLACE,11385.0,1.0,0.0,1.0,2000.0,1308.0,1930.0,1,A9,575000,2019-02-05,queens,69-36 66 PLACE NYC
2,BRONXDALE,02 TWO FAMILY DWELLINGS,1,4569,18,S2,3036 CRUGER AVENUE,10467.0,2.0,1.0,3.0,2825.0,3000.0,1965.0,1,S2,500000,2019-11-27,bronx,3036 CRUGER AVENUE NYC
4,FLUSHING-NORTH,01 ONE FAMILY DWELLINGS,1,5228,52,A1,143-15 POPLAR AVE,11355.0,1.0,0.0,1.0,4000.0,1046.0,1920.0,1,A1,529970,2019-12-30,queens,143-15 POPLAR AVE NYC
4,COLLEGE POINT,03 THREE FAMILY DWELLINGS,1,3979,14,C0,9-21 129TH STREET,11356.0,3.0,0.0,3.0,2500.0,2200.0,1960.0,1,C0,935000,2019-06-13,queens,9-21 129TH STREET NYC
2,SCHUYLERVILLE/PELHAM BAY,02 TWO FAMILY DWELLINGS,1,4154,34,B1,1619 MULFORD AVENUE,10461.0,2.0,0.0,2.0,2375.0,2816.0,1959.0,1,B1,935000,2019-11-25,bronx,1619 MULFORD AVENUE NYC
3,CANARSIE,02 TWO FAMILY DWELLINGS,1,8053,3,B3,8717 AVENUE L,11236.0,2.0,0.0,2.0,2583.0,1760.0,1940.0,1,B3,460509,2019-11-27,brooklyn,8717 AVENUE L NYC
3,FLATBUSH-NORTH,07 RENTALS - WALKUP APARTMENTS,2A,4845,28,C3,553 LENOX ROAD,11203.0,4.0,0.0,4.0,3960.0,2320.0,1931.0,2,C3,824200,2019-03-27,brooklyn,553 LENOX ROAD NYC
2,SCHUYLERVILLE/PELHAM BAY,02 TWO FAMILY DWELLINGS,1,5306,81,B2,1137 CALHOUN AVENUE,10465.0,2.0,0.0,2.0,3069.0,1488.0,1910.0,1,B2,785000,2019-12-26,bronx,1137 CALHOUN AVENUE NYC
4,FLUSHING-NORTH,01 ONE FAMILY DWELLINGS,1,5411,10,A1,155-13 DELAWARE AVENUE,11355.0,1.0,0.0,1.0,2900.0,1642.0,1910.0,1,A1,880000,2019-12-11,queens,155-13 DELAWARE AVENUE NYC
5,ELTINGVILLE,01 ONE FAMILY DWELLINGS,1,5687,90,A1,36 WOODROW ROAD,10312.0,1.0,0.0,1.0,4400.0,1615.0,1974.0,1,A1,600000,2019-10-23,statenisland,36 WOODROW ROAD NYC
2,MORRIS PARK/VAN NEST,03 THREE FAMILY DWELLINGS,1,4273,38,C0,1123 RHINELANDER AVENUE,10461.0,3.0,0.0,3.0,2250.0,3300.0,1925.0,1,C0,795000,2019-12-06,bronx,1123 RHINELANDER AVENUE NYC
4,WHITESTONE,02 TWO FAMILY DWELLINGS,1,4683,146,B2,16-06 150TH PLACE,11357.0,2.0,0.0,2.0,3581.0,2400.0,2017.0,1,B2,1374638,2019-07-25,queens,16-06 150TH PLACE NYC
4,BEECHHURST,01 ONE FAMILY DWELLINGS,1,4568,85,A1,157-23 CROSS ISLAND PARKWAY,11357.0,1.0,0.0,1.0,3800.0,2296.0,2002.0,1,A1,1200000,2019-03-15,queens,157-23 CROSS ISLAND PARKWAY NYC
3,CANARSIE,01 ONE FAMILY DWELLINGS,1,8010,62,A1,1178 REMSEN AVENUE,11236.0,1.0,0.0,1.0,2400.0,1080.0,1930.0,1,A1,610000,2019-08-02,brooklyn,1178 REMSEN AVENUE NYC
5,GREAT KILLS,01 ONE FAMILY DWELLINGS,1,4610,25,A2,182 JUMEL STREET,10308.0,1.0,0.0,1.0,4000.0,880.0,1960.0,1,A2,578000,2019-11-25,statenisland,182 JUMEL STREET NYC
3,CROWN HEIGHTS,03 THREE FAMILY DWELLINGS,1,1379,49,C0,1497 ST. JOHNS PLACE,11213.0,3.0,0.0,3.0,1600.0,3192.0,1901.0,1,C0,725000,2019-02-28,brooklyn,1497 ST. JOHNS PLACE NYC
4,GLENDALE,01 ONE FAMILY DWELLINGS,1,3686,40,A1,71-62 71ST STREET,11385.0,1.0,0.0,1.0,4000.0,1980.0,1920.0,1,A1,650000,2019-01-31,queens,71-62 71ST STREET NYC
2,SOUNDVIEW,07 RENTALS - WALKUP APARTMENTS,2A,3867,10,C3,1310 STRATFORD AVENUE,10472.0,4.0,0.0,4.0,2642.0,3280.0,1928.0,2,C3,800000,2019-09-25,bronx,1310 STRATFORD AVENUE NYC
4,ROSEDALE,01 ONE FAMILY DWELLINGS,1,13555,32,A1,241-14 143RD AVENUE,11422.0,1.0,0.0,1.0,3000.0,1360.0,1920.0,1,A1,493000,2019-12-09,queens,241-14 143RD AVENUE NYC
3,BOROUGH PARK,03 THREE FAMILY DWELLINGS,1,5583,64,C0,972 39TH STREET,11219.0,3.0,0.0,3.0,1903.0,3000.0,1910.0,1,C0,1350000,2019-09-16,brooklyn,972 39TH STREET NYC
5,GRASMERE,01 ONE FAMILY DWELLINGS,1,3155,69,A5,574 HANOVER AVENUE,10304.0,1.0,0.0,1.0,2233.0,1230.0,1960.0,1,A5,525000,2019-10-21,statenisland,574 HANOVER AVENUE NYC
5,NEW DORP-BEACH,01 ONE FAMILY DWELLINGS,1,4081,44,A2,10 SEAFOAM STREET,10306.0,1.0,0.0,1.0,2400.0,921.0,1950.0,1,A2,330000,2019-03-29,statenisland,10 SEAFOAM STREET NYC
4,FLUSHING-SOUTH,01 ONE FAMILY DWELLINGS,1,6946,10,A1,70-15 171ST STREET,11365.0,1.0,0.0,1.0,2720.0,1480.0,1950.0,1,A1,850000,2019-09-24,queens,70-15 171ST STREET NYC
5,SOUTH BEACH,02 TWO FAMILY DWELLINGS,1,3378,34,B3,398 CROMWELL AVENUE,10305.0,2.0,0.0,2.0,3880.0,2288.0,1925.0,1,B3,610000,2019-02-04,statenisland,398 CROMWELL AVENUE NYC
2,BRONXDALE,03 THREE FAMILY DWELLINGS,1,4552,39,C0,2945 RADCLIFF AVENUE,10469.0,3.0,0.0,3.0,2550.0,3888.0,1925.0,1,C0,330000,2019-07-03,bronx,2945 RADCLIFF AVENUE NYC
3,BOROUGH PARK,33 EDUCATIONAL FACILITIES,4,5550,38,W9,6420 BAY PARKWAY,11204.0,0.0,1.0,1.0,2125.0,3116.0,1931.0,4,W9,1400000,2019-08-23,brooklyn,6420 BAY PARKWAY NYC
4,WOODHAVEN,02 TWO FAMILY DWELLINGS,1,8975,6,B2,93-15 91ST AVENUE,11421.0,2.0,0.0,2.0,3743.0,2080.0,2004.0,1,B2,995000,2019-01-31,queens,93-15 91ST AVENUE NYC
3,CANARSIE,02 TWO FAMILY DWELLINGS,1,8244,48,B1,1116 EAST 99TH STREET,11236.0,2.0,0.0,2.0,2000.0,1320.0,1955.0,1,B1,590000,2019-12-16,brooklyn,1116 EAST 99TH STREET NYC
4,LAURELTON,01 ONE FAMILY DWELLINGS,1,12968,138,A1,133-05 229TH STREET,11413.0,1.0,0.0,1.0,3200.0,1500.0,1935.0,1,A1,564000,2019-05-23,queens,133-05 229TH STREET NYC
5,TOTTENVILLE,01 ONE FAMILY DWELLINGS,1,7865,90,A2,7130 HYLAN BOULEVARD,10307.0,1.0,0.0,1.0,4000.0,1080.0,1945.0,1,A2,499000,2019-04-05,statenisland,7130 HYLAN BOULEVARD NYC
4,SO. JAMAICA-BAISLEY PARK,01 ONE FAMILY DWELLINGS,1,11975,61,A5,114-17 145TH STREET,11436.0,1.0,0.0,1.0,1408.0,1068.0,1925.0,1,A5,390000,2019-03-11,queens,114-17 145TH STREET NYC
3,FLATBUSH-EAST,02 TWO FAMILY DWELLINGS,1,7743,18,B3,1075 EAST 39TH STREET,11210.0,2.0,0.0,2.0,2000.0,1920.0,1910.0,1,B3,690000,2019-01-25,brooklyn,1075 EAST 39TH STREET NYC
4,BELLEROSE,01 ONE FAMILY DWELLINGS,1,8636,65,A1,86-09 254TH STREET,11426.0,1.0,0.0,1.0,2720.0,1280.0,1925.0,1,A1,615000,2019-08-22,queens,86-09 254TH STREET NYC
4,NEPONSIT,01 ONE FAMILY DWELLINGS,1,16296,68,A1,426 BEACH 146TH STREET,11694.0,1.0,0.0,1.0,4945.0,2289.0,1955.0,1,A1,1340000,2019-02-22,queens,426 BEACH 146TH STREET NYC
3,GRAVESEND,02 TWO FAMILY DWELLINGS,1,7098,38,B3,2072 WEST 7TH STREET,11223.0,2.0,0.0,2.0,950.0,1360.0,1925.0,1,B3,850000,2019-10-23,brooklyn,2072 WEST 7TH STREET NYC
2,CASTLE HILL/UNIONPORT,02 TWO FAMILY DWELLINGS,1,3792,62,B1,1971 POWELL AVENUE,10472.0,2.0,0.0,2.0,2650.0,2244.0,1950.0,1,B1,714000,2019-12-02,bronx,1971 POWELL AVENUE NYC
4,COLLEGE POINT,02 TWO FAMILY DWELLINGS,1,4019,13,B1,114-36A TAIPEI COURT,11356.0,2.0,0.0,2.0,1400.0,2400.0,2017.0,1,B1,1180000,2019-12-10,queens,114-36A TAIPEI COURT NYC
2,EAST TREMONT,02 TWO FAMILY DWELLINGS,1,3080,136,B1,2043 BELMONT AVENUE,10457.0,2.0,0.0,2.0,1260.0,2794.0,2005.0,1,B1,640000,2019-09-09,bronx,2043 BELMONT AVENUE NYC
3,FLATBUSH-EAST,02 TWO FAMILY DWELLINGS,1,4773,25,B3,654 EAST 53RD STREET,11203.0,2.0,0.0,2.0,2400.0,1408.0,1925.0,1,B3,650000,2019-08-13,brooklyn,654 EAST 53RD STREET NYC
5,OAKWOOD,01 ONE FAMILY DWELLINGS,1,4288,22,A1,11 LEEDS STREET,10306.0,1.0,0.0,1.0,3000.0,2000.0,1945.0,1,A1,780000,2019-06-28,statenisland,11 LEEDS STREET NYC
3,BROWNSVILLE,01 ONE FAMILY DWELLINGS,1,3848,59,A5,335 LOTT AVENUE,11212.0,1.0,0.0,1.0,1800.0,1116.0,1986.0,1,A5,500000,2019-03-07,brooklyn,335 LOTT AVENUE NYC
4,COLLEGE POINT,02 TWO FAMILY DWELLINGS,1,3969,20,B2,9-17 124TH STREET,11356.0,2.0,0.0,2.0,2600.0,1672.0,1925.0,1,B2,800000,2019-11-08,queens,9-17 124TH STREET NYC
4,QUEENS VILLAGE,01 ONE FAMILY DWELLINGS,1,10738,42,A1,221-57 92ND AVENUE,11428.0,1.0,0.0,1.0,2800.0,1164.0,1925.0,1,A1,623000,2019-10-01,queens,221-57 92ND AVENUE NYC
4,JACKSON HEIGHTS,03 THREE FAMILY DWELLINGS,1,1287,20,C0,37-30 77 STREET,11372.0,3.0,0.0,3.0,2500.0,2233.0,1925.0,1,C0,850000,2019-05-21,queens,37-30 77 STREET NYC
4,SOUTH JAMAICA,01 ONE FAMILY DWELLINGS,1,11934,43,A1,109-19 PINEGROVE,11435.0,1.0,0.0,1.0,2375.0,1248.0,1920.0,1,A1,450000,2019-01-15,queens,109-19 PINEGROVE NYC
4,FLUSHING-SOUTH,01 ONE FAMILY DWELLINGS,1,6909,35,A2,168-08 65TH AVENUE,11365.0,1.0,0.0,1.0,4000.0,1443.0,1955.0,1,A2,920000,2019-08-27,queens,168-08 65TH AVENUE NYC
3,BOROUGH PARK,02 TWO FAMILY DWELLINGS,1,5668,26,B1,1152 53RD STREET,11219.0,2.0,0.0,2.0,2454.0,2400.0,1920.0,1,B1,530000,2019-11-20,brooklyn,1152 53RD STREET NYC
4,SPRINGFIELD GARDENS,01 ONE FAMILY DWELLINGS,1,12484,114,A5,177-44 URSINA ROAD,11434.0,1.0,0.0,1.0,2000.0,1480.0,1935.0,1,A5,465000,2019-10-10,queens,177-44 URSINA ROAD NYC
4,ST. ALBANS,01 ONE FAMILY DWELLINGS,1,10392,89,A1,114-49 NEWBURGH STREET,11412.0,1.0,0.0,1.0,4000.0,2020.0,1925.0,1,A1,947365,2019-10-26,queens,114-49 NEWBURGH STREET NYC
4,SOUTH OZONE PARK,01 ONE FAMILY DWELLINGS,1,11597,37,A1,11609 111 AVENUE,11420.0,1.0,0.0,1.0,2000.0,1404.0,1930.0,1,A1,613500,2019-06-19,queens,11609 111 AVENUE NYC
5,MIDLAND BEACH,01 ONE FAMILY DWELLINGS,1,3734,31,A2,167 MORELAND STREET,10306.0,1.0,0.0,1.0,1840.0,542.0,1930.0,1,A2,350000,2019-06-25,statenisland,167 MORELAND STREET NYC
5,PORT RICHMOND,01 ONE FAMILY DWELLINGS,1,1086,99,A1,72 TREADWELL AVENUE,10302.0,1.0,0.0,1.0,2733.0,2184.0,2018.0,1,A1,506999,2019-06-11,statenisland,72 TREADWELL AVENUE NYC
5,ARDEN HEIGHTS,01 ONE FAMILY DWELLINGS,1,6018,110,A5,255 HAMPTON GREEN,10312.0,1.0,0.0,1.0,1870.0,1496.0,1973.0,1,A5,435000,2019-05-31,statenisland,255 HAMPTON GREEN NYC
4,ST. ALBANS,01 ONE FAMILY DWELLINGS,1,10298,98,A2,111-24 180TH STREET,11433.0,1.0,0.0,1.0,4295.0,1384.0,1950.0,1,A2,540000,2019-03-12,queens,111-24 180TH STREET NYC
3,FLATBUSH-CENTRAL,03 THREE FAMILY DWELLINGS,1,5232,25,C0,628 WESTMINSTER ROAD,11230.0,3.0,0.0,3.0,2425.0,2840.0,1910.0,1,C0,1200000,2019-02-20,brooklyn,628 WESTMINSTER ROAD NYC
3,EAST NEW YORK,01 ONE FAMILY DWELLINGS,1,4183,12,A9,439 GRANT AVE,11208.0,1.0,0.0,1.0,2502.0,1425.0,1910.0,1,A9,510000,2019-08-15,brooklyn,439 GRANT AVE NYC
4,HOLLIS,01 ONE FAMILY DWELLINGS,1,10376,18,A1,188-12 LUDLUM AVENUE,11412.0,1.0,0.0,1.0,4000.0,1644.0,1905.0,1,A1,610000,2019-05-07,queens,188-12 LUDLUM AVENUE NYC
2,MORRIS PARK/VAN NEST,03 THREE FAMILY DWELLINGS,1,4059,132,C0,1562B BOGART AVENUE,10462.0,3.0,0.0,3.0,2925.0,2184.0,1991.0,1,C0,915000,2019-12-06,bronx,1562B BOGART AVENUE NYC
5,OAKWOOD,01 ONE FAMILY DWELLINGS,1,4266,56,A2,8 CLARENCE PLACE,10306.0,1.0,0.0,1.0,4000.0,2012.0,1965.0,1,A2,628000,2019-06-06,statenisland,8 CLARENCE PLACE NYC
5,TOMPKINSVILLE,01 ONE FAMILY DWELLINGS,1,575,7,A5,57 WILLIS AVENUE,10301.0,1.0,0.0,1.0,3383.0,1318.0,2005.0,1,A5,485000,2019-08-09,statenisland,57 WILLIS AVENUE NYC
5,ANNADALE,02 TWO FAMILY DWELLINGS,1,6352,3,B2,4774 HYLAN BOULEVARD,10312.0,2.0,0.0,2.0,4002.0,2200.0,1994.0,1,B2,733000,2019-11-18,statenisland,4774 HYLAN BOULEVARD NYC
5,ROSSVILLE,02 TWO FAMILY DWELLINGS,1,7044,43,B2,250 MC BAINE AVENUE,10309.0,2.0,0.0,2.0,4740.0,2250.0,1997.0,1,B2,920000,2019-01-22,statenisland,250 MC BAINE AVENUE NYC
5,SOUTH BEACH,02 TWO FAMILY DWELLINGS,1,3257,3,B1,109 OLYMPIA BOULEVARD,10305.0,2.0,0.0,2.0,4280.0,1820.0,1970.0,1,B1,675000,2019-10-30,statenisland,109 OLYMPIA BOULEVARD NYC
4,BAYSIDE,02 TWO FAMILY DWELLINGS,1,7334,21,B3,45-32 215TH PLACE,11361.0,2.0,0.0,2.0,2025.0,1448.0,1930.0,1,B3,885000,2019-06-18,queens,45-32 215TH PLACE NYC
5,DONGAN HILLS,01 ONE FAMILY DWELLINGS,1,3319,20,A1,140 CROMWELL AVENUE,10304.0,1.0,0.0,1.0,4850.0,2782.0,1910.0,1,A1,755000,2019-01-30,statenisland,140 CROMWELL AVENUE NYC
4,RICHMOND HILL,01 ONE FAMILY DWELLINGS,1,9474,18,A1,95-24 131ST STREET,11419.0,1.0,0.0,1.0,3125.0,1224.0,1925.0,1,A1,650000,2019-02-08,queens,95-24 131ST STREET NYC
3,MIDWOOD,03 THREE FAMILY DWELLINGS,1,6762,57,C0,1581 EAST 15 STREET,11230.0,3.0,0.0,3.0,1500.0,3160.0,1910.0,1,C0,850000,2019-05-07,brooklyn,1581 EAST 15 STREET NYC
4,OZONE PARK,02 TWO FAMILY DWELLINGS,1,9163,62,B3,106-26 95 STREET,11417.0,2.0,0.0,2.0,2400.0,1344.0,1925.0,1,B3,530000,2019-03-20,queens,106-26 95 STREET NYC
3,MARINE PARK,01 ONE FAMILY DWELLINGS,1,8818,26,A5,2248 STUART STREET,11229.0,1.0,0.0,1.0,1817.0,1092.0,1925.0,1,A5,632000,2019-02-19,brooklyn,2248 STUART STREET NYC
4,JAMAICA,02 TWO FAMILY DWELLINGS,1,9842,66,B2,169-02 HIGHLAND AVENUE,11432.0,2.0,0.0,2.0,3366.0,3048.0,1920.0,1,B2,1300000,2019-10-11,queens,169-02 HIGHLAND AVENUE NYC
5,ELTINGVILLE,01 ONE FAMILY DWELLINGS,1,5603,53,A2,400 WAINWRIGHT AVENUE,10312.0,1.0,0.0,1.0,4000.0,1768.0,1978.0,1,A2,695000,2019-05-09,statenisland,400 WAINWRIGHT AVENUE NYC
3,FLATBUSH-EAST,03 THREE FAMILY DWELLINGS,1,4706,6,C0,5811 SNYDER AVENUE,11203.0,3.0,0.0,3.0,2500.0,2480.0,1920.0,1,C0,835000,2019-12-05,brooklyn,5811 SNYDER AVENUE NYC
4,WHITESTONE,01 ONE FAMILY DWELLINGS,1,4464,141,A1,13-19 146TH STREET,11357.0,1.0,0.0,1.0,3800.0,1498.0,1930.0,1,A1,708400,2019-07-29,queens,13-19 146TH STREET NYC
5,ELTINGVILLE,01 ONE FAMILY DWELLINGS,1,5370,1,A2,27 ORCHARD LANE,10312.0,1.0,0.0,1.0,3480.0,1575.0,1960.0,1,A2,509500,2019-12-16,statenisland,27 ORCHARD LANE NYC
4,QUEENS VILLAGE,02 TWO FAMILY DWELLINGS,1,11147,6,B2,110-27 MONTEREY STREET,11429.0,2.0,0.0,2.0,4000.0,2288.0,1960.0,1,B2,882000,2019-07-26,queens,110-27 MONTEREY STREET NYC
2,PARKCHESTER,03 THREE FAMILY DWELLINGS,1,3923,4,C0,1864 GUERLAIN STREET,10460.0,3.0,0.0,3.0,1096.0,2694.0,2007.0,1,C0,650000,2019-10-16,bronx,1864 GUERLAIN STREET NYC
4,RICHMOND HILL,02 TWO FAMILY DWELLINGS,1,9336,43,B1,87-48 129TH STREET,11418.0,2.0,0.0,2.0,2208.0,1750.0,1925.0,1,B1,745000,2019-01-08,queens,87-48 129TH STREET NYC
4,FOREST HILLS,01 ONE FAMILY DWELLINGS,1,3294,9,A5,11118 75TH AVENUE,11375.0,1.0,0.0,1.0,1782.0,1600.0,1925.0,1,A5,999000,2019-08-01,queens,11118 75TH AVENUE NYC
5,PORT RICHMOND,02 TWO FAMILY DWELLINGS,1,1116,144,B2,50 RIVERSIDE LANE,10302.0,2.0,0.0,2.0,3712.0,1550.0,2018.0,1,B2,560037,2019-06-10,statenisland,50 RIVERSIDE LANE NYC
4,SOUTH OZONE PARK,01 ONE FAMILY DWELLINGS,1,11674,27,A1,115-48 132ND STREET,11420.0,1.0,0.0,1.0,2400.0,1640.0,1925.0,1,A1,578000,2019-06-25,queens,115-48 132ND STREET NYC
4,BAYSIDE,01 ONE FAMILY DWELLINGS,1,6038,3,A0,205-08 32ND AVENUE,11361.0,1.0,0.0,1.0,4000.0,1174.0,1945.0,1,A0,892000,2019-10-21,queens,205-08 32ND AVENUE NYC
3,SHEEPSHEAD BAY,01 ONE FAMILY DWELLINGS,1,7345,12,A1,2114 EAST 13TH STREET,11229.0,1.0,0.0,1.0,2000.0,1272.0,1930.0,1,A1,880000,2019-10-11,brooklyn,2114 EAST 13TH STREET NYC
4,GLENDALE,07 RENTALS - WALKUP APARTMENTS,2A,3818,32,C3,79-78 77TH ROAD,11385.0,4.0,0.0,4.0,2700.0,3432.0,1960.0,2,C3,550000,2019-03-26,queens,79-78 77TH ROAD NYC
4,FLUSHING-NORTH,01 ONE FAMILY DWELLINGS,1,6404,11,A5,140-24 58TH ROAD,11355.0,1.0,0.0,1.0,1948.0,1632.0,1935.0,1,A5,900000,2019-05-08,queens,140-24 58TH ROAD NYC
4,CORONA,03 THREE FAMILY DWELLINGS,1,1897,121,C0,53-17 97TH STREET,11368.0,3.0,0.0,3.0,2000.0,3160.0,1968.0,1,C0,1385000,2019-09-12,queens,53-17 97TH STREET NYC
4,FLUSHING-SOUTH,01 ONE FAMILY DWELLINGS,1,6965,27,A5,73-07 164TH STREET,11366.0,1.0,0.0,1.0,1872.0,1296.0,1940.0,1,A5,770000,2019-04-12,queens,73-07 164TH STREET NYC
4,HOLLIS,02 TWO FAMILY DWELLINGS,1,10588,48,B3,88-46 212 STREET,11427.0,2.0,0.0,2.0,3960.0,1746.0,1925.0,1,B3,580000,2019-09-06,queens,88-46 212 STREET NYC
1,HARLEM-UPPER,01 ONE FAMILY DWELLINGS,1,2061,115,A9,389 CONVENT AVENUE,10031.0,1.0,0.0,1.0,800.0,2560.0,1910.0,1,A9,1100000,2019-11-25,manhattan,389 CONVENT AVENUE NYC
3,EAST NEW YORK,02 TWO FAMILY DWELLINGS,1,3724,14,B2,474 GLENMORE AVENUE,11207.0,2.0,0.0,2.0,2500.0,2500.0,2003.0,1,B2,820000,2019-05-20,brooklyn,474 GLENMORE AVENUE NYC
2,MORRIS PARK/VAN NEST,01 ONE FAMILY DWELLINGS,1,4089,8,A1,1580 YATES AVENUE,10461.0,1.0,0.0,1.0,2500.0,1496.0,1925.0,1,A1,600000,2019-07-24,bronx,1580 YATES AVENUE NYC
4,LITTLE NECK,01 ONE FAMILY DWELLINGS,1,8396,121,A2,262-36 60TH AVE,11362.0,1.0,0.0,1.0,4200.0,1144.0,1955.0,1,A2,900000,2019-02-15,queens,262-36 60TH AVE NYC
2,WAKEFIELD,03 THREE FAMILY DWELLINGS,1,5047,11,C0,4366 FURMAN AVENUE,10466.0,3.0,0.0,3.0,2910.0,2907.0,2005.0,1,C0,800000,2019-11-08,bronx,4366 FURMAN AVENUE NYC
4,SOUTH OZONE PARK,01 ONE FAMILY DWELLINGS,1,11653,26,A1,114-40 127TH STREET,11420.0,1.0,0.0,1.0,1958.0,1280.0,1935.0,1,A1,530000,2019-03-25,queens,114-40 127TH STREET NYC
4,RIDGEWOOD,02 TWO FAMILY DWELLINGS,1,3429,17,B1,17-34 STANHOPE STREET,11385.0,2.0,0.0,2.0,1800.0,1980.0,1910.0,1,B1,990000,2019-06-14,queens,17-34 STANHOPE STREET NYC
3,GRAVESEND,07 RENTALS - WALKUP APARTMENTS,2A,6911,31,C3,2630 HARWAY AVENUE,11214.0,4.0,0.0,4.0,2489.0,2352.0,1931.0,2,C3,973586,2019-10-30,brooklyn,2630 HARWAY AVENUE NYC
3,OCEAN PARKWAY-SOUTH,01 ONE FAMILY DWELLINGS,1,6666,74,A1,1788 EAST 10TH STREET,11223.0,1.0,0.0,1.0,2565.0,1512.0,1925.0,1,A1,950000,2019-05-21,brooklyn,1788 EAST 10TH STREET NYC
3,MILL BASIN,02 TWO FAMILY DWELLINGS,1,8639,37,B2,2438 EAST 65TH STREET,11234.0,2.0,0.0,2.0,4550.0,2240.0,1965.0,1,B2,1300000,2019-12-10,brooklyn,2438 EAST 65TH STREET NYC
4,REGO PARK,01 ONE FAMILY DWELLINGS,1,3136,48,A9,64-34 FITCHETT STREET,11374.0,1.0,0.0,1.0,4131.0,2138.0,1920.0,1,A9,975000,2019-12-05,queens,64-34 FITCHETT STREET NYC
4,SOUTH OZONE PARK,01 ONE FAMILY DWELLINGS,1,11606,43,A1,10949 125TH STREET,11420.0,1.0,0.0,1.0,2300.0,730.0,1920.0,1,A1,510000,2019-12-31,queens,10949 125TH STREET NYC
4,BAYSIDE,01 ONE FAMILY DWELLINGS,1,7336,34,A5,45-52 217TH STREET,11361.0,1.0,0.0,1.0,2511.0,1122.0,1955.0,1,A5,760000,2019-11-05,queens,45-52 217TH STREET NYC
4,FLUSHING-NORTH,01 ONE FAMILY DWELLINGS,1,5577,72,A0,170-19 PIDGEON MEADOW ROAD,11365.0,1.0,0.0,1.0,4000.0,1151.0,1945.0,1,A0,860888,2019-04-10,queens,170-19 PIDGEON MEADOW ROAD NYC
3,BRIGHTON BEACH,03 THREE FAMILY DWELLINGS,1,8678,36,C0,3045 BRIGHTON 8 STREET,11235.0,3.0,0.0,3.0,1694.0,1944.0,1931.0,1,C0,825000,2019-08-20,brooklyn,3045 BRIGHTON 8 STREET NYC
3,OCEAN PARKWAY-SOUTH,02 TWO FAMILY DWELLINGS,1,7194,47,B9,2475 WEST 2ND STREET,11223.0,2.0,0.0,2.0,2000.0,2400.0,1960.0,1,B9,900000,2019-09-10,brooklyn,2475 WEST 2ND STREET NYC
3,OLD MILL BASIN,01 ONE FAMILY DWELLINGS,1,7880,56,A9,1412 EAST 56TH STREET,11234.0,1.0,0.0,1.0,1800.0,812.0,1925.0,1,A9,380000,2019-08-21,brooklyn,1412 EAST 56TH STREET NYC
4,ASTORIA,02 TWO FAMILY DWELLINGS,1,596,23,B1,26-43 28TH STREET,11102.0,2.0,0.0,2.0,2340.0,2964.0,1960.0,1,B1,1400000,2019-09-25,queens,26-43 28TH STREET NYC
5,WEST NEW BRIGHTON,02 TWO FAMILY DWELLINGS,1,157,43,B2,54 BEMENT AVENUE,10310.0,2.0,0.0,2.0,4060.0,2008.0,1920.0,1,B2,540000,2019-02-22,statenisland,54 BEMENT AVENUE NYC
5,CASTLETON CORNERS,01 ONE FAMILY DWELLINGS,1,724,73,A5,41 BRADLEY AVENUE,10314.0,1.0,0.0,1.0,2800.0,1672.0,1988.0,1,A5,410000,2019-09-20,statenisland,41 BRADLEY AVENUE NYC
4,FLUSHING-NORTH,03 THREE FAMILY DWELLINGS,1,5453,11,C0,147-18 JASMINE AVENUE,11355.0,3.0,0.0,3.0,4000.0,3327.0,1930.0,1,C0,1350000,2019-12-06,queens,147-18 JASMINE AVENUE NYC
4,QUEENS VILLAGE,02 TWO FAMILY DWELLINGS,1,11106,31,S2,21784 HEMPSTEAD AVENUE,11429.0,2.0,1.0,3.0,1480.0,2400.0,1930.0,1,S2,450000,2019-10-31,queens,21784 HEMPSTEAD AVENUE NYC
4,ASTORIA,22 STORE BUILDINGS,4,678,11,K1,31-75 STEINWAY STREET,11103.0,0.0,1.0,1.0,2250.0,2000.0,1936.0,4,K1,1870000,2019-05-09,queens,31-75 STEINWAY STREET NYC
4,RICHMOND HILL,02 TWO FAMILY DWELLINGS,1,9583,31,B2,105-44 130TH STREET,11419.0,2.0,0.0,2.0,2500.0,2500.0,1920.0,1,B2,830000,2019-10-31,queens,105-44 130TH STREET NYC
4,RICHMOND HILL,01 ONE FAMILY DWELLINGS,1,9508,71,A1,103-31 104TH STREET,11417.0,1.0,0.0,1.0,1981.0,924.0,1920.0,1,A1,390000,2019-06-25,queens,103-31 104TH STREET NYC
2,BAYCHESTER,02 TWO FAMILY DWELLINGS,1,4711,23,B9,1300 OAKLEY STREET,10469.0,2.0,0.0,2.0,1900.0,2125.0,1955.0,1,B9,546000,2019-08-23,bronx,1300 OAKLEY STREET NYC
3,FLATBUSH-NORTH,02 TWO FAMILY DWELLINGS,1,4658,51,B1,245 EAST 52ND STREET,11203.0,2.0,0.0,2.0,2500.0,4080.0,1935.0,1,B1,830000,2019-02-07,brooklyn,245 EAST 52ND STREET NYC
2,PELHAM GARDENS,02 TWO FAMILY DWELLINGS,1,4491,31,B2,2464 GUNTHER AVENUE,10469.0,2.0,0.0,2.0,3750.0,2176.0,1999.0,1,B2,717150,2019-11-25,bronx,2464 GUNTHER AVENUE NYC
2,WOODLAWN,03 THREE FAMILY DWELLINGS,1,3383,73,C0,347 E 234TH STREET,10470.0,3.0,0.0,3.0,2300.0,3588.0,1988.0,1,C0,885000,2019-06-17,bronx,347 E 234TH STREET NYC
3,BENSONHURST,01 ONE FAMILY DWELLINGS,1,6203,23,A9,1630 73RD STREET,11204.0,1.0,0.0,1.0,1600.0,1030.0,1920.0,1,A9,820000,2019-01-15,brooklyn,1630 73RD STREET NYC
4,EAST ELMHURST,02 TWO FAMILY DWELLINGS,1,1409,54,B1,31-27 97TH STREET,11369.0,2.0,0.0,2.0,2600.0,1596.0,1910.0,1,B1,875000,2019-10-02,queens,31-27 97TH STREET NYC
3,EAST NEW YORK,02 TWO FAMILY DWELLINGS,1,4162,53,B1,57 GLEN STREET,11208.0,2.0,0.0,2.0,1600.0,2048.0,1910.0,1,B1,400000,2019-09-04,brooklyn,57 GLEN STREET NYC
4,FLUSHING-NORTH,01 ONE FAMILY DWELLINGS,1,6439,45,A5,153-10 58TH ROAD,11355.0,1.0,0.0,1.0,1600.0,960.0,1950.0,1,A5,685000,2019-05-10,queens,153-10 58TH ROAD NYC
2,PELHAM GARDENS,01 ONE FAMILY DWELLINGS,1,4486,78,A5,2519 WESTERVELT,10469.0,1.0,0.0,1.0,2000.0,1400.0,1931.0,1,A5,470000,2019-12-09,bronx,2519 WESTERVELT NYC
4,WOODSIDE,03 THREE FAMILY DWELLINGS,1,2341,102,C0,48-61A 58TH STREET,11377.0,3.0,0.0,3.0,1716.0,3150.0,2001.0,1,C0,1220000,2019-05-15,queens,48-61A 58TH STREET NYC
4,FLUSHING-NORTH,01 ONE FAMILY DWELLINGS,1,6377,108,A5,138-04 58TH AVENUE,11355.0,1.0,0.0,1.0,1020.0,1432.0,1960.0,1,A5,850000,2019-06-14,queens,138-04 58TH AVENUE NYC
5,PORT RICHMOND,01 ONE FAMILY DWELLINGS,1,1038,54,A1,129 PALMER AVENUE,10302.0,1.0,0.0,1.0,2500.0,1715.0,1925.0,1,A1,490000,2019-10-29,statenisland,129 PALMER AVENUE NYC
3,SUNSET PARK,01 ONE FAMILY DWELLINGS,1,898,8,A1,711 6 AVENUE,11215.0,1.0,0.0,1.0,1300.0,800.0,1930.0,1,A1,995000,2019-09-09,brooklyn,711 6 AVENUE NYC
3,FLATBUSH-EAST,02 TWO FAMILY DWELLINGS,1,4989,42,B1,738 EAST 43RD STREET,11203.0,2.0,0.0,2.0,1758.0,2040.0,1930.0,1,B1,740000,2019-10-11,brooklyn,738 EAST 43RD STREET NYC
4,QUEENS VILLAGE,01 ONE FAMILY DWELLINGS,1,11269,73,A0,114-35 225 STREET,11411.0,1.0,0.0,1.0,4200.0,1220.0,1945.0,1,A0,420000,2019-12-18,queens,114-35 225 STREET NYC
4,JAMAICA HILLS,01 ONE FAMILY DWELLINGS,1,9860,75,A1,84-25 168TH PLACE,11432.0,1.0,0.0,1.0,2800.0,1480.0,1925.0,1,A1,670000,2019-05-17,queens,84-25 168TH PLACE NYC
3,DYKER HEIGHTS,01 ONE FAMILY DWELLINGS,1,6220,64,A5,1137 76TH STREET,11228.0,1.0,0.0,1.0,1600.0,1168.0,1920.0,1,A5,880000,2019-08-22,brooklyn,1137 76TH STREET NYC
2,MORRISANIA/LONGWOOD,03 THREE FAMILY DWELLINGS,1,2379,125,C0,783 ELTON AVENUE,10451.0,3.0,0.0,3.0,2200.0,3036.0,1999.0,1,C0,840000,2019-09-20,bronx,783 ELTON AVENUE NYC
3,MIDWOOD,22 STORE BUILDINGS,4,6749,95,K2,1737 CONEY ISLAND AVENUE,11230.0,0.0,2.0,2.0,1600.0,2200.0,1931.0,4,K2,900000,2019-02-19,brooklyn,1737 CONEY ISLAND AVENUE NYC
5,CASTLETON CORNERS,01 ONE FAMILY DWELLINGS,1,337,52,A1,194 UTTER AVENUE,10314.0,1.0,0.0,1.0,4000.0,1998.0,1920.0,1,A1,608000,2019-10-03,statenisland,194 UTTER AVENUE NYC
4,MASPETH,01 ONE FAMILY DWELLINGS,1,2380,24,A1,54-21 65TH PLACE,11378.0,1.0,0.0,1.0,2800.0,1584.0,1940.0,1,A1,865000,2019-05-07,queens,54-21 65TH PLACE NYC
2,BEDFORD PARK/NORWOOD,01 ONE FAMILY DWELLINGS,1,3299,36,A1,293 EAST 201ST STREET,10458.0,1.0,0.0,1.0,2150.0,1176.0,1901.0,1,A1,550000,2019-08-23,bronx,293 EAST 201ST STREET NYC
4,FLUSHING-NORTH,01 ONE FAMILY DWELLINGS,1,6735,20,A1,59-27 157TH STREET,11355.0,1.0,0.0,1.0,2500.0,1216.0,1925.0,1,A1,770000,2019-01-23,queens,59-27 157TH STREET NYC
4,FLUSHING-SOUTH,01 ONE FAMILY DWELLINGS,1,6835,21,A0,75-34 162ND STREET,11366.0,1.0,0.0,1.0,4000.0,900.0,1935.0,1,A0,655000,2019-12-12,queens,75-34 162ND STREET NYC
4,WOODHAVEN,02 TWO FAMILY DWELLINGS,1,8859,4,B2,86-03 85TH STREET,11421.0,2.0,0.0,2.0,2217.0,2208.0,1920.0,1,B2,780000,2019-03-27,queens,86-03 85TH STREET NYC
2,MORRIS PARK/VAN NEST,02 TWO FAMILY DWELLINGS,1,4261,18,B1,1940 WALLACE AVENUE,10462.0,2.0,0.0,2.0,1916.0,2000.0,1970.0,1,B1,455000,2019-07-12,bronx,1940 WALLACE AVENUE NYC
5,GREAT KILLS,02 TWO FAMILY DWELLINGS,1,5255,63,B2,41 RAMBLEWOOD AVENUE,10308.0,2.0,0.0,2.0,3800.0,1999.0,2018.0,1,B2,964792,2019-08-21,statenisland,41 RAMBLEWOOD AVENUE NYC
4,JACKSON HEIGHTS,03 THREE FAMILY DWELLINGS,1,947,4,C0,78-08 19TH AVENUE,11370.0,3.0,0.0,3.0,2578.0,2530.0,1960.0,1,C0,950000,2019-06-24,queens,78-08 19TH AVENUE NYC
3,COBBLE HILL,03 THREE FAMILY DWELLINGS,1,331,9,C0,"176 DEGRAW STREET, 2",11231.0,3.0,0.0,3.0,2167.0,3465.0,1984.0,1,C0,975000,2019-03-08,brooklyn,"176 DEGRAW STREET, 2 NYC"
2,WAKEFIELD,02 TWO FAMILY DWELLINGS,1,5068,75,B1,661 NEREID AVENUE,10470.0,2.0,0.0,2.0,1950.0,2966.0,1950.0,1,B1,669000,2019-09-19,bronx,661 NEREID AVENUE NYC
5,MIDLAND BEACH,01 ONE FAMILY DWELLINGS,1,3681,56,A9,48 ROWAN AVENUE,10306.0,1.0,0.0,1.0,2300.0,1536.0,1975.0,1,A9,563000,2019-02-26,statenisland,48 ROWAN AVENUE NYC
2,PELHAM PARKWAY NORTH,02 TWO FAMILY DWELLINGS,1,4354,8,B1,2302 MATTHEWS AVENUE,10467.0,2.0,0.0,2.0,2900.0,2800.0,1950.0,1,B1,655000,2019-03-11,bronx,2302 MATTHEWS AVENUE NYC
2,COUNTRY CLUB,01 ONE FAMILY DWELLINGS,1,5408,44,A1,3220 COUNTRY CLUB ROAD,10465.0,1.0,0.0,1.0,2302.0,1472.0,1925.0,1,A1,624000,2019-02-14,bronx,3220 COUNTRY CLUB ROAD NYC
5,MIDLAND BEACH,01 ONE FAMILY DWELLINGS,1,3884,40,A5,333 COLONY AVENUE,10306.0,1.0,0.0,1.0,2000.0,1198.0,2017.0,1,A5,560038,2019-03-01,statenisland,333 COLONY AVENUE NYC
2,THROGS NECK,01 ONE FAMILY DWELLINGS,1,5594,6,A5,2756 MILES AVENUE,10465.0,1.0,0.0,1.0,1800.0,1792.0,1960.0,1,A5,543000,2019-10-21,bronx,2756 MILES AVENUE NYC
2,SCHUYLERVILLE/PELHAM BAY,02 TWO FAMILY DWELLINGS,1,5336,47,B1,1259 CROSBY AVENUE,10461.0,2.0,0.0,2.0,3458.0,2252.0,1960.0,1,B1,695000,2019-11-05,bronx,1259 CROSBY AVENUE NYC
2,WILLIAMSBRIDGE,02 TWO FAMILY DWELLINGS,1,4875,26,B9,1017 EAST 228TH STREET,10466.0,2.0,0.0,2.0,1860.0,1530.0,1935.0,1,B9,510000,2019-01-07,bronx,1017 EAST 228TH STREET NYC
4,SPRINGFIELD GARDENS,01 ONE FAMILY DWELLINGS,1,13356,21,A5,182-12 146TH ROAD,11413.0,1.0,0.0,1.0,1681.0,828.0,2009.0,1,A5,454000,2019-09-06,queens,182-12 146TH ROAD NYC
4,FRESH MEADOWS,01 ONE FAMILY DWELLINGS,1,7196,86,A1,75-11 181ST STREET,11366.0,1.0,0.0,1.0,4500.0,1721.0,1940.0,1,A1,1099000,2019-12-05,queens,75-11 181ST STREET NYC
4,GLENDALE,01 ONE FAMILY DWELLINGS,1,3817,50,A9,79-55 77TH ROAD,11385.0,1.0,0.0,1.0,2000.0,920.0,1925.0,1,A9,755000,2019-05-23,queens,79-55 77TH ROAD NYC
3,CANARSIE,01 ONE FAMILY DWELLINGS,1,8068,25,A1,1225 EAST 89TH STREET,11236.0,1.0,0.0,1.0,2000.0,1360.0,1920.0,1,A1,582000,2019-12-13,brooklyn,1225 EAST 89TH STREET NYC
4,JACKSON HEIGHTS,02 TWO FAMILY DWELLINGS,1,1396,1,B3,31-01 84TH STREET,11370.0,2.0,0.0,2.0,2000.0,1858.0,1925.0,1,B3,970000,2019-11-19,queens,31-01 84TH STREET NYC
4,HOWARD BEACH,03 THREE FAMILY DWELLINGS,1,11420,22,C0,150-26 89TH STREET,11414.0,3.0,0.0,3.0,2200.0,2825.0,1960.0,1,C0,800000,2019-05-29,queens,150-26 89TH STREET NYC
5,ELTINGVILLE,01 ONE FAMILY DWELLINGS,1,5421,47,A5,11 STRAWBERRY LANE,10312.0,1.0,0.0,1.0,2287.0,1260.0,1975.0,1,A5,565000,2019-05-01,statenisland,11 STRAWBERRY LANE NYC
3,MARINE PARK,02 TWO FAMILY DWELLINGS,1,8519,61,B1,2044 EAST 34 STREET,11234.0,2.0,0.0,2.0,1800.0,1890.0,1935.0,1,B1,500000,2019-08-27,brooklyn,2044 EAST 34 STREET NYC
3,BENSONHURST,01 ONE FAMILY DWELLINGS,1,6181,63,A5,1665 72ND STREET,11204.0,1.0,0.0,1.0,1750.0,1020.0,1910.0,1,A5,718000,2019-09-11,brooklyn,1665 72ND STREET NYC
3,MARINE PARK,01 ONE FAMILY DWELLINGS,1,8499,12,A5,1971 EAST 32ND STREET,11234.0,1.0,0.0,1.0,2200.0,1694.0,1940.0,1,A5,645000,2019-07-16,brooklyn,1971 EAST 32ND STREET NYC
3,BOROUGH PARK,03 THREE FAMILY DWELLINGS,1,5620,30,C0,4606 FT HAMILTON PARKWAY,11219.0,3.0,0.0,3.0,1743.0,2000.0,1931.0,1,C0,1395000,2019-04-29,brooklyn,4606 FT HAMILTON PARKWAY NYC
3,BOROUGH PARK,03 THREE FAMILY DWELLINGS,1,5716,18,C0,1028 60TH STREET,11219.0,3.0,0.0,3.0,2000.0,3240.0,1925.0,1,C0,1360000,2019-07-12,brooklyn,1028 60TH STREET NYC
4,FLUSHING-SOUTH,01 ONE FAMILY DWELLINGS,1,6813,47,A5,153-47 78 AVE,11367.0,1.0,0.0,1.0,1800.0,1296.0,1960.0,1,A5,790000,2019-09-12,queens,153-47 78 AVE NYC
3,MARINE PARK,02 TWO FAMILY DWELLINGS,1,7692,35,B3,1513 MARINE PARKWAY,11234.0,2.0,0.0,2.0,2300.0,1975.0,1950.0,1,B3,804000,2019-10-10,brooklyn,1513 MARINE PARKWAY NYC
3,SUNSET PARK,02 TWO FAMILY DWELLINGS,1,848,31,B9,562 57TH STREET,11220.0,2.0,0.0,2.0,2003.0,2000.0,1910.0,1,B9,1200000,2019-06-05,brooklyn,562 57TH STREET NYC
2,CASTLE HILL/UNIONPORT,02 TWO FAMILY DWELLINGS,1,3793,5,B1,1210 VIRGINIA AVENUE,10472.0,2.0,0.0,2.0,2470.0,2041.0,1945.0,1,B1,700000,2019-02-27,bronx,1210 VIRGINIA AVENUE NYC
4,JACKSON HEIGHTS,02 TWO FAMILY DWELLINGS,1,1400,20,B1,31-34 89TH STREET,11369.0,2.0,0.0,2.0,2500.0,1972.0,1930.0,1,B1,1140000,2019-10-09,queens,31-34 89TH STREET NYC
3,OLD MILL BASIN,01 ONE FAMILY DWELLINGS,1,7895,58,A9,1714 EAST 51ST STREET,11234.0,1.0,0.0,1.0,1333.0,1214.0,1925.0,1,A9,330000,2019-09-17,brooklyn,1714 EAST 51ST STREET NYC
3,WILLIAMSBURG-SOUTH,03 THREE FAMILY DWELLINGS,1,2429,7,C0,70 SOUTH 3RD STREET,11249.0,3.0,0.0,3.0,1439.0,1400.0,1920.0,1,C0,1925000,2019-05-28,brooklyn,70 SOUTH 3RD STREET NYC
4,SPRINGFIELD GARDENS,01 ONE FAMILY DWELLINGS,1,12569,67,A1,134-50 175TH STREET,11434.0,1.0,0.0,1.0,3200.0,1284.0,1920.0,1,A1,411732,2019-12-30,queens,134-50 175TH STREET NYC
5,NEW SPRINGVILLE,01 ONE FAMILY DWELLINGS,1,2389,111,A5,278 TRAVIS AVENUE,10314.0,1.0,0.0,1.0,3404.0,1280.0,1980.0,1,A5,590000,2019-12-24,statenisland,278 TRAVIS AVENUE NYC
5,ELTINGVILLE,01 ONE FAMILY DWELLINGS,1,5681,34,A5,42 DORVAL PLACE,10312.0,1.0,0.0,1.0,3134.0,1280.0,1975.0,1,A5,309000,2019-10-31,statenisland,42 DORVAL PLACE NYC
3,MILL BASIN,01 ONE FAMILY DWELLINGS,1,8643,49,A2,2534 EAST 66TH STREET,11234.0,1.0,0.0,1.0,4000.0,2310.0,1965.0,1,A2,1150000,2019-01-28,brooklyn,2534 EAST 66TH STREET NYC
4,FLUSHING-SOUTH,01 ONE FAMILY DWELLINGS,1,6643,28,A5,144-44 70TH AVENUE,11367.0,1.0,0.0,1.0,2000.0,1560.0,1940.0,1,A5,790000,2019-06-03,queens,144-44 70TH AVENUE NYC
3,BUSHWICK,02 TWO FAMILY DWELLINGS,1,3402,60,B2,1039 HALSEY STREET,11207.0,2.0,0.0,2.0,2000.0,3300.0,1920.0,1,B2,1145000,2019-02-15,brooklyn,1039 HALSEY STREET NYC
4,SO. JAMAICA-BAISLEY PARK,01 ONE FAMILY DWELLINGS,1,12332,146,A1,114-16 169TH STREET,11434.0,1.0,0.0,1.0,2628.0,1448.0,1935.0,1,A1,514500,2019-10-24,queens,114-16 169TH STREET NYC
4,MASPETH,02 TWO FAMILY DWELLINGS,1,2396,47,B2,66-24 HULL AVENUE,11378.0,2.0,0.0,2.0,2500.0,3240.0,1910.0,1,B2,990000,2019-07-12,queens,66-24 HULL AVENUE NYC
3,MADISON,02 TWO FAMILY DWELLINGS,1,6771,52,B2,2401 AVENUE P,11229.0,2.0,0.0,2.0,3700.0,3123.0,1920.0,1,B2,975000,2019-02-07,brooklyn,2401 AVENUE P NYC
3,GRAVESEND,03 THREE FAMILY DWELLINGS,1,6656,24,C0,1752 DAHILL ROAD,11223.0,3.0,0.0,3.0,2550.0,2940.0,1930.0,1,C0,1500000,2019-07-19,brooklyn,1752 DAHILL ROAD NYC
4,HOLLIS,02 TWO FAMILY DWELLINGS,1,9906,66,B3,90-23 184TH PLACE,11423.0,2.0,0.0,2.0,2500.0,1856.0,1920.0,1,B3,765000,2019-03-05,queens,90-23 184TH PLACE NYC
4,LAURELTON,01 ONE FAMILY DWELLINGS,1,13030,60,A5,217-12 137TH AVENUE,11413.0,1.0,0.0,1.0,2500.0,1065.0,1920.0,1,A5,499999,2019-07-11,queens,217-12 137TH AVENUE NYC
2,BAYCHESTER,03 THREE FAMILY DWELLINGS,1,4903,38,C0,1113 EAST 224TH STREET,10466.0,3.0,0.0,3.0,2312.0,3800.0,1992.0,1,C0,790000,2019-06-04,bronx,1113 EAST 224TH STREET NYC
2,COUNTRY CLUB,01 ONE FAMILY DWELLINGS,1,5466,40,A1,3279 BARKLEY AVE,10465.0,1.0,0.0,1.0,2353.0,1500.0,1925.0,1,A1,515000,2019-12-03,bronx,3279 BARKLEY AVE NYC
4,QUEENS VILLAGE,01 ONE FAMILY DWELLINGS,1,11165,3,A1,104-06 221ST STREET,11429.0,1.0,0.0,1.0,3000.0,1296.0,1925.0,1,A1,555000,2019-07-10,queens,104-06 221ST STREET NYC
3,BOROUGH PARK,02 TWO FAMILY DWELLINGS,1,5513,23,B3,1940 59TH STREET,11204.0,2.0,0.0,2.0,2003.0,1290.0,1925.0,1,B3,850000,2019-01-17,brooklyn,1940 59TH STREET NYC
3,BUSHWICK,02 TWO FAMILY DWELLINGS,1,3469,24,B2,86 ABERDEEN,11207.0,2.0,0.0,2.0,1808.0,1620.0,1905.0,1,B2,900000,2019-06-24,brooklyn,86 ABERDEEN NYC
3,OCEAN PARKWAY-NORTH,01 ONE FAMILY DWELLINGS,1,5424,75,A5,241 PARKVILLE AVENUE,11230.0,1.0,0.0,1.0,1878.0,1456.0,1915.0,1,A5,990000,2019-07-30,brooklyn,241 PARKVILLE AVENUE NYC
3,BUSHWICK,02 TWO FAMILY DWELLINGS,1,3184,5,B2,151 EVERGREEN AVENUE,11221.0,2.0,0.0,2.0,1833.0,1416.0,1910.0,1,B2,998000,2019-04-16,brooklyn,151 EVERGREEN AVENUE NYC
3,SUNSET PARK,03 THREE FAMILY DWELLINGS,1,790,48,C0,363 51ST STREET,11220.0,3.0,0.0,3.0,2003.0,3000.0,1910.0,1,C0,1375000,2019-12-12,brooklyn,363 51ST STREET NYC
4,RIDGEWOOD,02 TWO FAMILY DWELLINGS,1,3385,56,B2,2039 LINDEN STREET,11385.0,2.0,0.0,2.0,2000.0,3120.0,1920.0,1,B2,1385000,2019-02-28,queens,2039 LINDEN STREET NYC
5,GREAT KILLS-BAY TERRACE,01 ONE FAMILY DWELLINGS,1,4976,3,A2,85 SPRATT AVENUE,10306.0,1.0,0.0,1.0,4000.0,1056.0,1955.0,1,A2,639998,2019-12-12,statenisland,85 SPRATT AVENUE NYC
4,RICHMOND HILL,01 ONE FAMILY DWELLINGS,1,9408,16,A1,97-26 107 STREET,11416.0,1.0,0.0,1.0,2133.0,1165.0,1920.0,1,A1,530000,2019-07-29,queens,97-26 107 STREET NYC
5,WEST NEW BRIGHTON,22 STORE BUILDINGS,4,175,1,K4,718 HENDERSON AVENUE,10310.0,1.0,1.0,2.0,2500.0,3966.0,1930.0,4,K4,650000,2019-10-01,statenisland,718 HENDERSON AVENUE NYC
3,FLATLANDS,22 STORE BUILDINGS,4,7754,31,K2,1645 UTICA AVENUE,11234.0,0.0,2.0,2.0,4000.0,2608.0,1930.0,4,K2,1175000,2019-11-26,brooklyn,1645 UTICA AVENUE NYC
4,SOUTH OZONE PARK,01 ONE FAMILY DWELLINGS,1,11784,28,A1,133-15 125TH STREET,11420.0,1.0,0.0,1.0,4000.0,1440.0,1920.0,1,A1,500000,2019-09-17,queens,133-15 125TH STREET NYC
4,HOLLIS,02 TWO FAMILY DWELLINGS,1,10891,17,B3,104-24 196TH STREET,11412.0,2.0,0.0,2.0,4000.0,2016.0,1930.0,1,B3,710000,2019-08-08,queens,104-24 196TH STREET NYC
3,DYKER HEIGHTS,02 TWO FAMILY DWELLINGS,1,6220,5,B2,7513 11TH AVENUE,11228.0,2.0,0.0,2.0,3000.0,2280.0,1930.0,1,B2,1100000,2019-01-08,brooklyn,7513 11TH AVENUE NYC
4,FLUSHING-SOUTH,01 ONE FAMILY DWELLINGS,1,6579,82,A5,13680 72ND AVE,11367.0,1.0,0.0,1.0,2500.0,1296.0,1940.0,1,A5,862500,2019-10-04,queens,13680 72ND AVE NYC
5,NEW BRIGHTON,02 TWO FAMILY DWELLINGS,1,111,25,B9,33 TRUMBULL PLACE,10301.0,2.0,0.0,2.0,1196.0,1763.0,2004.0,1,B9,445000,2019-11-26,statenisland,33 TRUMBULL PLACE NYC
2,WILLIAMSBRIDGE,02 TWO FAMILY DWELLINGS,1,4674,22,B3,845 EAST 215 STREET,10467.0,2.0,0.0,2.0,2185.0,1080.0,1935.0,1,B3,311245,2019-08-30,bronx,845 EAST 215 STREET NYC
4,CORONA,02 TWO FAMILY DWELLINGS,1,1626,65,B3,45-12 98TH STREET,11368.0,2.0,0.0,2.0,2000.0,1664.0,1925.0,1,B3,965000,2019-05-06,queens,45-12 98TH STREET NYC
4,HOLLIS,02 TWO FAMILY DWELLINGS,1,10871,47,B3,100-39 204TH STREET,11423.0,2.0,0.0,2.0,4000.0,1736.0,1925.0,1,B3,430000,2019-03-20,queens,100-39 204TH STREET NYC
4,REGO PARK,01 ONE FAMILY DWELLINGS,1,3142,26,A5,85-36 67TH AVENUE,11374.0,1.0,0.0,1.0,2178.0,1440.0,1929.0,1,A5,899000,2019-03-08,queens,85-36 67TH AVENUE NYC
5,SUNNYSIDE,02 TWO FAMILY DWELLINGS,1,666,24,B1,160 ONTARIO AVENUE,10301.0,2.0,0.0,2.0,4500.0,2208.0,1960.0,1,B1,820000,2019-04-10,statenisland,160 ONTARIO AVENUE NYC
3,BOROUGH PARK,07 RENTALS - WALKUP APARTMENTS,2A,5703,52,C3,1151 59TH STREET,11219.0,4.0,0.0,4.0,2504.0,3200.0,1920.0,2,C3,1800000,2019-03-15,brooklyn,1151 59TH STREET NYC
4,SO. JAMAICA-BAISLEY PARK,01 ONE FAMILY DWELLINGS,1,12214,19,A2,153-28 119TH ROAD,11434.0,1.0,0.0,1.0,4000.0,1091.0,1925.0,1,A2,380000,2019-02-07,queens,153-28 119TH ROAD NYC
3,CANARSIE,02 TWO FAMILY DWELLINGS,1,8226,40,B1,9916 AVENUE J,11236.0,2.0,0.0,2.0,1980.0,1560.0,1955.0,1,B1,655000,2019-11-19,brooklyn,9916 AVENUE J NYC
4,CORONA,03 THREE FAMILY DWELLINGS,1,1905,38,C0,55-28 97TH PLACE,11368.0,3.0,0.0,3.0,2000.0,3100.0,1975.0,1,C0,1398000,2019-12-18,queens,55-28 97TH PLACE NYC
3,BOROUGH PARK,03 THREE FAMILY DWELLINGS,1,5345,80,C0,1417 41ST STREET,11218.0,3.0,0.0,3.0,2037.0,3090.0,1901.0,1,C0,1200000,2019-06-06,brooklyn,1417 41ST STREET NYC
4,ST. ALBANS,01 ONE FAMILY DWELLINGS,1,10408,11,A2,185-40 JORDAN AVE.,11412.0,1.0,0.0,1.0,4230.0,1748.0,1920.0,1,A2,555000,2019-10-04,queens,185-40 JORDAN AVE. NYC
2,WOODLAWN,02 TWO FAMILY DWELLINGS,1,3372,13,B2,120 EAST 238 STREET,10470.0,2.0,0.0,2.0,2500.0,2248.0,1915.0,1,B2,514216,2019-12-04,bronx,120 EAST 238 STREET NYC
3,EAST NEW YORK,02 TWO FAMILY DWELLINGS,1,4182,22,B2,109 SHERIDAN AVENUE,11208.0,2.0,0.0,2.0,1877.0,1668.0,1910.0,1,B2,490000,2019-04-29,brooklyn,109 SHERIDAN AVENUE NYC
2,BATHGATE,02 TWO FAMILY DWELLINGS,1,3053,7,B2,2306 BASSFORD AVENUE,10458.0,2.0,0.0,2.0,2085.0,3374.0,1901.0,1,B2,370000,2019-04-24,bronx,2306 BASSFORD AVENUE NYC
2,SOUNDVIEW,07 RENTALS - WALKUP APARTMENTS,2A,3736,57,C3,1157 COLGATE AVENUE,10472.0,4.0,0.0,4.0,2500.0,3360.0,1927.0,2,C3,780000,2019-12-20,bronx,1157 COLGATE AVENUE NYC
4,RIDGEWOOD,03 THREE FAMILY DWELLINGS,1,3585,1,C0,75-02 61ST STREET,11385.0,3.0,0.0,3.0,1948.0,3600.0,1931.0,1,C0,1450000,2019-12-24,queens,75-02 61ST STREET NYC
4,SPRINGFIELD GARDENS,02 TWO FAMILY DWELLINGS,1,12259,4,B3,154-11 132ND AVENUE,11434.0,2.0,0.0,2.0,4000.0,768.0,2018.0,1,B3,900000,2019-10-25,queens,154-11 132ND AVENUE NYC
2,SOUNDVIEW,02 TWO FAMILY DWELLINGS,1,3556,1,B2,601 ST. LAWRENCE AVE.,10473.0,2.0,0.0,2.0,2220.0,2510.0,1931.0,1,B2,670000,2019-09-06,bronx,601 ST. LAWRENCE AVE. NYC
3,BAY RIDGE,01 ONE FAMILY DWELLINGS,1,5871,89,A5,28 BAY RIDGE PLACE,11209.0,1.0,0.0,1.0,1600.0,2112.0,1920.0,1,A5,1100000,2019-08-21,brooklyn,28 BAY RIDGE PLACE NYC
3,EAST NEW YORK,02 TWO FAMILY DWELLINGS,1,4299,6,S2,404 NEW LOTS AVENUE,11207.0,2.0,1.0,3.0,1560.0,4176.0,1925.0,1,S2,915000,2019-11-20,brooklyn,404 NEW LOTS AVENUE NYC
4,MIDDLE VILLAGE,01 ONE FAMILY DWELLINGS,1,2977,36,A5,84-39 63RD AVENUE,11379.0,1.0,0.0,1.0,1900.0,1254.0,1930.0,1,A5,770000,2019-06-11,queens,84-39 63RD AVENUE NYC
4,RICHMOND HILL,01 ONE FAMILY DWELLINGS,1,9316,44,A1,91-31 109TH STREET,11418.0,1.0,0.0,1.0,2000.0,1072.0,1920.0,1,A1,380000,2019-10-23,queens,91-31 109TH STREET NYC
5,ARDEN HEIGHTS,01 ONE FAMILY DWELLINGS,1,6029,75,A5,10 RAILY COURT,10312.0,1.0,0.0,1.0,1276.0,1232.0,1987.0,1,A5,430000,2019-10-28,statenisland,10 RAILY COURT NYC
4,JACKSON HEIGHTS,02 TWO FAMILY DWELLINGS,1,1288,25,B1,37-34 78TH STREET,11372.0,2.0,0.0,2.0,2930.0,2560.0,1930.0,1,B1,1165000,2019-03-25,queens,37-34 78TH STREET NYC
2,BRONXDALE,01 ONE FAMILY DWELLINGS,1,4524,59,A5,2747 PEARSALL AVENUE,10469.0,1.0,0.0,1.0,2050.0,1390.0,1925.0,1,A5,575000,2019-05-23,bronx,2747 PEARSALL AVENUE NYC
2,BATHGATE,02 TWO FAMILY DWELLINGS,1,2912,149,B1,523 EAST 171 STREET,10457.0,2.0,0.0,2.0,2000.0,2400.0,1993.0,1,B1,505000,2019-11-14,bronx,523 EAST 171 STREET NYC
3,OCEAN PARKWAY-NORTH,02 TWO FAMILY DWELLINGS,1,5377,62,B3,425 EAST 8TH STREET,11218.0,2.0,0.0,2.0,3000.0,1744.0,1905.0,1,B3,1495000,2019-12-11,brooklyn,425 EAST 8TH STREET NYC
2,CASTLE HILL/UNIONPORT,01 ONE FAMILY DWELLINGS,1,3694,21,A1,2228 BRUCKNER BOULEVARD,10473.0,1.0,0.0,1.0,2575.0,1385.0,1925.0,1,A1,433000,2019-03-22,bronx,2228 BRUCKNER BOULEVARD NYC
4,FLUSHING-NORTH,01 ONE FAMILY DWELLINGS,1,5612,25,A5,47-21 193RD STREET,11358.0,1.0,0.0,1.0,1900.0,1548.0,1965.0,1,A5,899000,2019-02-20,queens,47-21 193RD STREET NYC
4,OZONE PARK,01 ONE FAMILY DWELLINGS,1,11491,34,A1,13310 96TH STREET,11417.0,1.0,0.0,1.0,2600.0,1264.0,1925.0,1,A1,635000,2019-07-15,queens,13310 96TH STREET NYC
4,SOUTH OZONE PARK,22 STORE BUILDINGS,4,11707,38,K4,114-40 ROCKAWAY BOULEVARD,11420.0,2.0,1.0,3.0,1888.0,2520.0,1930.0,4,K4,625000,2019-08-07,queens,114-40 ROCKAWAY BOULEVARD NYC
4,ROSEDALE,01 ONE FAMILY DWELLINGS,1,13496,46,A2,144-16 227TH STREET,11413.0,1.0,0.0,1.0,4000.0,950.0,1955.0,1,A2,375000,2019-05-08,queens,144-16 227TH STREET NYC
3,SHEEPSHEAD BAY,02 TWO FAMILY DWELLINGS,1,7375,17,B3,2226 E 15TH STREET,11229.0,2.0,0.0,2.0,1800.0,2881.0,1925.0,1,B3,950000,2019-09-24,brooklyn,2226 E 15TH STREET NYC
4,HOWARD BEACH,01 ONE FAMILY DWELLINGS,1,14073,67,A1,163-24 90TH STREET,11414.0,1.0,0.0,1.0,3800.0,2850.0,1965.0,1,A1,675000,2019-04-04,queens,163-24 90TH STREET NYC
3,CANARSIE,01 ONE FAMILY DWELLINGS,1,8199,3,A5,9117 AVENUE J,11236.0,1.0,0.0,1.0,2174.0,1782.0,1960.0,1,A5,450000,2019-08-13,brooklyn,9117 AVENUE J NYC
5,NEW SPRINGVILLE,02 TWO FAMILY DWELLINGS,1,2392,35,B2,20 FURNESS PLACE,10314.0,2.0,0.0,2.0,4200.0,3241.0,1970.0,1,B2,820000,2019-05-20,statenisland,20 FURNESS PLACE NYC
4,MASPETH,02 TWO FAMILY DWELLINGS,1,2651,112,B1,59-38 60TH AVENUE,11378.0,2.0,0.0,2.0,1887.0,1960.0,2004.0,1,B1,970000,2019-10-08,queens,59-38 60TH AVENUE NYC
4,BRIARWOOD,01 ONE FAMILY DWELLINGS,1,9710,89,A1,139-37 86TH AVENUE,11435.0,1.0,0.0,1.0,2342.0,1740.0,1925.0,1,A1,715000,2019-05-13,queens,139-37 86TH AVENUE NYC
3,BERGEN BEACH,02 TWO FAMILY DWELLINGS,1,8390,26,B9,1453 EAST 68TH STREET,11234.0,2.0,0.0,2.0,3600.0,2236.0,1986.0,1,B9,905000,2019-12-06,brooklyn,1453 EAST 68TH STREET NYC
4,ST. ALBANS,01 ONE FAMILY DWELLINGS,1,10999,67,A5,113-16 205TH STREET,11412.0,1.0,0.0,1.0,1800.0,1080.0,1935.0,1,A5,480000,2019-05-31,queens,113-16 205TH STREET NYC
4,QUEENS VILLAGE,01 ONE FAMILY DWELLINGS,1,10650,30,A1,90-06 216TH STREET,11428.0,1.0,0.0,1.0,2800.0,1120.0,1925.0,1,A1,480000,2019-08-19,queens,90-06 216TH STREET NYC
2,CASTLE HILL/UNIONPORT,01 ONE FAMILY DWELLINGS,1,3789,62,A5,1945 BLACKROCK AVENUE,10472.0,1.0,0.0,1.0,2000.0,1224.0,1950.0,1,A5,510000,2019-01-15,bronx,1945 BLACKROCK AVENUE NYC
5,ELTINGVILLE,01 ONE FAMILY DWELLINGS,1,5619,132,A5,45 ADLAI CIRCLE,10312.0,1.0,0.0,1.0,3510.0,1080.0,1970.0,1,A5,590000,2019-10-30,statenisland,45 ADLAI CIRCLE NYC
3,CANARSIE,02 TWO FAMILY DWELLINGS,1,8062,14,B2,1263 EAST 83RD STREET,11236.0,2.0,0.0,2.0,2200.0,1920.0,1940.0,1,B2,630000,2019-08-06,brooklyn,1263 EAST 83RD STREET NYC
4,SOUTH JAMAICA,03 THREE FAMILY DWELLINGS,1,10134,60,C0,107-57 155TH STREET,11433.0,3.0,0.0,3.0,2003.0,2398.0,2002.0,1,C0,690000,2019-06-04,queens,107-57 155TH STREET NYC
3,EAST NEW YORK,03 THREE FAMILY DWELLINGS,1,4003,12,C0,425 LINWOOD STREET,11208.0,3.0,0.0,3.0,2190.0,3000.0,2003.0,1,C0,955000,2019-11-25,brooklyn,425 LINWOOD STREET NYC
4,FLUSHING-SOUTH,01 ONE FAMILY DWELLINGS,1,6618,24,A5,141-24A 70TH ROAD,11367.0,1.0,0.0,1.0,1700.0,1054.0,1940.0,1,A5,500000,2019-06-07,queens,141-24A 70TH ROAD NYC
4,RICHMOND HILL,02 TWO FAMILY DWELLINGS,1,9531,50,B2,104-55 108TH STREET,11419.0,2.0,0.0,2.0,2370.0,1952.0,1920.0,1,B2,800000,2019-05-16,queens,104-55 108TH STREET NYC
2,SCHUYLERVILLE/PELHAM BAY,02 TWO FAMILY DWELLINGS,1,5347,69,B2,2679 WATERBURY AVENUE,10461.0,2.0,0.0,2.0,2074.0,2992.0,1909.0,1,B2,675000,2019-06-27,bronx,2679 WATERBURY AVENUE NYC
4,SO. JAMAICA-BAISLEY PARK,01 ONE FAMILY DWELLINGS,1,12035,14,A1,120-15 142 STREET,11436.0,1.0,0.0,1.0,2500.0,1458.0,1905.0,1,A1,534000,2019-11-26,queens,120-15 142 STREET NYC
4,RICHMOND HILL,01 ONE FAMILY DWELLINGS,1,9344,21,A1,89-32 118TH STREET,11418.0,1.0,0.0,1.0,1860.0,1320.0,1910.0,1,A1,480000,2019-08-23,queens,89-32 118TH STREET NYC
4,RIDGEWOOD,01 ONE FAMILY DWELLINGS,1,3623,23,A1,6708 65TH STREET,11385.0,1.0,0.0,1.0,2000.0,1280.0,1915.0,1,A1,770000,2019-09-17,queens,6708 65TH STREET NYC
4,GLENDALE,07 RENTALS - WALKUP APARTMENTS,2A,3653,39,C3,70-39 67TH PLACE,11385.0,4.0,0.0,4.0,2400.0,3000.0,1931.0,2,C3,1230000,2019-02-14,queens,70-39 67TH PLACE NYC
4,MASPETH,14 RENTALS - 4-10 UNIT,2A,2640,1,S3,55-19 METROPOLITAN AVENUE,11385.0,3.0,1.0,4.0,2500.0,3922.0,1915.0,2,S3,1375000,2019-07-31,queens,55-19 METROPOLITAN AVENUE NYC
4,FOREST HILLS,01 ONE FAMILY DWELLINGS,1,2121,14,A5,102-18 62ND AVENUE,11375.0,1.0,0.0,1.0,1842.0,1296.0,1940.0,1,A5,865000,2019-02-12,queens,102-18 62ND AVENUE NYC
4,JACKSON HEIGHTS,03 THREE FAMILY DWELLINGS,1,1004,8,C0,22-06 73RD STREET,11370.0,3.0,0.0,3.0,2480.0,3056.0,1965.0,1,C0,1150000,2019-12-10,queens,22-06 73RD STREET NYC
5,WILLOWBROOK,01 ONE FAMILY DWELLINGS,1,787,22,A1,271 MARTIN AVENUE,10314.0,1.0,0.0,1.0,4000.0,2105.0,1965.0,1,A1,915000,2019-11-12,statenisland,271 MARTIN AVENUE NYC
4,QUEENS VILLAGE,01 ONE FAMILY DWELLINGS,1,11238,48,A1,221-36 MURDOCK AVE,11429.0,1.0,0.0,1.0,3400.0,1348.0,1935.0,1,A1,680000,2019-05-30,queens,221-36 MURDOCK AVE NYC
3,GRAVESEND,02 TWO FAMILY DWELLINGS,1,6576,34,B2,1468 WEST 8TH STREET,11204.0,2.0,0.0,2.0,2700.0,2400.0,1930.0,1,B2,840000,2019-03-18,brooklyn,1468 WEST 8TH STREET NYC
5,ARDEN HEIGHTS,02 TWO FAMILY DWELLINGS,1,6023,62,B9,106 GREEN VALLEY ROAD,10312.0,2.0,0.0,2.0,2287.0,2248.0,1983.0,1,B9,642000,2019-01-04,statenisland,106 GREEN VALLEY ROAD NYC
5,CONCORD,02 TWO FAMILY DWELLINGS,1,644,31,B2,405 VANDERBILT AVENUE,10304.0,2.0,0.0,2.0,2555.0,1800.0,2002.0,1,B2,420000,2019-10-29,statenisland,405 VANDERBILT AVENUE NYC
4,FLUSHING-SOUTH,01 ONE FAMILY DWELLINGS,1,6622,30,A5,72-45 141 ST,11367.0,1.0,0.0,1.0,1995.0,1680.0,1945.0,1,A5,600500,2019-10-28,queens,72-45 141 ST NYC
3,OCEAN PARKWAY-SOUTH,02 TWO FAMILY DWELLINGS,1,7183,59,B3,621 CRAWFORD AVENUE,11223.0,2.0,0.0,2.0,2300.0,1851.0,1935.0,1,B3,980000,2019-12-05,brooklyn,621 CRAWFORD AVENUE NYC
5,GREAT KILLS,01 ONE FAMILY DWELLINGS,1,5534,37,A5,442 RIDGEWOOD AVENUE,10312.0,1.0,0.0,1.0,2565.0,1344.0,1970.0,1,A5,510000,2019-09-23,statenisland,442 RIDGEWOOD AVENUE NYC
3,EAST NEW YORK,02 TWO FAMILY DWELLINGS,1,4570,137,B1,1102 ELDERT LANE,11208.0,2.0,0.0,2.0,1701.0,2950.0,2004.0,1,B1,670000,2019-01-24,brooklyn,1102 ELDERT LANE NYC
5,BULLS HEAD,01 ONE FAMILY DWELLINGS,1,1690,15,A2,41 AMITY PLACE,10303.0,1.0,0.0,1.0,4280.0,1536.0,1960.0,1,A2,350000,2019-05-09,statenisland,41 AMITY PLACE NYC
2,THROGS NECK,01 ONE FAMILY DWELLINGS,1,5536,20,A5,1027 BRINSMADE AVENUE,10465.0,1.0,0.0,1.0,2600.0,1944.0,1955.0,1,A5,445000,2019-08-22,bronx,1027 BRINSMADE AVENUE NYC
5,GREAT KILLS,01 ONE FAMILY DWELLINGS,1,5442,80,A5,263 COLON AVENUE,10308.0,1.0,0.0,1.0,2277.0,1392.0,1978.0,1,A5,550000,2019-10-28,statenisland,263 COLON AVENUE NYC
5,WESTERLEIGH,01 ONE FAMILY DWELLINGS,1,447,47,A2,284 DEMOREST AVENUE,10314.0,1.0,0.0,1.0,3000.0,904.0,1925.0,1,A2,430000,2019-01-30,statenisland,284 DEMOREST AVENUE NYC
2,MORRIS PARK/VAN NEST,02 TWO FAMILY DWELLINGS,1,4123,39,B1,1814 BRONXDALE AVENUE,10462.0,2.0,0.0,2.0,2124.0,1815.0,1965.0,1,B1,320000,2019-10-15,bronx,1814 BRONXDALE AVENUE NYC
3,OLD MILL BASIN,01 ONE FAMILY DWELLINGS,1,8379,70,A2,1596 EAST 58TH STREET,11234.0,1.0,0.0,1.0,2000.0,873.0,1930.0,1,A2,494845,2019-08-30,brooklyn,1596 EAST 58TH STREET NYC
3,BUSHWICK,02 TWO FAMILY DWELLINGS,1,3436,40,B2,239 COOPER STREET,11207.0,2.0,0.0,2.0,1875.0,3375.0,2002.0,1,B2,575000,2019-12-19,brooklyn,239 COOPER STREET NYC
4,FLUSHING-SOUTH,01 ONE FAMILY DWELLINGS,1,7010,62,A1,76-31 173RD STREET,11366.0,1.0,0.0,1.0,4000.0,1396.0,1950.0,1,A1,1200000,2019-09-25,queens,76-31 173RD STREET NYC
4,LITTLE NECK,01 ONE FAMILY DWELLINGS,1,8245,135,A1,250-41 HORACE HARDING EXPWY,11362.0,1.0,0.0,1.0,4465.0,976.0,1940.0,1,A1,742000,2019-01-14,queens,250-41 HORACE HARDING EXPWY NYC
4,ROSEDALE,01 ONE FAMILY DWELLINGS,1,13614,14,S1,245-06 SOUTH CONDUIT AVENUE,11422.0,1.0,1.0,2.0,2763.0,1552.0,1920.0,1,S1,350000,2019-03-01,queens,245-06 SOUTH CONDUIT AVENUE NYC
5,ARDEN HEIGHTS,01 ONE FAMILY DWELLINGS,1,6019,52,A5,129 FOREST GREEN,10312.0,1.0,0.0,1.0,2046.0,1516.0,1970.0,1,A5,526500,2019-02-19,statenisland,129 FOREST GREEN NYC
4,ELMHURST,02 TWO FAMILY DWELLINGS,1,1601,48,B2,94-65 44TH AVENUE,11373.0,2.0,0.0,2.0,2500.0,1764.0,1910.0,1,B2,1250838,2019-02-08,queens,94-65 44TH AVENUE NYC
2,WILLIAMSBRIDGE,01 ONE FAMILY DWELLINGS,1,4859,81,A5,958 EAST 224 STREET,10466.0,1.0,0.0,1.0,1970.0,1539.0,1960.0,1,A5,400000,2019-12-23,bronx,958 EAST 224 STREET NYC
2,MORRIS PARK/VAN NEST,02 TWO FAMILY DWELLINGS,1,4124,3,B9,930 RHINELANDER AVENUE,10462.0,2.0,0.0,2.0,1620.0,1566.0,1960.0,1,B9,545000,2019-09-24,bronx,930 RHINELANDER AVENUE NYC
4,HOLLIS,01 ONE FAMILY DWELLINGS,1,10910,7,A1,206-16 104TH AVENUE,11429.0,1.0,0.0,1.0,4000.0,1432.0,1925.0,1,A1,478000,2019-11-25,queens,206-16 104TH AVENUE NYC
2,BAYCHESTER,02 TWO FAMILY DWELLINGS,1,4755,32,B1,3211 BRUNER AVE,10469.0,2.0,0.0,2.0,1920.0,2585.0,1970.0,1,B1,550000,2019-08-19,bronx,3211 BRUNER AVE NYC
4,SPRINGFIELD GARDENS,01 ONE FAMILY DWELLINGS,1,12674,90,A1,121-37 192ND STREET,11413.0,1.0,0.0,1.0,2910.0,1200.0,1925.0,1,A1,475000,2019-03-15,queens,121-37 192ND STREET NYC
3,SUNSET PARK,02 TWO FAMILY DWELLINGS,1,776,53,B1,657 49TH STREET,11220.0,2.0,0.0,2.0,1669.0,1776.0,1910.0,1,B1,1300000,2019-02-12,brooklyn,657 49TH STREET NYC
4,QUEENS VILLAGE,02 TWO FAMILY DWELLINGS,1,11232,40,B3,216-49 113TH DRIVE,11429.0,2.0,0.0,2.0,2150.0,1688.0,1935.0,1,B3,390000,2019-08-28,queens,216-49 113TH DRIVE NYC
4,SOUTH OZONE PARK,01 ONE FAMILY DWELLINGS,1,11648,9,A1,121-18 LINDEN BOULEVARD,11420.0,1.0,0.0,1.0,2000.0,952.0,1925.0,1,A1,465000,2019-07-15,queens,121-18 LINDEN BOULEVARD NYC
4,FLUSHING-NORTH,01 ONE FAMILY DWELLINGS,1,5564,18,A1,47-07 166TH STREET,11358.0,1.0,0.0,1.0,3880.0,2500.0,1965.0,1,A1,905000,2019-12-06,queens,47-07 166TH STREET NYC
2,BELMONT,02 TWO FAMILY DWELLINGS,1,3088,13,B2,2330 BELMONT AVENUE,10458.0,2.0,0.0,2.0,2500.0,2072.0,1925.0,1,B2,575000,2019-10-16,bronx,2330 BELMONT AVENUE NYC
4,SOUTH JAMAICA,02 TWO FAMILY DWELLINGS,1,10267,39,B3,175-20 109TH AVENUE,11433.0,2.0,0.0,2.0,4000.0,1785.0,1940.0,1,B3,552000,2019-04-18,queens,175-20 109TH AVENUE NYC
3,MARINE PARK,01 ONE FAMILY DWELLINGS,1,8534,1,A2,3423 AVENUE U,11234.0,1.0,0.0,1.0,2300.0,1694.0,1940.0,1,A2,627000,2019-07-23,brooklyn,3423 AVENUE U NYC
3,MIDWOOD,02 TWO FAMILY DWELLINGS,1,6763,8,B1,1514 EAST 17TH STREET,11230.0,2.0,0.0,2.0,2760.0,2480.0,1920.0,1,B1,995000,2019-05-22,brooklyn,1514 EAST 17TH STREET NYC
4,ROSEDALE,01 ONE FAMILY DWELLINGS,1,13238,17,A2,136-23 242ND STREET,11422.0,1.0,0.0,1.0,3325.0,1078.0,1935.0,1,A2,625000,2019-03-20,queens,136-23 242ND STREET NYC
4,RICHMOND HILL,01 ONE FAMILY DWELLINGS,1,9604,63,A1,107-43 124TH STREET,11419.0,1.0,0.0,1.0,2000.0,1170.0,1925.0,1,A1,389000,2019-05-28,queens,107-43 124TH STREET NYC
4,FLUSHING-NORTH,01 ONE FAMILY DWELLINGS,1,4864,52,A2,157-57 25TH AVENUE,11357.0,1.0,0.0,1.0,3700.0,1196.0,1950.0,1,A2,800000,2019-05-24,queens,157-57 25TH AVENUE NYC
4,SPRINGFIELD GARDENS,01 ONE FAMILY DWELLINGS,1,12664,68,A1,188-29 120TH ROAD,11412.0,1.0,0.0,1.0,2500.0,1292.0,1930.0,1,A1,337000,2019-04-30,queens,188-29 120TH ROAD NYC
4,MASPETH,03 THREE FAMILY DWELLINGS,1,2736,27,C0,62-02 60TH PLACE,11378.0,3.0,0.0,3.0,1103.0,2108.0,1930.0,1,C0,575000,2019-03-22,queens,62-02 60TH PLACE NYC
5,PORT IVORY,01 ONE FAMILY DWELLINGS,1,1278,59,A5,168 ARLINGTON PLACE,10303.0,1.0,0.0,1.0,1566.0,1350.0,1985.0,1,A5,309270,2019-11-04,statenisland,168 ARLINGTON PLACE NYC
4,FLUSHING-NORTH,02 TWO FAMILY DWELLINGS,1,4996,50,B3,146-12 34TH AVENUE,11354.0,2.0,0.0,2.0,3750.0,1590.0,1901.0,1,B3,980000,2019-09-25,queens,146-12 34TH AVENUE NYC
3,BERGEN BEACH,01 ONE FAMILY DWELLINGS,1,8414,6,A5,7311 AVENUE U,11234.0,1.0,0.0,1.0,2800.0,1886.0,1960.0,1,A5,739000,2019-04-23,brooklyn,7311 AVENUE U NYC
4,EAST ELMHURST,03 THREE FAMILY DWELLINGS,1,1660,70,C0,27-17 MCINTOSH STREET,11369.0,3.0,0.0,3.0,3000.0,2320.0,1925.0,1,C0,1380000,2019-07-24,queens,27-17 MCINTOSH STREET NYC
5,GRANT CITY,01 ONE FAMILY DWELLINGS,1,3574,61,A5,234 HUNTER AVENUE,10306.0,1.0,0.0,1.0,2464.0,1600.0,1987.0,1,A5,550000,2019-07-17,statenisland,234 HUNTER AVENUE NYC
3,EAST NEW YORK,02 TWO FAMILY DWELLINGS,1,4296,16,B9,654 GEORGIA AVENUE,11207.0,2.0,0.0,2.0,1237.0,2080.0,1901.0,1,B9,660000,2019-10-30,brooklyn,654 GEORGIA AVENUE NYC
2,COUNTRY CLUB,02 TWO FAMILY DWELLINGS,1,5476,33,B3,3215 RANDALL AVENUE,10465.0,2.0,0.0,2.0,2500.0,1212.0,1920.0,1,B3,477000,2019-09-05,bronx,3215 RANDALL AVENUE NYC
5,HUGUENOT,01 ONE FAMILY DWELLINGS,1,6844,62,A2,713 RENSSELAER AVENUE,10312.0,1.0,0.0,1.0,4000.0,2242.0,1970.0,1,A2,620000,2019-01-22,statenisland,713 RENSSELAER AVENUE NYC
3,SUNSET PARK,03 THREE FAMILY DWELLINGS,1,708,24,C0,344 39TH STREET,11232.0,3.0,0.0,3.0,2504.0,1920.0,1910.0,1,C0,800000,2019-09-20,brooklyn,344 39TH STREET NYC
4,HOLLIS,02 TWO FAMILY DWELLINGS,1,9896,71,B2,90-46 180TH STREET,11432.0,2.0,0.0,2.0,2525.0,1950.0,1920.0,1,B2,700000,2019-03-21,queens,90-46 180TH STREET NYC
3,CANARSIE,02 TWO FAMILY DWELLINGS,1,7987,25,B1,627 EAST 82ND STREET,11236.0,2.0,0.0,2.0,2000.0,1800.0,1960.0,1,B1,645000,2019-07-17,brooklyn,627 EAST 82ND STREET NYC
4,CAMBRIA HEIGHTS,01 ONE FAMILY DWELLINGS,1,11304,14,A5,115-99 222 STREET,11411.0,1.0,0.0,1.0,2000.0,1536.0,1940.0,1,A5,520000,2019-10-01,queens,115-99 222 STREET NYC
2,BEDFORD PARK/NORWOOD,02 TWO FAMILY DWELLINGS,1,3315,50,B1,114 EAST 198 STREET,10468.0,2.0,0.0,2.0,2450.0,3222.0,1920.0,1,B1,610000,2019-12-02,bronx,114 EAST 198 STREET NYC
4,JACKSON HEIGHTS,02 TWO FAMILY DWELLINGS,1,1243,16,B1,3318 71ST STREET,11372.0,2.0,0.0,2.0,2000.0,2400.0,1935.0,1,B1,925000,2019-09-26,queens,3318 71ST STREET NYC
3,EAST NEW YORK,03 THREE FAMILY DWELLINGS,1,4309,16,C0,680 JEROME STREET,11207.0,3.0,0.0,3.0,4000.0,2904.0,1930.0,1,C0,700000,2019-09-13,brooklyn,680 JEROME STREET NYC
3,BATH BEACH,03 THREE FAMILY DWELLINGS,1,6438,49,C0,8796 19TH AVENUE,11214.0,3.0,0.0,3.0,2600.0,3105.0,1901.0,1,C0,1400000,2019-10-08,brooklyn,8796 19TH AVENUE NYC
4,QUEENS VILLAGE,01 ONE FAMILY DWELLINGS,1,10785,23,A1,220-36 99TH AVENUE,11429.0,1.0,0.0,1.0,2862.0,1528.0,1925.0,1,A1,595000,2019-11-14,queens,220-36 99TH AVENUE NYC
4,QUEENS VILLAGE,01 ONE FAMILY DWELLINGS,1,11221,72,A2,112-15 223RD STREET,11429.0,1.0,0.0,1.0,3500.0,1092.0,1945.0,1,A2,495000,2019-12-16,queens,112-15 223RD STREET NYC
2,WAKEFIELD,02 TWO FAMILY DWELLINGS,1,5054,66,B2,4329 GRACE AVENUE,10466.0,2.0,0.0,2.0,2375.0,2475.0,1935.0,1,B2,650000,2019-08-15,bronx,4329 GRACE AVENUE NYC
5,WEST NEW BRIGHTON,01 ONE FAMILY DWELLINGS,1,182,46,A2,464 DELAFIELD AVENUE,10310.0,1.0,0.0,1.0,3700.0,1457.0,1935.0,1,A2,435000,2019-01-31,statenisland,464 DELAFIELD AVENUE NYC
3,BUSHWICK,02 TWO FAMILY DWELLINGS,1,3396,49,B2,151 WEIRFIELD STREET,11221.0,2.0,0.0,2.0,1983.0,2850.0,1910.0,1,B2,1250000,2019-01-29,brooklyn,151 WEIRFIELD STREET NYC
4,FLUSHING-NORTH,01 ONE FAMILY DWELLINGS,1,4847,46,A2,154-59 25TH DRIVE,11354.0,1.0,0.0,1.0,4000.0,1268.0,1950.0,1,A2,932000,2019-08-01,queens,154-59 25TH DRIVE NYC
3,CANARSIE,01 ONE FAMILY DWELLINGS,1,8309,60,A1,10547 FLATLANDS 10TH STREET,11236.0,1.0,0.0,1.0,4000.0,1380.0,1960.0,1,A1,690000,2019-10-04,brooklyn,10547 FLATLANDS 10TH STREET NYC
5,DONGAN HILLS,01 ONE FAMILY DWELLINGS,1,3325,66,A5,6 DUMONT AVENUE,10305.0,1.0,0.0,1.0,1512.0,1148.0,1985.0,1,A5,325000,2019-10-23,statenisland,6 DUMONT AVENUE NYC
5,MIDLAND BEACH,01 ONE FAMILY DWELLINGS,1,3893,118,A5,356 BADEN PLACE,10306.0,1.0,0.0,1.0,2000.0,1196.0,2011.0,1,A5,535000,2019-06-19,statenisland,356 BADEN PLACE NYC
2,PELHAM PARKWAY NORTH,01 ONE FAMILY DWELLINGS,1,4475,80,A1,2515 MORGAN AVENUE,10469.0,1.0,0.0,1.0,2833.0,1840.0,1940.0,1,A1,580000,2019-06-05,bronx,2515 MORGAN AVENUE NYC
4,SOUTH OZONE PARK,01 ONE FAMILY DWELLINGS,1,11610,56,A1,109-35 130TH STREET,11420.0,1.0,0.0,1.0,2400.0,1280.0,1930.0,1,A1,401000,2019-08-16,queens,109-35 130TH STREET NYC
2,SOUNDVIEW,02 TWO FAMILY DWELLINGS,1,3766,70,B1,1221 LELAND AVENUE,10472.0,2.0,0.0,2.0,2800.0,2159.0,1960.0,1,B1,600000,2019-11-18,bronx,1221 LELAND AVENUE NYC
4,MASPETH,03 THREE FAMILY DWELLINGS,1,2419,115,C0,46-21 66TH STREET,11377.0,3.0,0.0,3.0,2460.0,2800.0,1975.0,1,C0,1225000,2019-05-08,queens,46-21 66TH STREET NYC
4,QUEENS VILLAGE,01 ONE FAMILY DWELLINGS,1,10634,45,A1,92-57 217TH STREET,11428.0,1.0,0.0,1.0,3300.0,1661.0,1930.0,1,A1,680000,2019-09-05,queens,92-57 217TH STREET NYC
4,HOWARD BEACH,01 ONE FAMILY DWELLINGS,1,14057,10,A2,162-04 84 STREET,11414.0,1.0,0.0,1.0,4900.0,2449.0,1965.0,1,A2,600000,2019-09-24,queens,162-04 84 STREET NYC
1,HARLEM-UPPER,03 THREE FAMILY DWELLINGS,1,2081,142,C0,524 WEST 150 STREET,10031.0,3.0,0.0,3.0,1449.0,3080.0,1910.0,1,C0,1200134,2019-03-21,manhattan,524 WEST 150 STREET NYC
5,BULLS HEAD,02 TWO FAMILY DWELLINGS,1,2232,66,B2,46 PLANK ROAD,10314.0,2.0,0.0,2.0,4171.0,2810.0,1970.0,1,B2,775000,2019-07-11,statenisland,46 PLANK ROAD NYC
5,BULLS HEAD,02 TWO FAMILY DWELLINGS,1,1574,40,B2,207 MERRILL AVENUE,10314.0,2.0,0.0,2.0,4600.0,2056.0,1970.0,1,B2,835000,2019-11-26,statenisland,207 MERRILL AVENUE NYC
4,SO. JAMAICA-BAISLEY PARK,02 TWO FAMILY DWELLINGS,1,12250,58,B3,160-31 121 AVE,11434.0,2.0,0.0,2.0,4000.0,2416.0,2017.0,1,B3,958669,2019-05-14,queens,160-31 121 AVE NYC
3,CROWN HEIGHTS,03 THREE FAMILY DWELLINGS,1,1363,42,C0,1380 ST MARKS AVENUE,11233.0,3.0,0.0,3.0,1875.0,2430.0,1910.0,1,C0,981903,2019-01-28,brooklyn,1380 ST MARKS AVENUE NYC
4,SO. JAMAICA-BAISLEY PARK,01 ONE FAMILY DWELLINGS,1,12351,10,A5,169-01 FOCH BOULEVARD,11434.0,1.0,0.0,1.0,2000.0,1384.0,1935.0,1,A5,525000,2019-07-02,queens,169-01 FOCH BOULEVARD NYC
4,BELLEROSE,01 ONE FAMILY DWELLINGS,1,8652,23,A2,244-36 88TH DRIVE,11426.0,1.0,0.0,1.0,3200.0,1000.0,1940.0,1,A2,515000,2019-02-13,queens,244-36 88TH DRIVE NYC
3,FLATBUSH-CENTRAL,03 THREE FAMILY DWELLINGS,1,5193,34,C0,366 EAST 28TH STREET,11226.0,3.0,0.0,3.0,2050.0,2080.0,1932.0,1,C0,850000,2019-03-04,brooklyn,366 EAST 28TH STREET NYC
4,ASTORIA,01 ONE FAMILY DWELLINGS,1,693,31,A5,31-27 43RD STREET,11103.0,1.0,0.0,1.0,2500.0,1050.0,1920.0,1,A5,1348000,2019-10-29,queens,31-27 43RD STREET NYC
2,CASTLE HILL/UNIONPORT,01 ONE FAMILY DWELLINGS,1,3617,27,A5,740 HAVEMEYER AVE,10473.0,1.0,0.0,1.0,3042.0,1224.0,1965.0,1,A5,430000,2019-05-07,bronx,740 HAVEMEYER AVE NYC
2,MORRIS PARK/VAN NEST,01 ONE FAMILY DWELLINGS,1,4093,19,A5,1639 RADCLIFF AVENUE,10462.0,1.0,0.0,1.0,1800.0,1881.0,1945.0,1,A5,412500,2019-10-31,bronx,1639 RADCLIFF AVENUE NYC
4,ELMHURST,02 TWO FAMILY DWELLINGS,1,1854,61,B3,90-29 53RD AVENUE,11373.0,2.0,0.0,2.0,2502.0,1551.0,1925.0,1,B3,980000,2019-02-07,queens,90-29 53RD AVENUE NYC
2,BAYCHESTER,01 ONE FAMILY DWELLINGS,1,4714,32,A1,1409 OAKLEY STREET,10469.0,1.0,0.0,1.0,2375.0,1395.0,1935.0,1,A1,325000,2019-05-03,bronx,1409 OAKLEY STREET NYC
4,OZONE PARK,01 ONE FAMILY DWELLINGS,1,11530,40,A1,137-35 94TH STREET,11417.0,1.0,0.0,1.0,2342.0,1612.0,1925.0,1,A1,715000,2019-06-07,queens,137-35 94TH STREET NYC
5,WOODROW,01 ONE FAMILY DWELLINGS,1,7092,112,A5,49 PEACHTREE LANE,10309.0,1.0,0.0,1.0,2217.0,1568.0,2010.0,1,A5,675000,2019-05-15,statenisland,49 PEACHTREE LANE NYC
2,MORRIS PARK/VAN NEST,01 ONE FAMILY DWELLINGS,1,4102,32,A1,1712 COLDEN AVENUE,10462.0,1.0,0.0,1.0,2500.0,2592.0,1930.0,1,A1,686000,2019-06-27,bronx,1712 COLDEN AVENUE NYC
2,BAYCHESTER,02 TWO FAMILY DWELLINGS,1,4917,43,B1,3608 DEREIMER AVENUE,10466.0,2.0,0.0,2.0,2007.0,2070.0,1962.0,1,B1,623000,2019-11-21,bronx,3608 DEREIMER AVENUE NYC
5,PORT RICHMOND,01 ONE FAMILY DWELLINGS,1,1029,3,A1,3 PALMER AVENUE,10302.0,1.0,0.0,1.0,2500.0,1158.0,1940.0,1,A1,410000,2019-05-13,statenisland,3 PALMER AVENUE NYC
2,BRONXDALE,02 TWO FAMILY DWELLINGS,1,4577,30,B1,1044 BURKE AVENUE,10469.0,2.0,0.0,2.0,1739.0,2650.0,1950.0,1,B1,773000,2019-02-11,bronx,1044 BURKE AVENUE NYC
4,HOLLIS,02 TWO FAMILY DWELLINGS,1,10909,33,B3,104-47 205TH PLACE,11412.0,2.0,0.0,2.0,4000.0,1380.0,1925.0,1,B3,485000,2019-04-03,queens,104-47 205TH PLACE NYC
3,BAY RIDGE,01 ONE FAMILY DWELLINGS,1,6059,58,A5,41 89TH STREET,11209.0,1.0,0.0,1.0,2025.0,1312.0,1925.0,1,A5,990000,2019-09-12,brooklyn,41 89TH STREET NYC
4,EAST ELMHURST,01 ONE FAMILY DWELLINGS,1,1672,30,A5,108-50 DITMARS BOULEVARD,11369.0,1.0,0.0,1.0,3150.0,2322.0,1925.0,1,A5,989000,2019-06-25,queens,108-50 DITMARS BOULEVARD NYC
4,RICHMOND HILL,02 TWO FAMILY DWELLINGS,1,9405,16,B3,97-22 104TH STREET,11416.0,2.0,0.0,2.0,2500.0,1472.0,1910.0,1,B3,760000,2019-11-01,queens,97-22 104TH STREET NYC
4,SOUTH OZONE PARK,01 ONE FAMILY DWELLINGS,1,11624,26,A1,11919 LINDEN BLVD,11420.0,1.0,0.0,1.0,2000.0,1057.0,1930.0,1,A1,610000,2019-03-06,queens,11919 LINDEN BLVD NYC
4,FLUSHING-NORTH,02 TWO FAMILY DWELLINGS,1,5307,50,B1,36-20 190TH STREET,11358.0,2.0,0.0,2.0,1112.0,2700.0,1932.0,1,B1,985000,2019-12-27,queens,36-20 190TH STREET NYC
3,BUSHWICK,02 TWO FAMILY DWELLINGS,1,3285,80,B3,1157 GREENE AVENUE,11221.0,2.0,0.0,2.0,1850.0,2970.0,1901.0,1,B3,860421,2019-09-20,brooklyn,1157 GREENE AVENUE NYC
4,SPRINGFIELD GARDENS,02 TWO FAMILY DWELLINGS,1,12481,105,B1,177-15 TROUTVILLE ROAD,11434.0,2.0,0.0,2.0,1748.0,1710.0,1935.0,1,B1,440000,2019-03-13,queens,177-15 TROUTVILLE ROAD NYC
4,GLENDALE,02 TWO FAMILY DWELLINGS,1,3678,40,B1,71-37 66TH STREET,11385.0,2.0,0.0,2.0,2782.0,2280.0,1925.0,1,B1,999000,2019-10-25,queens,71-37 66TH STREET NYC
3,CANARSIE,03 THREE FAMILY DWELLINGS,1,8078,14,C0,1373 EAST 87TH STREET,11236.0,3.0,0.0,3.0,2175.0,2447.0,1960.0,1,C0,700000,2019-02-05,brooklyn,1373 EAST 87TH STREET NYC
3,FLATBUSH-NORTH,02 TWO FAMILY DWELLINGS,1,4804,68,B1,561 RUTLAND RD,11203.0,2.0,0.0,2.0,2417.0,2320.0,1925.0,1,B1,840000,2019-10-04,brooklyn,561 RUTLAND RD NYC
4,FLORAL PARK,02 TWO FAMILY DWELLINGS,1,8790,65,B3,260-07 EAST WILLISTON AVE,11001.0,2.0,0.0,2.0,4261.0,1456.0,1950.0,1,B3,840000,2019-08-13,queens,260-07 EAST WILLISTON AVE NYC
5,GRASMERE,01 ONE FAMILY DWELLINGS,1,2917,37,A5,495 WESER AVENUE,10304.0,1.0,0.0,1.0,2375.0,1328.0,1975.0,1,A5,536000,2019-10-16,statenisland,495 WESER AVENUE NYC
2,CASTLE HILL/UNIONPORT,02 TWO FAMILY DWELLINGS,1,3533,108,B2,2059 CAESAR PLACE,10473.0,2.0,0.0,2.0,2000.0,2425.0,1988.0,1,B2,607700,2019-01-15,bronx,2059 CAESAR PLACE NYC
4,FLUSHING-SOUTH,22 STORE BUILDINGS,4,6848,8,K1,76-46 164TH STREET,11366.0,0.0,2.0,2.0,3852.0,2292.0,1968.0,4,K1,840000,2019-04-15,queens,76-46 164TH STREET NYC
4,JACKSON HEIGHTS,01 ONE FAMILY DWELLINGS,1,1382,22,A5,30-32 85TH STREET,11370.0,1.0,0.0,1.0,2000.0,1580.0,1935.0,1,A5,865000,2019-09-04,queens,30-32 85TH STREET NYC
5,GRANT CITY,01 ONE FAMILY DWELLINGS,1,3592,92,A5,67 FREMONT AVENUE,10306.0,1.0,0.0,1.0,2500.0,1120.0,1925.0,1,A5,525000,2019-07-22,statenisland,67 FREMONT AVENUE NYC
3,BOROUGH PARK,02 TWO FAMILY DWELLINGS,1,5729,7,S2,6205 9 AVENUE,11220.0,2.0,1.0,3.0,1200.0,2520.0,1920.0,1,S2,750000,2019-02-19,brooklyn,6205 9 AVENUE NYC
3,SHEEPSHEAD BAY,02 TWO FAMILY DWELLINGS,1,7418,10,B3,2414 EAST 17TH STREET,11235.0,2.0,0.0,2.0,2200.0,1854.0,1930.0,1,B3,845000,2019-09-18,brooklyn,2414 EAST 17TH STREET NYC
2,WILLIAMSBRIDGE,01 ONE FAMILY DWELLINGS,1,4680,16,A1,843 EAST 221ST STREET,10467.0,1.0,0.0,1.0,2856.0,1128.0,1920.0,1,A1,465000,2019-05-10,bronx,843 EAST 221ST STREET NYC
2,WAKEFIELD,02 TWO FAMILY DWELLINGS,1,5052,77,B1,4339 BRUNER AVENUE,10466.0,2.0,0.0,2.0,2435.0,1896.0,1925.0,1,B1,590000,2019-04-15,bronx,4339 BRUNER AVENUE NYC
2,COUNTRY CLUB,01 ONE FAMILY DWELLINGS,1,5473,53,A2,838 VINCENT AVENUE,10465.0,1.0,0.0,1.0,2500.0,1314.0,1930.0,1,A2,565531,2019-11-20,bronx,838 VINCENT AVENUE NYC
3,MARINE PARK,01 ONE FAMILY DWELLINGS,1,8539,47,A1,2118 KIMBALL STREET,11234.0,1.0,0.0,1.0,2500.0,1022.0,1925.0,1,A1,499999,2019-05-28,brooklyn,2118 KIMBALL STREET NYC
4,EAST ELMHURST,07 RENTALS - WALKUP APARTMENTS,2A,1376,38,C3,26-43 96TH STREET,11369.0,4.0,0.0,4.0,3646.0,3476.0,1926.0,2,C3,1285000,2019-01-16,queens,26-43 96TH STREET NYC
5,SILVER LAKE,02 TWO FAMILY DWELLINGS,1,249,9,B2,306 FOREST AVENUE,10301.0,2.0,0.0,2.0,2964.0,2300.0,1935.0,1,B2,585000,2019-03-08,statenisland,306 FOREST AVENUE NYC
5,WEST NEW BRIGHTON,01 ONE FAMILY DWELLINGS,1,231,12,A1,15 MANOR ROAD,10310.0,1.0,0.0,1.0,2800.0,1182.0,1935.0,1,A1,575000,2019-09-19,statenisland,15 MANOR ROAD NYC
4,SOUTH OZONE PARK,01 ONE FAMILY DWELLINGS,1,11612,73,A1,10919 132ND STREET,11420.0,1.0,0.0,1.0,2400.0,1280.0,1930.0,1,A1,514000,2019-04-30,queens,10919 132ND STREET NYC
4,ELMHURST,02 TWO FAMILY DWELLINGS,1,2490,5,B2,53-09 73RD STREET,11378.0,2.0,0.0,2.0,2456.0,1863.0,1920.0,1,B2,850000,2019-05-20,queens,53-09 73RD STREET NYC
5,NEW BRIGHTON,07 RENTALS - WALKUP APARTMENTS,2A,65,32,C3,48 CASSIDY PLACE,10301.0,4.0,0.0,4.0,2525.0,3072.0,1925.0,2,C3,659000,2019-04-02,statenisland,48 CASSIDY PLACE NYC
2,BAYCHESTER,01 ONE FAMILY DWELLINGS,1,4979,11,A5,4032 ELY AVENUE,10466.0,1.0,0.0,1.0,1710.0,1152.0,1940.0,1,A5,330000,2019-06-07,bronx,4032 ELY AVENUE NYC
3,BOROUGH PARK,01 ONE FAMILY DWELLINGS,1,5692,50,A5,1455 57TH STREET,11219.0,1.0,0.0,1.0,1750.0,2213.0,1925.0,1,A5,995000,2019-09-03,brooklyn,1455 57TH STREET NYC
4,RICHMOND HILL,02 TWO FAMILY DWELLINGS,1,9438,11,B3,94-18 121ST STREET,11419.0,2.0,0.0,2.0,2072.0,1280.0,1925.0,1,B3,380000,2019-10-29,queens,94-18 121ST STREET NYC
5,MIDLAND BEACH,01 ONE FAMILY DWELLINGS,1,3887,31,A5,552-B GREELEY AVENUE,10306.0,1.0,0.0,1.0,1800.0,1400.0,2002.0,1,A5,500000,2019-09-27,statenisland,552-B GREELEY AVENUE NYC
4,HOWARD BEACH,01 ONE FAMILY DWELLINGS,1,14183,17,A5,160-38 95TH STREET,11414.0,1.0,0.0,1.0,2750.0,1908.0,1987.0,1,A5,677000,2019-08-22,queens,160-38 95TH STREET NYC
2,THROGS NECK,01 ONE FAMILY DWELLINGS,1,5535,56,A2,1060 BRINSMADE AVENUE,10465.0,1.0,0.0,1.0,3600.0,1908.0,1950.0,1,A2,400000,2019-07-29,bronx,1060 BRINSMADE AVENUE NYC
2,BAYCHESTER,01 ONE FAMILY DWELLINGS,1,4946,15,A2,2176 LIGHT STREET,10466.0,1.0,0.0,1.0,3500.0,2052.0,1930.0,1,A2,304000,2019-05-21,bronx,2176 LIGHT STREET NYC
3,SUNSET PARK,02 TWO FAMILY DWELLINGS,1,810,76,B9,711 53 STREET,11220.0,2.0,0.0,2.0,1970.0,3318.0,1910.0,1,B9,1478000,2019-10-15,brooklyn,711 53 STREET NYC
5,DONGAN HILLS,02 TWO FAMILY DWELLINGS,1,3339,88,B1,229 CROMWELL AVENUE,10305.0,2.0,0.0,2.0,4160.0,1976.0,1955.0,1,B1,650000,2019-02-11,statenisland,229 CROMWELL AVENUE NYC
4,JACKSON HEIGHTS,01 ONE FAMILY DWELLINGS,1,1145,58,A5,31-38 75TH STREET,11370.0,1.0,0.0,1.0,2000.0,2035.0,1955.0,1,A5,840000,2019-11-27,queens,31-38 75TH STREET NYC
3,BOROUGH PARK,03 THREE FAMILY DWELLINGS,1,5585,48,C0,1155 40TH STREET,11218.0,3.0,0.0,3.0,1903.0,2280.0,1920.0,1,C0,900000,2019-09-27,brooklyn,1155 40TH STREET NYC
2,MORRIS PARK/VAN NEST,01 ONE FAMILY DWELLINGS,1,4272,53,A1,1936 HAIGHT AVENUE,10461.0,1.0,0.0,1.0,2500.0,1408.0,1915.0,1,A1,630000,2019-12-17,bronx,1936 HAIGHT AVENUE NYC
4,BELLEROSE,01 ONE FAMILY DWELLINGS,1,8602,50,A2,84-61 248 STREET,11426.0,1.0,0.0,1.0,4700.0,1260.0,1945.0,1,A2,770000,2019-05-17,queens,84-61 248 STREET NYC
4,ST. ALBANS,01 ONE FAMILY DWELLINGS,1,12602,30,A1,190-29 118TH AVENUE,11412.0,1.0,0.0,1.0,2500.0,1616.0,1925.0,1,A1,645000,2019-04-17,queens,190-29 118TH AVENUE NYC
4,RICHMOND HILL,01 ONE FAMILY DWELLINGS,1,9459,44,A1,95-13 121ST STREET,11419.0,1.0,0.0,1.0,2270.0,1328.0,1920.0,1,A1,345000,2019-11-08,queens,95-13 121ST STREET NYC
4,SPRINGFIELD GARDENS,01 ONE FAMILY DWELLINGS,1,12703,7,A1,122-45 MILBURN STREET,11413.0,1.0,0.0,1.0,3675.0,1634.0,1930.0,1,A1,690000,2019-11-26,queens,122-45 MILBURN STREET NYC
3,OCEAN HILL,03 THREE FAMILY DWELLINGS,1,1452,42,C0,1934 BERGEN ST,11233.0,3.0,0.0,3.0,2000.0,2700.0,1901.0,1,C0,510000,2019-03-01,brooklyn,1934 BERGEN ST NYC
5,MIDLAND BEACH,02 TWO FAMILY DWELLINGS,1,3730,28,B9,135 KISWICK STREET,10306.0,2.0,0.0,2.0,3441.0,1600.0,1980.0,1,B9,730000,2019-01-18,statenisland,135 KISWICK STREET NYC
4,FLUSHING-NORTH,01 ONE FAMILY DWELLINGS,1,5603,19,A5,46-80 HOLLIS COURT BLVD,11358.0,1.0,0.0,1.0,1800.0,1224.0,1950.0,1,A5,672045,2019-08-26,queens,46-80 HOLLIS COURT BLVD NYC
4,FLORAL PARK,02 TWO FAMILY DWELLINGS,1,8785,14,B3,255-20 85TH AVENUE,11001.0,2.0,0.0,2.0,3888.0,1095.0,1945.0,1,B3,610000,2019-12-13,queens,255-20 85TH AVENUE NYC
3,BENSONHURST,01 ONE FAMILY DWELLINGS,1,5556,25,A5,2048 65TH STREET,11204.0,1.0,0.0,1.0,2300.0,1580.0,1915.0,1,A5,815000,2019-07-11,brooklyn,2048 65TH STREET NYC
5,GREAT KILLS,02 TWO FAMILY DWELLINGS,1,5470,39,B2,4 EAST SCRANTON AVENUE,10308.0,2.0,0.0,2.0,3700.0,1400.0,1965.0,1,B2,600000,2019-10-01,statenisland,4 EAST SCRANTON AVENUE NYC
4,SOUTH OZONE PARK,01 ONE FAMILY DWELLINGS,1,11615,58,A1,10977 135TH STREET,11420.0,1.0,0.0,1.0,2507.0,1258.0,1955.0,1,A1,540000,2019-03-22,queens,10977 135TH STREET NYC
4,FAR ROCKAWAY,02 TWO FAMILY DWELLINGS,1,15785,38,B2,2516 FAR ROCKAWAY BLVD,11691.0,2.0,0.0,2.0,2969.0,2150.0,1999.0,1,B2,500000,2019-08-29,queens,2516 FAR ROCKAWAY BLVD NYC
5,GREAT KILLS,01 ONE FAMILY DWELLINGS,1,4985,34,A5,43 THOLLEN STREET,10306.0,1.0,0.0,1.0,2500.0,1400.0,2002.0,1,A5,585000,2019-07-11,statenisland,43 THOLLEN STREET NYC
5,WESTERLEIGH,02 TWO FAMILY DWELLINGS,1,458,53,B3,108 WATCHOGUE ROAD,10314.0,2.0,0.0,2.0,3399.0,1280.0,1930.0,1,B3,470000,2019-01-25,statenisland,108 WATCHOGUE ROAD NYC
5,SUNNYSIDE,01 ONE FAMILY DWELLINGS,1,602,53,A1,6 GLENWOOD AVENUE,10301.0,1.0,0.0,1.0,4752.0,1176.0,1930.0,1,A1,515000,2019-11-12,statenisland,6 GLENWOOD AVENUE NYC
4,JAMAICA,01 ONE FAMILY DWELLINGS,1,9981,33,A5,91-09 1/2 138TH PLACE,11435.0,1.0,0.0,1.0,1275.0,1444.0,1915.0,1,A5,678284,2019-12-23,queens,91-09 1/2 138TH PLACE NYC
4,FRESH MEADOWS,01 ONE FAMILY DWELLINGS,1,7192,29,A1,75-60 180TH STREET,11366.0,1.0,0.0,1.0,4000.0,2268.0,1950.0,1,A1,997000,2019-05-07,queens,75-60 180TH STREET NYC
4,SOUTH JAMAICA,01 ONE FAMILY DWELLINGS,1,11961,58,A5,111-30 INWOOD STREET,11435.0,1.0,0.0,1.0,2842.0,1152.0,1940.0,1,A5,327000,2019-08-27,queens,111-30 INWOOD STREET NYC
3,CANARSIE,02 TWO FAMILY DWELLINGS,1,8161,44,B1,11 ROSE STREET,11236.0,2.0,0.0,2.0,1628.0,1880.0,1930.0,1,B1,380250,2019-07-11,brooklyn,11 ROSE STREET NYC
2,BAYCHESTER,02 TWO FAMILY DWELLINGS,1,4934,64,B1,1167 GRENADA PLACE,10466.0,2.0,0.0,2.0,2080.0,1296.0,1941.0,1,B1,368866,2019-05-13,bronx,1167 GRENADA PLACE NYC
4,FLUSHING-NORTH,01 ONE FAMILY DWELLINGS,1,4776,72,A1,30-23 143RD STREET,11354.0,1.0,0.0,1.0,4750.0,1812.0,1940.0,1,A1,1180000,2019-06-28,queens,30-23 143RD STREET NYC
3,MIDWOOD,01 ONE FAMILY DWELLINGS,1,6747,59,A9,1401 EAST 18TH STREET,11230.0,1.0,0.0,1.0,2800.0,2250.0,1925.0,1,A9,990000,2019-06-20,brooklyn,1401 EAST 18TH STREET NYC
4,CORONA,07 RENTALS - WALKUP APARTMENTS,2A,1779,37,C3,3806 111TH STREET,11368.0,4.0,0.0,4.0,2400.0,3466.0,1931.0,2,C3,760000,2019-11-06,queens,3806 111TH STREET NYC
3,CYPRESS HILLS,02 TWO FAMILY DWELLINGS,1,3488,38,B2,178 HIGHLAND BOULEVARD,11207.0,2.0,0.0,2.0,2450.0,3060.0,2004.0,1,B2,669836,2019-10-03,brooklyn,178 HIGHLAND BOULEVARD NYC
5,WOODROW,02 TWO FAMILY DWELLINGS,1,7106,6,B9,208 WIRT AVENUE,10309.0,2.0,0.0,2.0,2898.0,1200.0,1998.0,1,B9,550000,2019-05-30,statenisland,208 WIRT AVENUE NYC
3,FLATBUSH-EAST,02 TWO FAMILY DWELLINGS,1,4780,48,B1,4907 FOSTER AVENUE,11203.0,2.0,0.0,2.0,3000.0,1836.0,1950.0,1,B1,640000,2019-02-27,brooklyn,4907 FOSTER AVENUE NYC
5,WESTERLEIGH,01 ONE FAMILY DWELLINGS,1,476,11,A2,279 BRYSON AVE,10314.0,1.0,0.0,1.0,3800.0,968.0,1960.0,1,A2,535000,2019-08-02,statenisland,279 BRYSON AVE NYC
5,PORT IVORY,01 ONE FAMILY DWELLINGS,1,1318,122,A5,64 HOLLAND AVENUE,10303.0,1.0,0.0,1.0,2625.0,1568.0,2018.0,1,A5,463398,2019-04-08,statenisland,64 HOLLAND AVENUE NYC
4,FAR ROCKAWAY,01 ONE FAMILY DWELLINGS,1,15621,55,A2,13-18 DAVIES ROAD,11691.0,1.0,0.0,1.0,4500.0,1979.0,1950.0,1,A2,815000,2019-05-01,queens,13-18 DAVIES ROAD NYC
2,THROGS NECK,02 TWO FAMILY DWELLINGS,1,5431,57,B1,711 EDISON AVE,10465.0,2.0,0.0,2.0,2000.0,3520.0,1910.0,1,B1,695000,2019-09-09,bronx,711 EDISON AVE NYC
4,SOUTH JAMAICA,02 TWO FAMILY DWELLINGS,1,12141,19,B2,109-38 153 STREET,11433.0,2.0,0.0,2.0,2000.0,1448.0,1920.0,1,B2,304200,2019-08-30,queens,109-38 153 STREET NYC
4,OZONE PARK,01 ONE FAMILY DWELLINGS,1,11353,93,A2,132-15 RICO PLACE,11417.0,1.0,0.0,1.0,4000.0,1235.0,1955.0,1,A2,680000,2019-10-21,queens,132-15 RICO PLACE NYC
5,ANNADALE,02 TWO FAMILY DWELLINGS,1,6228,16,B2,181 DETROIT AVENUE,10312.0,2.0,0.0,2.0,4000.0,2698.0,2018.0,1,B2,918971,2019-08-05,statenisland,181 DETROIT AVENUE NYC
3,BOROUGH PARK,22 STORE BUILDINGS,4,5698,23,K1,5714 NEW UTRECHT AVENUE,11219.0,0.0,1.0,1.0,1240.0,1240.0,1931.0,4,K1,1500000,2019-01-31,brooklyn,5714 NEW UTRECHT AVENUE NYC
2,CASTLE HILL/UNIONPORT,01 ONE FAMILY DWELLINGS,1,3694,22,A1,2230 BRUCKNER BOULEVARD,10473.0,1.0,0.0,1.0,2575.0,1385.0,1925.0,1,A1,575000,2019-11-04,bronx,2230 BRUCKNER BOULEVARD NYC
5,BULLS HEAD,01 ONE FAMILY DWELLINGS,1,1615,38,A5,27 LEIGH AVENUE,10314.0,1.0,0.0,1.0,1800.0,1768.0,1985.0,1,A5,555500,2019-12-04,statenisland,27 LEIGH AVENUE NYC
4,QUEENS VILLAGE,07 RENTALS - WALKUP APARTMENTS,2A,11085,25,C3,212-10 99TH AVENUE,11429.0,4.0,0.0,4.0,2000.0,2400.0,1931.0,2,C3,790000,2019-03-19,queens,212-10 99TH AVENUE NYC
3,GRAVESEND,02 TWO FAMILY DWELLINGS,1,6678,3,B3,10 LLOYD COURT,11223.0,2.0,0.0,2.0,4000.0,1898.0,1920.0,1,B3,1250000,2019-11-05,brooklyn,10 LLOYD COURT NYC
4,FLORAL PARK,01 ONE FAMILY DWELLINGS,1,8800,6,A3,85-59 257 ST,11001.0,1.0,0.0,1.0,4000.0,1458.0,1945.0,1,A3,712000,2019-11-25,queens,85-59 257 ST NYC
3,MARINE PARK,01 ONE FAMILY DWELLINGS,1,8504,34,A9,1923 EAST 37TH STREET,11234.0,1.0,0.0,1.0,1800.0,1036.0,1925.0,1,A9,486720,2019-08-09,brooklyn,1923 EAST 37TH STREET NYC
3,OCEAN HILL,02 TWO FAMILY DWELLINGS,1,1528,54,B9,295A MACDOUGAL STREET,11233.0,2.0,0.0,2.0,1600.0,1920.0,1910.0,1,B9,499000,2019-03-14,brooklyn,295A MACDOUGAL STREET NYC
4,SPRINGFIELD GARDENS,01 ONE FAMILY DWELLINGS,1,12571,43,A1,176-19 137TH AVENUE,11434.0,1.0,0.0,1.0,2880.0,1128.0,1920.0,1,A1,580000,2019-09-10,queens,176-19 137TH AVENUE NYC
4,FAR ROCKAWAY,02 TWO FAMILY DWELLINGS,1,15773,69,B2,22-12 DEERFIELD ROAD,11691.0,2.0,0.0,2.0,2907.0,1840.0,1940.0,1,B2,550000,2019-02-13,queens,22-12 DEERFIELD ROAD NYC
4,FAR ROCKAWAY,01 ONE FAMILY DWELLINGS,1,15619,16,A2,245 BEACH 12 STREET,11691.0,1.0,0.0,1.0,4000.0,2292.0,1945.0,1,A2,575000,2019-10-04,queens,245 BEACH 12 STREET NYC
3,BUSHWICK,02 TWO FAMILY DWELLINGS,1,3230,17,B3,770 BUSHWICK AVENUE,11221.0,2.0,0.0,2.0,1633.0,2640.0,1901.0,1,B3,945000,2019-07-09,brooklyn,770 BUSHWICK AVENUE NYC
3,CANARSIE,02 TWO FAMILY DWELLINGS,1,7999,11,B1,759 EAST 78TH STREET,11236.0,2.0,0.0,2.0,1800.0,2214.0,1960.0,1,B1,850000,2019-01-14,brooklyn,759 EAST 78TH STREET NYC
3,GREENPOINT,02 TWO FAMILY DWELLINGS,1,2701,27,B9,40 BROOME STREET,11222.0,2.0,0.0,2.0,2500.0,2625.0,1910.0,1,B9,1750000,2019-12-18,brooklyn,40 BROOME STREET NYC
3,OCEAN PARKWAY-SOUTH,02 TWO FAMILY DWELLINGS,1,7198,19,B3,2452 EAST 3RD STREET,11223.0,2.0,0.0,2.0,1900.0,1410.0,1930.0,1,B3,660000,2019-09-04,brooklyn,2452 EAST 3RD STREET NYC
2,SOUNDVIEW,03 THREE FAMILY DWELLINGS,1,3715,43,C0,1055 WARD AVENUE,10472.0,3.0,0.0,3.0,2500.0,3520.0,1930.0,1,C0,720000,2019-03-12,bronx,1055 WARD AVENUE NYC
5,WOODROW,02 TWO FAMILY DWELLINGS,1,7351,22,B2,22 HERRICK AVENUE,10309.0,2.0,0.0,2.0,4000.0,2400.0,2000.0,1,B2,917000,2019-03-01,statenisland,22 HERRICK AVENUE NYC
5,GREAT KILLS,01 ONE FAMILY DWELLINGS,1,5276,5,A5,40 RUSSELL STREET,10308.0,1.0,0.0,1.0,2500.0,1520.0,1999.0,1,A5,613000,2019-07-29,statenisland,40 RUSSELL STREET NYC
4,FLUSHING-NORTH,01 ONE FAMILY DWELLINGS,1,4934,13,A1,29-16 172ND STREET,11358.0,1.0,0.0,1.0,4000.0,1456.0,1940.0,1,A1,880000,2019-02-15,queens,29-16 172ND STREET NYC
5,DONGAN HILLS,02 TWO FAMILY DWELLINGS,1,3300,13,B2,70 DELAWARE AVENUE,10304.0,2.0,0.0,2.0,3700.0,2000.0,2011.0,1,B2,975000,2019-05-09,statenisland,70 DELAWARE AVENUE NYC
2,WESTCHESTER,01 ONE FAMILY DWELLINGS,1,3818,49,A1,2265 WATSON AVENUE,10462.0,1.0,0.0,1.0,3124.0,1224.0,1930.0,1,A1,575000,2019-01-29,bronx,2265 WATSON AVENUE NYC
4,NEPONSIT,01 ONE FAMILY DWELLINGS,1,16297,1,A1,405 BEACH 146TH STREET,11694.0,1.0,0.0,1.0,4000.0,1480.0,1960.0,1,A1,900000,2019-03-07,queens,405 BEACH 146TH STREET NYC
4,REGO PARK,22 STORE BUILDINGS,4,3104,3,K2,91-08 63 DR,11374.0,0.0,3.0,3.0,1500.0,2790.0,1989.0,4,K2,1550000,2019-04-03,queens,91-08 63 DR NYC
4,ROSEDALE,02 TWO FAMILY DWELLINGS,1,13461,58,B2,146-30 228TH STREET,11413.0,2.0,0.0,2.0,2680.0,1978.0,1955.0,1,B2,755000,2019-05-29,queens,146-30 228TH STREET NYC
4,ASTORIA,02 TWO FAMILY DWELLINGS,1,890,94,B3,23-14 21ST STREET,11105.0,2.0,0.0,2.0,2000.0,1640.0,1920.0,1,B3,1225000,2019-09-25,queens,23-14 21ST STREET NYC
3,GRAVESEND,01 ONE FAMILY DWELLINGS,1,7103,65,A9,239 LAKE STREET,11223.0,1.0,0.0,1.0,1360.0,1092.0,1930.0,1,A9,600000,2019-12-03,brooklyn,239 LAKE STREET NYC
2,THROGS NECK,01 ONE FAMILY DWELLINGS,1,5432,43,A1,749 LOGAN AVENUE,10465.0,1.0,0.0,1.0,2500.0,1300.0,1930.0,1,A1,495000,2019-03-12,bronx,749 LOGAN AVENUE NYC
5,MANOR HEIGHTS,01 ONE FAMILY DWELLINGS,1,699,53,A2,59 CROAK AVENUE,10314.0,1.0,0.0,1.0,4048.0,1196.0,1960.0,1,A2,610000,2019-12-17,statenisland,59 CROAK AVENUE NYC
5,MIDLAND BEACH,01 ONE FAMILY DWELLINGS,1,3798,6,A5,519 MIDLAND AVENUE,10306.0,1.0,0.0,1.0,2000.0,1300.0,2004.0,1,A5,460000,2019-04-10,statenisland,519 MIDLAND AVENUE NYC
3,OCEAN PARKWAY-NORTH,01 ONE FAMILY DWELLINGS,1,6515,31,A1,1080 EAST 3RD STREET,11230.0,1.0,0.0,1.0,3000.0,1932.0,1930.0,1,A1,1250000,2019-11-20,brooklyn,1080 EAST 3RD STREET NYC
2,MORRIS PARK/VAN NEST,03 THREE FAMILY DWELLINGS,1,4110,19,C0,1713 WILLIAMSBRIDGE ROAD,10461.0,3.0,0.0,3.0,2550.0,2796.0,1950.0,1,C0,825000,2019-10-29,bronx,1713 WILLIAMSBRIDGE ROAD NYC
5,ANNADALE,22 STORE BUILDINGS,4,6225,3,K1,849 ANNADALE ROAD,10312.0,0.0,1.0,1.0,3075.0,1886.0,1957.0,4,K1,550000,2019-07-23,statenisland,849 ANNADALE ROAD NYC
4,OZONE PARK,02 TWO FAMILY DWELLINGS,1,9096,2,B1,90-04 101 AVENUE,11416.0,2.0,0.0,2.0,1320.0,1344.0,1955.0,1,B1,615000,2019-08-23,queens,90-04 101 AVENUE NYC
4,OZONE PARK,02 TWO FAMILY DWELLINGS,1,11515,39,B3,135-33 96TH STREET,11417.0,2.0,0.0,2.0,2700.0,1815.0,1925.0,1,B3,770000,2019-05-06,queens,135-33 96TH STREET NYC
3,BOROUGH PARK,02 TWO FAMILY DWELLINGS,1,5543,26,B3,2162 63RD STREET,11204.0,2.0,0.0,2.0,3000.0,2088.0,1920.0,1,B3,1200000,2019-04-18,brooklyn,2162 63RD STREET NYC
4,SO. JAMAICA-BAISLEY PARK,02 TWO FAMILY DWELLINGS,1,12256,10,B2,122-21 161ST PLACE,11434.0,2.0,0.0,2.0,2790.0,2112.0,1994.0,1,B2,558750,2019-10-29,queens,122-21 161ST PLACE NYC
4,SPRINGFIELD GARDENS,01 ONE FAMILY DWELLINGS,1,12571,45,A1,176-17 137 AVE,11434.0,1.0,0.0,1.0,3424.0,1348.0,1920.0,1,A1,580000,2019-04-09,queens,176-17 137 AVE NYC
4,HOWARD BEACH,02 TWO FAMILY DWELLINGS,1,14198,54,B2,162-11 96TH STREET,11414.0,2.0,0.0,2.0,2800.0,2104.0,1970.0,1,B2,700000,2019-04-01,queens,162-11 96TH STREET NYC
3,BENSONHURST,02 TWO FAMILY DWELLINGS,1,6851,30,B1,2358 82ND STREET,11214.0,2.0,0.0,2.0,3000.0,2556.0,1935.0,1,B1,1500000,2019-02-04,brooklyn,2358 82ND STREET NYC
4,FLUSHING-NORTH,01 ONE FAMILY DWELLINGS,1,5519,15,A5,43-14A 196TH ST,11358.0,1.0,0.0,1.0,1800.0,1260.0,1950.0,1,A5,669000,2019-10-08,queens,43-14A 196TH ST NYC
3,BROWNSVILLE,22 STORE BUILDINGS,4,3523,11,K1,1722 PITKIN AVENUE,11212.0,0.0,1.0,1.0,2500.0,2500.0,1990.0,4,K1,825000,2019-02-21,brooklyn,1722 PITKIN AVENUE NYC
5,NEW BRIGHTON,02 TWO FAMILY DWELLINGS,1,38,6,B2,176 BENZIGER AVENUE,10301.0,2.0,0.0,2.0,2500.0,2542.0,1930.0,1,B2,310000,2019-12-06,statenisland,176 BENZIGER AVENUE NYC
3,OCEAN PARKWAY-SOUTH,01 ONE FAMILY DWELLINGS,1,7183,7,A1,616 AVE W,11223.0,1.0,0.0,1.0,2500.0,2232.0,1920.0,1,A1,1200000,2019-05-06,brooklyn,616 AVE W NYC
4,ST. ALBANS,01 ONE FAMILY DWELLINGS,1,10393,54,A1,114-60 FARMERS BOULEVARD,11412.0,1.0,0.0,1.0,3340.0,1860.0,1930.0,1,A1,800000,2019-02-28,queens,114-60 FARMERS BOULEVARD NYC
3,BUSHWICK,01 ONE FAMILY DWELLINGS,1,3321,19,S1,42 GROVE ST,11221.0,1.0,1.0,2.0,2098.0,2250.0,1931.0,1,S1,1065000,2019-10-08,brooklyn,42 GROVE ST NYC
4,SO. JAMAICA-BAISLEY PARK,01 ONE FAMILY DWELLINGS,1,12019,8,A1,145-18 FOCH BOULEVARD,11436.0,1.0,0.0,1.0,2500.0,1200.0,1930.0,1,A1,449450,2019-04-04,queens,145-18 FOCH BOULEVARD NYC
4,OZONE PARK,03 THREE FAMILY DWELLINGS,1,11482,40,C0,107-14 ROCKAWAY BOULEVARD,11417.0,3.0,0.0,3.0,2600.0,2840.0,1975.0,1,C0,855000,2019-07-11,queens,107-14 ROCKAWAY BOULEVARD NYC
4,QUEENS VILLAGE,01 ONE FAMILY DWELLINGS,1,10642,19,A1,91-26 217TH STREET,11428.0,1.0,0.0,1.0,3000.0,1136.0,1920.0,1,A1,625000,2019-08-30,queens,91-26 217TH STREET NYC
4,ST. ALBANS,01 ONE FAMILY DWELLINGS,1,11048,120,A5,115-56 FRANCIS LEWIS BLVD,11411.0,1.0,0.0,1.0,1800.0,1224.0,1940.0,1,A5,343000,2019-08-06,queens,115-56 FRANCIS LEWIS BLVD NYC
4,BELLEROSE,01 ONE FAMILY DWELLINGS,1,7980,47,A1,88-48 242ND STREET,11426.0,1.0,0.0,1.0,3000.0,1472.0,1925.0,1,A1,550000,2019-01-30,queens,88-48 242ND STREET NYC
5,WESTERLEIGH,01 ONE FAMILY DWELLINGS,1,389,122,A1,39 BURNSIDE AVENUE,10302.0,1.0,0.0,1.0,3180.0,1508.0,1920.0,1,A1,555000,2019-10-25,statenisland,39 BURNSIDE AVENUE NYC
3,BAY RIDGE,01 ONE FAMILY DWELLINGS,1,6059,47,A1,65 89TH STREET,11209.0,1.0,0.0,1.0,2250.0,1312.0,1925.0,1,A1,790000,2019-06-05,brooklyn,65 89TH STREET NYC
4,QUEENS VILLAGE,01 ONE FAMILY DWELLINGS,1,11125,43,A1,209-50 112TH AVENUE,11429.0,1.0,0.0,1.0,3016.0,1568.0,1920.0,1,A1,665000,2019-06-25,queens,209-50 112TH AVENUE NYC
3,EAST NEW YORK,03 THREE FAMILY DWELLINGS,1,4456,47,C0,1023 HEGEMAN AVENUE,11208.0,3.0,0.0,3.0,2340.0,3996.0,2005.0,1,C0,710000,2019-08-19,brooklyn,1023 HEGEMAN AVENUE NYC
3,BATH BEACH,03 THREE FAMILY DWELLINGS,1,6409,20,C0,8707 20TH AVENUE,11214.0,3.0,0.0,3.0,2900.0,2140.0,1990.0,1,C0,330000,2019-12-11,brooklyn,8707 20TH AVENUE NYC
5,MIDLAND BEACH,02 TWO FAMILY DWELLINGS,1,3674,12,B2,315 STOBE AVE,10306.0,2.0,0.0,2.0,4305.0,2254.0,1973.0,1,B2,545000,2019-03-28,statenisland,315 STOBE AVE NYC
4,MIDDLE VILLAGE,02 TWO FAMILY DWELLINGS,1,3788,1,B1,69-29 75TH STREET,11379.0,2.0,0.0,2.0,2758.0,2850.0,1960.0,1,B1,980000,2019-06-20,queens,69-29 75TH STREET NYC
4,FLUSHING-NORTH,01 ONE FAMILY DWELLINGS,1,5516,60,A1,43-39 192ND STREET,11358.0,1.0,0.0,1.0,4000.0,1446.0,1940.0,1,A1,970000,2019-08-27,queens,43-39 192ND STREET NYC
4,COLLEGE POINT,01 ONE FAMILY DWELLINGS,1,3968,13,A9,7-12 125TH STREET,11356.0,1.0,0.0,1.0,2500.0,1260.0,1920.0,1,A9,450000,2019-03-08,queens,7-12 125TH STREET NYC
4,WOODHAVEN,02 TWO FAMILY DWELLINGS,1,8871,27,B1,91-15 86 DRIVE,11421.0,2.0,0.0,2.0,2017.0,2080.0,1901.0,1,B1,600000,2019-01-29,queens,91-15 86 DRIVE NYC
5,TOTTENVILLE,01 ONE FAMILY DWELLINGS,1,7826,95,A1,23 JOLINE LANE,10307.0,1.0,0.0,1.0,4253.0,3718.0,2006.0,1,A1,999000,2019-11-04,statenisland,23 JOLINE LANE NYC
4,BAYSIDE,01 ONE FAMILY DWELLINGS,1,5805,77,A0,23-23 205TH STREET,11360.0,1.0,0.0,1.0,4320.0,1086.0,1950.0,1,A0,889000,2019-02-25,queens,23-23 205TH STREET NYC
4,ROSEDALE,01 ONE FAMILY DWELLINGS,1,13515,40,A5,142-07 230TH PLACE,11413.0,1.0,0.0,1.0,2008.0,1400.0,1940.0,1,A5,460000,2019-01-18,queens,142-07 230TH PLACE NYC
3,SUNSET PARK,03 THREE FAMILY DWELLINGS,1,719,16,C0,424 41ST STREET,11232.0,3.0,0.0,3.0,1803.0,2430.0,1910.0,1,C0,980000,2019-06-04,brooklyn,424 41ST STREET NYC
4,SOUTH JAMAICA,02 TWO FAMILY DWELLINGS,1,10241,59,B3,17135 107 AVENUE,11433.0,2.0,0.0,2.0,4000.0,1725.0,1925.0,1,B3,485000,2019-02-08,queens,17135 107 AVENUE NYC
3,FLATBUSH-EAST,02 TWO FAMILY DWELLINGS,1,4699,56,B3,425 E 51 STREET,11203.0,2.0,0.0,2.0,4000.0,1748.0,1901.0,1,B3,570000,2019-12-19,brooklyn,425 E 51 STREET NYC
3,BAY RIDGE,01 ONE FAMILY DWELLINGS,1,5936,31,A1,16 BAY RIDGE PARKWAY,11209.0,1.0,0.0,1.0,2880.0,2210.0,1925.0,1,A1,1300000,2019-04-01,brooklyn,16 BAY RIDGE PARKWAY NYC
2,CASTLE HILL/UNIONPORT,02 TWO FAMILY DWELLINGS,1,3698,77,B2,2309 HERMANY AVENUE,10473.0,2.0,0.0,2.0,2575.0,2090.0,1901.0,1,B2,735000,2019-12-31,bronx,2309 HERMANY AVENUE NYC
2,SCHUYLERVILLE/PELHAM BAY,03 THREE FAMILY DWELLINGS,1,4246,1,C0,2024 HOBART AVENUE,10461.0,3.0,0.0,3.0,2500.0,3825.0,1935.0,1,C0,1065000,2019-11-18,bronx,2024 HOBART AVENUE NYC
4,SO. JAMAICA-BAISLEY PARK,02 TWO FAMILY DWELLINGS,1,12374,128,B3,172-08 119TH AVENUE,11434.0,2.0,0.0,2.0,3000.0,1442.0,1920.0,1,B3,309000,2019-11-21,queens,172-08 119TH AVENUE NYC
4,FLUSHING-SOUTH,01 ONE FAMILY DWELLINGS,1,6534,13,A1,144-18 68TH ROAD,11367.0,1.0,0.0,1.0,4200.0,1566.0,1955.0,1,A1,1050000,2019-11-08,queens,144-18 68TH ROAD NYC
4,OZONE PARK,02 TWO FAMILY DWELLINGS,1,11498,129,B3,97-11 134TH AVENUE,11417.0,2.0,0.0,2.0,2520.0,1446.0,1930.0,1,B3,540000,2019-06-06,queens,97-11 134TH AVENUE NYC
4,WOODHAVEN,01 ONE FAMILY DWELLINGS,1,8850,25,A1,85-59 79 STREET,11421.0,1.0,0.0,1.0,2200.0,1938.0,1925.0,1,A1,660000,2019-05-06,queens,85-59 79 STREET NYC
4,JAMAICA ESTATES,01 ONE FAMILY DWELLINGS,1,9955,25,A1,86-73 SOMERSET STREET,11432.0,1.0,0.0,1.0,3500.0,1995.0,1930.0,1,A1,950000,2019-01-15,queens,86-73 SOMERSET STREET NYC
3,FLATBUSH-NORTH,07 RENTALS - WALKUP APARTMENTS,2A,4652,42,C3,1157 LENOX ROAD,11212.0,4.0,0.0,4.0,2500.0,3320.0,1930.0,2,C3,967000,2019-02-26,brooklyn,1157 LENOX ROAD NYC
2,MORRISANIA/LONGWOOD,01 ONE FAMILY DWELLINGS,1,2653,44,A1,599 TINTON AVENUE,10455.0,1.0,0.0,1.0,1748.0,960.0,1920.0,1,A1,600000,2019-02-20,bronx,599 TINTON AVENUE NYC
3,EAST NEW YORK,02 TWO FAMILY DWELLINGS,1,4019,6,B1,495 LINWOOD STREET,11208.0,2.0,0.0,2.0,2000.0,1928.0,1901.0,1,B1,810000,2019-08-26,brooklyn,495 LINWOOD STREET NYC
4,SO. JAMAICA-BAISLEY PARK,01 ONE FAMILY DWELLINGS,1,11979,26,A1,114-42 149TH STREET,11436.0,1.0,0.0,1.0,2000.0,914.0,1915.0,1,A1,510000,2019-08-23,queens,114-42 149TH STREET NYC
3,SUNSET PARK,02 TWO FAMILY DWELLINGS,1,794,71,B9,723 51ST STREET,11220.0,2.0,0.0,2.0,1600.0,1600.0,1940.0,1,B9,1280000,2019-03-01,brooklyn,723 51ST STREET NYC
2,WILLIAMSBRIDGE,01 ONE FAMILY DWELLINGS,1,4702,7,A5,1043 EAST 219 STREET,10469.0,1.0,0.0,1.0,1971.0,1582.0,1955.0,1,A5,455000,2019-10-18,bronx,1043 EAST 219 STREET NYC
2,MOUNT HOPE/MOUNT EDEN,02 TWO FAMILY DWELLINGS,1,2802,13,B3,210 MT HOPE PLACE,10457.0,2.0,0.0,2.0,1381.0,2215.0,1901.0,1,B3,695000,2019-06-27,bronx,210 MT HOPE PLACE NYC
4,GLENDALE,02 TWO FAMILY DWELLINGS,1,3586,41,B1,75-11 61ST STREET,11385.0,2.0,0.0,2.0,1948.0,2280.0,1910.0,1,B1,1175000,2019-01-09,queens,75-11 61ST STREET NYC
4,HOLLIS,01 ONE FAMILY DWELLINGS,1,10919,33,A1,109-06 210TH STREET,11429.0,1.0,0.0,1.0,3000.0,1520.0,1920.0,1,A1,396000,2019-05-31,queens,109-06 210TH STREET NYC
2,BEDFORD PARK/NORWOOD,02 TWO FAMILY DWELLINGS,1,3282,30,B3,346 EAST 195 STREET,10458.0,2.0,0.0,2.0,3725.0,2775.0,1915.0,1,B3,699000,2019-06-04,bronx,346 EAST 195 STREET NYC
5,HUGUENOT,01 ONE FAMILY DWELLINGS,1,6827,38,A1,6 CARLTON COURT,10312.0,1.0,0.0,1.0,4000.0,2184.0,2006.0,1,A1,417332,2019-04-03,statenisland,6 CARLTON COURT NYC
3,CROWN HEIGHTS,01 ONE FAMILY DWELLINGS,1,1340,52,A1,1543 DEAN STREET,11213.0,1.0,0.0,1.0,2679.0,2450.0,2015.0,1,A1,1350000,2019-11-01,brooklyn,1543 DEAN STREET NYC
4,FRESH MEADOWS,01 ONE FAMILY DWELLINGS,1,7187,104,A5,75-03 UTOPIA PARKWAY,11366.0,1.0,0.0,1.0,1440.0,1248.0,1950.0,1,A5,770000,2019-10-22,queens,75-03 UTOPIA PARKWAY NYC
3,CANARSIE,02 TWO FAMILY DWELLINGS,1,8082,133,B9,1460 EAST 86TH STREET,11236.0,2.0,0.0,2.0,1800.0,2268.0,1960.0,1,B9,760000,2019-02-15,brooklyn,1460 EAST 86TH STREET NYC
4,OZONE PARK,02 TWO FAMILY DWELLINGS,1,11400,21,B3,137-04 WHITELAW STREET,11417.0,2.0,0.0,2.0,2000.0,1410.0,1935.0,1,B3,610000,2019-04-29,queens,137-04 WHITELAW STREET NYC
3,BEDFORD STUYVESANT,37 RELIGIOUS FACILITIES,4,2000,23,M1,"1236 BEDFORD AVENUE, 4",11216.0,0.0,4.0,4.0,1950.0,3780.0,1930.0,4,M1,1375000,2019-06-20,brooklyn,"1236 BEDFORD AVENUE, 4 NYC"
5,TRAVIS,02 TWO FAMILY DWELLINGS,1,2776,43,B2,121 CANNON AVENUE,10314.0,2.0,0.0,2.0,2000.0,1350.0,2003.0,1,B2,473000,2019-01-28,statenisland,121 CANNON AVENUE NYC
4,ROSEDALE,01 ONE FAMILY DWELLINGS,1,12886,56,A2,240-26 128TH ROAD,11422.0,1.0,0.0,1.0,3996.0,1080.0,1955.0,1,A2,569500,2019-06-19,queens,240-26 128TH ROAD NYC
4,WOODHAVEN,02 TWO FAMILY DWELLINGS,1,8895,34,B2,88-50 75TH STREET,11421.0,2.0,0.0,2.0,1942.0,1672.0,1920.0,1,B2,770000,2019-04-09,queens,88-50 75TH STREET NYC
5,MIDLAND BEACH,01 ONE FAMILY DWELLINGS,1,3887,51,A5,1203 OLYMPIA BOULEVARD,10306.0,1.0,0.0,1.0,2400.0,1440.0,2018.0,1,A5,653717,2019-07-15,statenisland,1203 OLYMPIA BOULEVARD NYC
3,BENSONHURST,02 TWO FAMILY DWELLINGS,1,6248,66,B1,1749 78TH STREET,11214.0,2.0,0.0,2.0,2667.0,2232.0,1930.0,1,B1,1350000,2019-11-06,brooklyn,1749 78TH STREET NYC
4,FLUSHING-NORTH,01 ONE FAMILY DWELLINGS,1,5238,53,A9,33-20 154TH STREET,11354.0,1.0,0.0,1.0,2500.0,880.0,1940.0,1,A9,375000,2019-08-09,queens,33-20 154TH STREET NYC
5,HUGUENOT,02 TWO FAMILY DWELLINGS,1,6333,12,B2,668 EDGEGROVE AVENUE,10312.0,2.0,0.0,2.0,4084.0,1944.0,2012.0,1,B2,915000,2019-06-28,statenisland,668 EDGEGROVE AVENUE NYC
3,BAY RIDGE,02 TWO FAMILY DWELLINGS,1,5892,86,S2,415 72ND STREET,11209.0,2.0,1.0,3.0,4000.0,3240.0,1905.0,1,S2,1875000,2019-04-30,brooklyn,415 72ND STREET NYC
3,CANARSIE,02 TWO FAMILY DWELLINGS,1,8077,50,B9,1363 EAST 86 ST,11236.0,2.0,0.0,2.0,2000.0,1400.0,1955.0,1,B9,670000,2019-06-10,brooklyn,1363 EAST 86 ST NYC
4,SOUTH JAMAICA,02 TWO FAMILY DWELLINGS,1,10171,4,B2,108-53 GUY R BREWER BLVD,11433.0,2.0,0.0,2.0,2000.0,1344.0,1920.0,1,B2,625000,2019-09-23,queens,108-53 GUY R BREWER BLVD NYC
2,BELMONT,03 THREE FAMILY DWELLINGS,1,3102,76,C0,2362 CROTONA AVENUE,10458.0,3.0,0.0,3.0,2000.0,4092.0,1901.0,1,C0,885000,2019-04-25,bronx,2362 CROTONA AVENUE NYC
3,SHEEPSHEAD BAY,02 TWO FAMILY DWELLINGS,1,7441,122,B1,2542 EAST 26 STREET,11235.0,2.0,0.0,2.0,2000.0,1888.0,1960.0,1,B1,930000,2019-05-29,brooklyn,2542 EAST 26 STREET NYC
4,WHITESTONE,01 ONE FAMILY DWELLINGS,1,4658,46,A5,147-21 24TH AVENUE,11357.0,1.0,0.0,1.0,2675.0,1384.0,1935.0,1,A5,901000,2019-11-06,queens,147-21 24TH AVENUE NYC
2,WILLIAMSBRIDGE,02 TWO FAMILY DWELLINGS,1,4694,26,B1,1029 E 211TH ST,10469.0,2.0,0.0,2.0,2473.0,1848.0,1945.0,1,B1,616041,2019-12-19,bronx,1029 E 211TH ST NYC
4,ASTORIA,01 ONE FAMILY DWELLINGS,1,808,5,A5,21-71 37TH STREET,11105.0,1.0,0.0,1.0,3000.0,1795.0,1930.0,1,A5,1049000,2019-03-20,queens,21-71 37TH STREET NYC
2,PELHAM PARKWAY SOUTH,01 ONE FAMILY DWELLINGS,1,4277,43,A5,1912 TENBROECK AVENUE,10461.0,1.0,0.0,1.0,2500.0,1760.0,1940.0,1,A5,599000,2019-04-04,bronx,1912 TENBROECK AVENUE NYC
3,MIDWOOD,01 ONE FAMILY DWELLINGS,1,7592,14,A9,975 E28TH ST.,11210.0,1.0,0.0,1.0,2000.0,1504.0,1925.0,1,A9,810000,2019-05-16,brooklyn,975 E28TH ST. NYC
4,MIDDLE VILLAGE,01 ONE FAMILY DWELLINGS,1,3804,63,A9,9 VALENTINE PLACE,11385.0,1.0,0.0,1.0,1180.0,671.0,1930.0,1,A9,575000,2019-06-24,queens,9 VALENTINE PLACE NYC
2,SOUNDVIEW,03 THREE FAMILY DWELLINGS,1,3500,71,C0,425 WHITE PLAINS ROAD,10473.0,3.0,0.0,3.0,2000.0,2800.0,1970.0,1,C0,852000,2019-07-03,bronx,425 WHITE PLAINS ROAD NYC
3,BAY RIDGE,01 ONE FAMILY DWELLINGS,1,5957,21,A1,58 77TH STREET,11209.0,1.0,0.0,1.0,3007.0,1456.0,1925.0,1,A1,1350000,2019-05-22,brooklyn,58 77TH STREET NYC
4,ST. ALBANS,02 TWO FAMILY DWELLINGS,1,12618,35,B1,117-11 197TH STREET,11412.0,2.0,0.0,2.0,4000.0,1733.0,1950.0,1,B1,692000,2019-02-11,queens,117-11 197TH STREET NYC
4,FLUSHING-SOUTH,01 ONE FAMILY DWELLINGS,1,6901,13,A5,173-03 65TH AVENUE,11365.0,1.0,0.0,1.0,2600.0,1044.0,1950.0,1,A5,785000,2019-02-22,queens,173-03 65TH AVENUE NYC
3,FLATBUSH-EAST,02 TWO FAMILY DWELLINGS,1,7975,74,B1,738 EAST 58TH STREET,11234.0,2.0,0.0,2.0,2200.0,2376.0,1960.0,1,B1,750000,2019-06-28,brooklyn,738 EAST 58TH STREET NYC
5,OAKWOOD,01 ONE FAMILY DWELLINGS,1,4712,58,A2,208 FAIRBANKS AVENUE,10306.0,1.0,0.0,1.0,4500.0,864.0,1955.0,1,A2,487000,2019-04-23,statenisland,208 FAIRBANKS AVENUE NYC
4,FLUSHING-NORTH,01 ONE FAMILY DWELLINGS,1,4938,127,A5,30-18 UTOPIA PARKWAY,11358.0,1.0,0.0,1.0,1693.0,1024.0,1950.0,1,A5,750000,2019-09-27,queens,30-18 UTOPIA PARKWAY NYC
3,BOROUGH PARK,01 ONE FAMILY DWELLINGS,1,5508,21,A9,2134 58TH STREET,11204.0,1.0,0.0,1.0,2003.0,1251.0,1920.0,1,A9,857000,2019-03-26,brooklyn,2134 58TH STREET NYC
4,GLENDALE,02 TWO FAMILY DWELLINGS,1,3662,13,B2,70-17 71ST STREET,11385.0,2.0,0.0,2.0,2075.0,1301.0,1920.0,1,B2,675000,2019-01-04,queens,70-17 71ST STREET NYC
4,CORONA,02 TWO FAMILY DWELLINGS,1,1718,40,B2,103-17 34TH AVENUE,11368.0,2.0,0.0,2.0,4325.0,1584.0,1920.0,1,B2,810000,2019-11-08,queens,103-17 34TH AVENUE NYC
4,FLUSHING-NORTH,01 ONE FAMILY DWELLINGS,1,5575,12,A2,170-04 PIDGEON MEADOW ROAD,11365.0,1.0,0.0,1.0,4962.0,950.0,1945.0,1,A2,795000,2019-11-18,queens,170-04 PIDGEON MEADOW ROAD NYC
4,SPRINGFIELD GARDENS,01 ONE FAMILY DWELLINGS,1,12135,41,A1,152-15 135TH AVENUE,11434.0,1.0,0.0,1.0,2000.0,840.0,1930.0,1,A1,542000,2019-04-12,queens,152-15 135TH AVENUE NYC
3,FLATBUSH-LEFFERTS GARDEN,02 TWO FAMILY DWELLINGS,1,4801,18,B1,334 MIDWOOD STREET,11225.0,2.0,0.0,2.0,2000.0,2128.0,1920.0,1,B1,432000,2019-10-25,brooklyn,334 MIDWOOD STREET NYC
3,CONEY ISLAND,01 ONE FAMILY DWELLINGS,1,7017,149,A5,2114 NEPTUNE AVENUE,11224.0,1.0,0.0,1.0,1780.0,1248.0,1960.0,1,A5,590000,2019-05-29,brooklyn,2114 NEPTUNE AVENUE NYC
4,WHITESTONE,01 ONE FAMILY DWELLINGS,1,4526,113,A2,151-19 10TH AVENUE,11357.0,1.0,0.0,1.0,3767.0,1100.0,1955.0,1,A2,650000,2019-07-17,queens,151-19 10TH AVENUE NYC
3,CROWN HEIGHTS,29 COMMERCIAL GARAGES,4,1334,9,G2,1608 ATLANTIC AVENUE,11213.0,0.0,1.0,1.0,2500.0,2175.0,1925.0,4,G2,1000000,2019-07-30,brooklyn,1608 ATLANTIC AVENUE NYC
2,MORRIS PARK/VAN NEST,02 TWO FAMILY DWELLINGS,1,4269,56,B3,1946 PAULDING AVENUE,10462.0,2.0,0.0,2.0,2500.0,1462.0,1925.0,1,B3,535000,2019-05-30,bronx,1946 PAULDING AVENUE NYC
4,ASTORIA,01 ONE FAMILY DWELLINGS,1,659,41,A5,30-11 37TH STREET,11103.0,1.0,0.0,1.0,1440.0,1395.0,1940.0,1,A5,1195000,2019-11-06,queens,30-11 37TH STREET NYC
5,ELTINGVILLE,01 ONE FAMILY DWELLINGS,1,5612,1,A2,621 BARLOW AVENUE,10312.0,1.0,0.0,1.0,3800.0,1540.0,1970.0,1,A2,715000,2019-10-16,statenisland,621 BARLOW AVENUE NYC
4,FRESH MEADOWS,01 ONE FAMILY DWELLINGS,1,7165,3,A1,73-47 177TH STREET,11366.0,1.0,0.0,1.0,4000.0,1150.0,1935.0,1,A1,830000,2019-05-30,queens,73-47 177TH STREET NYC
4,SOUTH OZONE PARK,01 ONE FAMILY DWELLINGS,1,11808,24,A0,135-25 121ST STREET,11420.0,1.0,0.0,1.0,3200.0,1103.0,1945.0,1,A0,610000,2019-09-13,queens,135-25 121ST STREET NYC
3,FLATBUSH-EAST,01 ONE FAMILY DWELLINGS,1,4984,46,A9,3709 FARRAGUT ROAD,11210.0,1.0,0.0,1.0,2000.0,1408.0,1925.0,1,A9,575000,2019-03-11,brooklyn,3709 FARRAGUT ROAD NYC
4,LAURELTON,01 ONE FAMILY DWELLINGS,1,13174,21,A1,137-27 232ND STREET,11413.0,1.0,0.0,1.0,3142.0,1316.0,1920.0,1,A1,400000,2019-11-18,queens,137-27 232ND STREET NYC
4,SO. JAMAICA-BAISLEY PARK,02 TWO FAMILY DWELLINGS,1,12193,15,B3,155-18 115TH DRIVE,11434.0,2.0,0.0,2.0,4000.0,1280.0,1920.0,1,B3,480000,2019-05-14,queens,155-18 115TH DRIVE NYC
4,QUEENS VILLAGE,01 ONE FAMILY DWELLINGS,1,10748,22,A1,222-28 EDMORE AVENUE,11428.0,1.0,0.0,1.0,3000.0,1280.0,1930.0,1,A1,696489,2019-06-14,queens,222-28 EDMORE AVENUE NYC
2,WAKEFIELD,02 TWO FAMILY DWELLINGS,1,5057,16,B1,4346 BAYCHESTER AVENUE,10466.0,2.0,0.0,2.0,3125.0,3549.0,2000.0,1,B1,840000,2019-10-15,bronx,4346 BAYCHESTER AVENUE NYC
3,EAST NEW YORK,02 TWO FAMILY DWELLINGS,1,4342,27,B2,204 MALTA STREET,11207.0,2.0,0.0,2.0,2417.0,2640.0,1905.0,1,B2,465500,2019-03-14,brooklyn,204 MALTA STREET NYC
4,HOLLIS,02 TWO FAMILY DWELLINGS,1,10581,13,B3,88-18 207TH STREET,11427.0,2.0,0.0,2.0,2600.0,1410.0,1940.0,1,B3,550000,2019-12-19,queens,88-18 207TH STREET NYC
2,MORRIS PARK/VAN NEST,01 ONE FAMILY DWELLINGS,1,4090,6,A1,1562 HERING AVENUE,10461.0,1.0,0.0,1.0,2500.0,1248.0,1925.0,1,A1,415000,2019-08-22,bronx,1562 HERING AVENUE NYC
4,ASTORIA,01 ONE FAMILY DWELLINGS,1,574,116,A5,27-30 27TH STREET,11102.0,1.0,0.0,1.0,1650.0,1128.0,1920.0,1,A5,850000,2019-09-25,queens,27-30 27TH STREET NYC
4,BRIARWOOD,01 ONE FAMILY DWELLINGS,1,9714,65,A5,139-29 PERSHING CRESCENT,11435.0,1.0,0.0,1.0,2300.0,1138.0,1940.0,1,A5,588000,2019-12-11,queens,139-29 PERSHING CRESCENT NYC
4,ST. ALBANS,02 TWO FAMILY DWELLINGS,1,12468,64,B2,177-48 119TH ROAD,11434.0,2.0,0.0,2.0,2992.0,1932.0,2006.0,1,B2,730000,2019-07-29,queens,177-48 119TH ROAD NYC
4,BAYSIDE,01 ONE FAMILY DWELLINGS,1,7524,40,A1,57-40 226TH STREET,11364.0,1.0,0.0,1.0,2588.0,2200.0,1964.0,1,A1,859000,2019-06-25,queens,57-40 226TH STREET NYC
4,HOLLIS,01 ONE FAMILY DWELLINGS,1,10569,14,A1,211-26 90TH COURT,11428.0,1.0,0.0,1.0,3800.0,1576.0,1925.0,1,A1,580000,2019-03-20,queens,211-26 90TH COURT NYC
4,MIDDLE VILLAGE,02 TWO FAMILY DWELLINGS,1,3054,30,B2,66-58 71ST STREET,11379.0,2.0,0.0,2.0,2190.0,1960.0,1925.0,1,B2,899000,2019-09-16,queens,66-58 71ST STREET NYC
4,SOUTH OZONE PARK,02 TWO FAMILY DWELLINGS,1,11676,54,B3,115-27 133RD STREET,11420.0,2.0,0.0,2.0,2800.0,1024.0,1920.0,1,B3,525300,2019-08-29,queens,115-27 133RD STREET NYC
2,FORDHAM,01 ONE FAMILY DWELLINGS,1,3023,49,A9,2503 MARION AVENUE,10458.0,1.0,0.0,1.0,2038.0,1922.0,1920.0,1,A9,390000,2019-05-29,bronx,2503 MARION AVENUE NYC
4,ARVERNE,01 ONE FAMILY DWELLINGS,1,16038,33,A2,452 BEACH 65TH STREET,11692.0,1.0,0.0,1.0,3100.0,900.0,1910.0,1,A2,365000,2019-03-14,queens,452 BEACH 65TH STREET NYC
4,CORONA,02 TWO FAMILY DWELLINGS,1,1766,73,B2,37-59 100TH STREET,11368.0,2.0,0.0,2.0,2679.0,2192.0,1925.0,1,B2,1200000,2019-10-22,queens,37-59 100TH STREET NYC
5,GREAT KILLS,01 ONE FAMILY DWELLINGS,1,5268,148,A2,276 WINCHESTER AVENUE,10312.0,1.0,0.0,1.0,4896.0,1040.0,1955.0,1,A2,560000,2019-08-21,statenisland,276 WINCHESTER AVENUE NYC
4,SPRINGFIELD GARDENS,02 TWO FAMILY DWELLINGS,1,12694,33,B2,120-19 NASHVILLE BOULEVARD,11412.0,2.0,0.0,2.0,3900.0,2200.0,1963.0,1,B2,675000,2019-10-31,queens,120-19 NASHVILLE BOULEVARD NYC
4,JAMAICA HILLS,03 THREE FAMILY DWELLINGS,1,9851,34,C0,168-06 GOTHIC DRIVE,11432.0,3.0,0.0,3.0,2960.0,2376.0,1970.0,1,C0,1170000,2019-03-26,queens,168-06 GOTHIC DRIVE NYC
4,ARVERNE,03 THREE FAMILY DWELLINGS,1,15910,31,C0,328 BEACH 66 STREET,11692.0,3.0,0.0,3.0,2217.0,3171.0,1998.0,1,C0,1700000,2019-08-22,queens,328 BEACH 66 STREET NYC
4,OZONE PARK,02 TWO FAMILY DWELLINGS,1,9000,39,B1,95-19 75 STREET,11416.0,2.0,0.0,2.0,2000.0,2750.0,1960.0,1,B1,815000,2019-09-27,queens,95-19 75 STREET NYC
2,SCHUYLERVILLE/PELHAM BAY,02 TWO FAMILY DWELLINGS,1,5332,60,B1,1233 MAYFLOWER AVENUE,10461.0,2.0,0.0,2.0,2513.0,1480.0,1925.0,1,B1,641255,2019-06-10,bronx,1233 MAYFLOWER AVENUE NYC
3,CANARSIE,01 ONE FAMILY DWELLINGS,1,8048,33,A5,1125 EAST 82ND STREET,11236.0,1.0,0.0,1.0,1600.0,1120.0,1960.0,1,A5,530000,2019-12-18,brooklyn,1125 EAST 82ND STREET NYC
4,FLUSHING-NORTH,01 ONE FAMILY DWELLINGS,1,5516,57,A1,43-47 192ND STREET,11358.0,1.0,0.0,1.0,4000.0,1512.0,1940.0,1,A1,1751390,2019-10-07,queens,43-47 192ND STREET NYC
3,FLATBUSH-NORTH,07 RENTALS - WALKUP APARTMENTS,2A,4610,67,C3,145 EAST 91ST STREET,11212.0,4.0,0.0,4.0,2500.0,2829.0,1930.0,2,C3,999999,2019-05-08,brooklyn,145 EAST 91ST STREET NYC
5,WILLOWBROOK,01 ONE FAMILY DWELLINGS,1,1970,70,A5,24 ROANOKE STREET,10314.0,1.0,0.0,1.0,2332.0,1456.0,1980.0,1,A5,520000,2019-06-27,statenisland,24 ROANOKE STREET NYC
5,MARINERS HARBOR,01 ONE FAMILY DWELLINGS,1,1227,44,A5,29 HARBOR ROAD,10303.0,1.0,0.0,1.0,4288.0,1376.0,1965.0,1,A5,325000,2019-06-27,statenisland,29 HARBOR ROAD NYC
4,WOODHAVEN,02 TWO FAMILY DWELLINGS,1,8933,96,B2,9209 88TH AVENUE,11421.0,2.0,0.0,2.0,1800.0,1968.0,1901.0,1,B2,565000,2019-11-20,queens,9209 88TH AVENUE NYC
5,DONGAN HILLS,01 ONE FAMILY DWELLINGS,1,3334,28,A2,85 HENRY PLACE,10305.0,1.0,0.0,1.0,4500.0,1242.0,1965.0,1,A2,700000,2019-04-24,statenisland,85 HENRY PLACE NYC
4,ST. ALBANS,02 TWO FAMILY DWELLINGS,1,12620,18,B3,117-24 200TH STREET,11412.0,2.0,0.0,2.0,3100.0,1820.0,1925.0,1,B3,750000,2019-12-12,queens,117-24 200TH STREET NYC
2,WAKEFIELD,01 ONE FAMILY DWELLINGS,1,5055,46,A1,4373 EDSON AVENUE,10466.0,1.0,0.0,1.0,2923.0,1600.0,1935.0,1,A1,395000,2019-07-02,bronx,4373 EDSON AVENUE NYC
4,CORONA,01 ONE FAMILY DWELLINGS,1,1626,55,A5,45-09 97TH PLACE,11368.0,1.0,0.0,1.0,2000.0,1360.0,1925.0,1,A5,750000,2019-10-04,queens,45-09 97TH PLACE NYC
2,KINGSBRIDGE HTS/UNIV HTS,02 TWO FAMILY DWELLINGS,1,3209,33,B3,2332 AQUEDUCT AVENUE EAST,10468.0,2.0,0.0,2.0,1669.0,2622.0,1901.0,1,B3,615000,2019-06-05,bronx,2332 AQUEDUCT AVENUE EAST NYC
3,EAST NEW YORK,07 RENTALS - WALKUP APARTMENTS,2A,3826,5,C3,593 WYONA STREET,11207.0,4.0,0.0,4.0,2300.0,3588.0,1930.0,2,C3,350000,2019-01-02,brooklyn,593 WYONA STREET NYC
5,NEW SPRINGVILLE,01 ONE FAMILY DWELLINGS,1,2445,22,A5,45 LOTT LANE,10314.0,1.0,0.0,1.0,2400.0,1824.0,1996.0,1,A5,590000,2019-01-31,statenisland,45 LOTT LANE NYC
4,RICHMOND HILL,01 ONE FAMILY DWELLINGS,1,9514,14,A9,10316 110 STREET,11419.0,1.0,0.0,1.0,2090.0,1388.0,1930.0,1,A9,540000,2019-08-05,queens,10316 110 STREET NYC
5,TOTTENVILLE,02 TWO FAMILY DWELLINGS,1,8036,28,B2,159 HECKER STREET,10307.0,2.0,0.0,2.0,3710.0,1880.0,1998.0,1,B2,883000,2019-07-22,statenisland,159 HECKER STREET NYC
5,WOODROW,01 ONE FAMILY DWELLINGS,1,7106,127,A5,800 BLOOMINGDALE ROAD,10309.0,1.0,0.0,1.0,2070.0,1200.0,1993.0,1,A5,425000,2019-11-06,statenisland,800 BLOOMINGDALE ROAD NYC
4,JACKSON HEIGHTS,01 ONE FAMILY DWELLINGS,1,1117,26,A1,30-35 68 STREET,11377.0,1.0,0.0,1.0,3848.0,2028.0,1950.0,1,A1,882000,2019-12-19,queens,30-35 68 STREET NYC
4,FLUSHING-NORTH,01 ONE FAMILY DWELLINGS,1,5646,11,A0,50-12 193RD STREET,11365.0,1.0,0.0,1.0,4000.0,1148.0,1945.0,1,A0,840000,2019-09-03,queens,50-12 193RD STREET NYC
5,ARDEN HEIGHTS,01 ONE FAMILY DWELLINGS,1,6021,73,A5,97 CARLYLE GREEN,10312.0,1.0,0.0,1.0,2250.0,1440.0,1980.0,1,A5,529000,2019-10-17,statenisland,97 CARLYLE GREEN NYC
3,EAST NEW YORK,02 TWO FAMILY DWELLINGS,1,3820,44,B1,532 GEORGIA AVENUE,11207.0,2.0,0.0,2.0,2450.0,2040.0,1910.0,1,B1,800000,2019-12-02,brooklyn,532 GEORGIA AVENUE NYC
3,BEDFORD STUYVESANT,02 TWO FAMILY DWELLINGS,1,1824,41,B3,360 TOMPKINS AVENUE,11216.0,2.0,0.0,2.0,1700.0,2400.0,1915.0,1,B3,1100000,2019-03-20,brooklyn,360 TOMPKINS AVENUE NYC
4,ST. ALBANS,01 ONE FAMILY DWELLINGS,1,10388,32,A1,188-11 TIOGA DRIVE,11412.0,1.0,0.0,1.0,4000.0,2112.0,1920.0,1,A1,499000,2019-11-04,queens,188-11 TIOGA DRIVE NYC
4,BELLEROSE,01 ONE FAMILY DWELLINGS,1,8598,8,A2,244-16 84TH ROAD,11426.0,1.0,0.0,1.0,3563.0,1050.0,1945.0,1,A2,510000,2019-04-29,queens,244-16 84TH ROAD NYC
4,ST. ALBANS,01 ONE FAMILY DWELLINGS,1,10282,71,A5,172-20 111TH AVENUE,11433.0,1.0,0.0,1.0,2000.0,1530.0,1930.0,1,A5,515000,2019-07-26,queens,172-20 111TH AVENUE NYC
2,BAYCHESTER,02 TWO FAMILY DWELLINGS,1,4744,58,B1,3346 EASTCHESTER ROAD,10469.0,2.0,0.0,2.0,2354.0,1584.0,1940.0,1,B1,819000,2019-08-29,bronx,3346 EASTCHESTER ROAD NYC
2,WESTCHESTER,03 THREE FAMILY DWELLINGS,1,3985,30,C0,2527A FRISBY AVENUE,10461.0,3.0,0.0,3.0,1947.0,3509.0,2006.0,1,C0,888000,2019-08-21,bronx,2527A FRISBY AVENUE NYC
2,PARKCHESTER,02 TWO FAMILY DWELLINGS,1,3930,30,B1,1946 BENEDICT AVENUE,10462.0,2.0,0.0,2.0,2501.0,3704.0,1901.0,1,B1,810000,2019-12-31,bronx,1946 BENEDICT AVENUE NYC
4,OZONE PARK,02 TWO FAMILY DWELLINGS,1,11368,13,B2,133-35 88TH STREET,11417.0,2.0,0.0,2.0,3106.0,2120.0,1960.0,1,B2,955000,2019-03-12,queens,133-35 88TH STREET NYC
2,WILLIAMSBRIDGE,01 ONE FAMILY DWELLINGS,1,4666,30,A1,731 EAST 218 STREET,10467.0,1.0,0.0,1.0,2856.0,1267.0,1910.0,1,A1,462000,2019-05-15,bronx,731 EAST 218 STREET NYC
4,LAURELTON,01 ONE FAMILY DWELLINGS,1,12938,115,A1,131-79 228TH STREET,11413.0,1.0,0.0,1.0,3200.0,1778.0,1940.0,1,A1,378000,2019-09-26,queens,131-79 228TH STREET NYC
4,RIDGEWOOD,07 RENTALS - WALKUP APARTMENTS,2A,3423,17,C3,1818 DEKALB AVENUE,11385.0,4.0,0.0,4.0,2504.0,2900.0,1930.0,2,C3,1250000,2019-04-08,queens,1818 DEKALB AVENUE NYC
3,BUSHWICK,02 TWO FAMILY DWELLINGS,1,3399,67,B1,309 WEIRFIELD STREET,11237.0,2.0,0.0,2.0,2000.0,2320.0,1910.0,1,B1,940000,2019-09-12,brooklyn,309 WEIRFIELD STREET NYC
3,SUNSET PARK,03 THREE FAMILY DWELLINGS,1,5784,39,C0,678 60TH STREET,11220.0,3.0,0.0,3.0,2000.0,3168.0,1925.0,1,C0,337500,2019-01-15,brooklyn,678 60TH STREET NYC
3,DYKER HEIGHTS,02 TWO FAMILY DWELLINGS,1,6266,35,B3,1172 79TH STREET,11228.0,2.0,0.0,2.0,2333.0,1248.0,1920.0,1,B3,999000,2019-12-16,brooklyn,1172 79TH STREET NYC
4,JACKSON HEIGHTS,03 THREE FAMILY DWELLINGS,1,1484,67,C0,37-43 WARREN STREET,11372.0,3.0,0.0,3.0,2375.0,2412.0,1930.0,1,C0,1100000,2019-07-24,queens,37-43 WARREN STREET NYC
2,BAYCHESTER,03 THREE FAMILY DWELLINGS,1,4941,24,C0,3628 PRATT AVENUE,10466.0,3.0,0.0,3.0,4671.0,2417.0,1986.0,1,C0,580000,2019-07-31,bronx,3628 PRATT AVENUE NYC
4,SO. JAMAICA-BAISLEY PARK,01 ONE FAMILY DWELLINGS,1,11978,12,A1,114-14 148TH STREET,11436.0,1.0,0.0,1.0,2000.0,784.0,1930.0,1,A1,530000,2019-10-23,queens,114-14 148TH STREET NYC
4,EAST ELMHURST,01 ONE FAMILY DWELLINGS,1,1654,33,A1,25-12 CURTIS STREET,11369.0,1.0,0.0,1.0,2500.0,1568.0,1925.0,1,A1,567000,2019-10-25,queens,25-12 CURTIS STREET NYC
4,RICHMOND HILL,01 ONE FAMILY DWELLINGS,1,9599,57,A1,107-49 LEFFERTS BLVD,11419.0,1.0,0.0,1.0,2000.0,1245.0,1925.0,1,A1,463000,2019-01-17,queens,107-49 LEFFERTS BLVD NYC
5,WESTERLEIGH,01 ONE FAMILY DWELLINGS,1,474,137,A2,29 FILLAT STREET,10314.0,1.0,0.0,1.0,4400.0,1144.0,1960.0,1,A2,580000,2019-06-03,statenisland,29 FILLAT STREET NYC
4,FLUSHING-NORTH,01 ONE FAMILY DWELLINGS,1,5209,33,A2,46-39 UNION STREET,11355.0,1.0,0.0,1.0,3500.0,670.0,1925.0,1,A2,919000,2019-09-03,queens,46-39 UNION STREET NYC
5,WEST NEW BRIGHTON,01 ONE FAMILY DWELLINGS,1,208,60,A1,22 WEST STREET,10310.0,1.0,0.0,1.0,2500.0,1995.0,2005.0,1,A1,723339,2019-03-21,statenisland,22 WEST STREET NYC
3,CANARSIE,02 TWO FAMILY DWELLINGS,1,8224,8,B1,9709 AVENUE K,11236.0,2.0,0.0,2.0,2000.0,1100.0,1955.0,1,B1,601900,2019-11-15,brooklyn,9709 AVENUE K NYC
4,SPRINGFIELD GARDENS,01 ONE FAMILY DWELLINGS,1,12270,57,A2,161-39 129TH AVENUE,11434.0,1.0,0.0,1.0,3040.0,1390.0,1945.0,1,A2,645000,2019-08-23,queens,161-39 129TH AVENUE NYC
5,GREAT KILLS,01 ONE FAMILY DWELLINGS,1,4477,54,A5,30 HART LOOP,10306.0,1.0,0.0,1.0,500.0,1150.0,1993.0,1,A5,410000,2019-01-25,statenisland,30 HART LOOP NYC
4,HAMMELS,01 ONE FAMILY DWELLINGS,1,16123,26,A2,334 BEACH 90TH STREET,11693.0,1.0,0.0,1.0,3900.0,1006.0,1945.0,1,A2,572400,2019-12-23,queens,334 BEACH 90TH STREET NYC
3,DYKER HEIGHTS,02 TWO FAMILY DWELLINGS,1,6154,31,B3,1166 BAY RIDGE AVENUE,11219.0,2.0,0.0,2.0,2000.0,1600.0,1945.0,1,B3,980000,2019-04-30,brooklyn,1166 BAY RIDGE AVENUE NYC
2,CASTLE HILL/UNIONPORT,02 TWO FAMILY DWELLINGS,1,3509,128,B3,454 TORRY,10473.0,2.0,0.0,2.0,1949.0,1594.0,1965.0,1,B3,437750,2019-08-14,bronx,454 TORRY NYC
4,EAST ELMHURST,03 THREE FAMILY DWELLINGS,1,1653,33,C0,25-16 ERICSSON STREET,11369.0,3.0,0.0,3.0,4000.0,2859.0,1930.0,1,C0,1250000,2019-06-27,queens,25-16 ERICSSON STREET NYC
4,OZONE PARK,02 TWO FAMILY DWELLINGS,1,11488,34,B3,94-55 133RD AVENUE,11417.0,2.0,0.0,2.0,2633.0,1136.0,1925.0,1,B3,510000,2019-04-23,queens,94-55 133RD AVENUE NYC
5,BULLS HEAD,01 ONE FAMILY DWELLINGS,1,1574,13,A5,151 MERRILL AVENUE,10314.0,1.0,0.0,1.0,2875.0,1248.0,1970.0,1,A5,575000,2019-06-17,statenisland,151 MERRILL AVENUE NYC
4,FLUSHING-NORTH,02 TWO FAMILY DWELLINGS,1,5444,37,B1,45-09 165 STREET,11358.0,2.0,0.0,2.0,2342.0,1512.0,1930.0,1,B1,390000,2019-11-20,queens,45-09 165 STREET NYC
4,SOUTH OZONE PARK,01 ONE FAMILY DWELLINGS,1,11760,78,A5,13529 SUTTER AVENUE,11420.0,1.0,0.0,1.0,1950.0,1020.0,1960.0,1,A5,525000,2019-05-22,queens,13529 SUTTER AVENUE NYC
5,DONGAN HILLS,02 TWO FAMILY DWELLINGS,1,3294,60,B2,57 DELAWARE AVENUE,10304.0,2.0,0.0,2.0,3800.0,3075.0,2016.0,1,B2,979000,2019-11-27,statenisland,57 DELAWARE AVENUE NYC
4,BAYSIDE,01 ONE FAMILY DWELLINGS,1,6223,50,A1,39-07 209TH STREET,11361.0,1.0,0.0,1.0,4000.0,1868.0,1940.0,1,A1,455000,2019-03-14,queens,39-07 209TH STREET NYC
5,BULLS HEAD,02 TWO FAMILY DWELLINGS,1,1576,11,B2,41 NADAL PLACE,10314.0,2.0,0.0,2.0,3675.0,1440.0,1970.0,1,B2,581796,2019-09-17,statenisland,41 NADAL PLACE NYC
4,QUEENS VILLAGE,01 ONE FAMILY DWELLINGS,1,10625,32,A1,92-33 212TH PLACE,11428.0,1.0,0.0,1.0,2500.0,1120.0,1925.0,1,A1,622000,2019-09-25,queens,92-33 212TH PLACE NYC
3,OLD MILL BASIN,01 ONE FAMILY DWELLINGS,1,7881,16,A9,1459 EAST 56TH STREET,11234.0,1.0,0.0,1.0,2150.0,1248.0,1920.0,1,A9,480000,2019-09-24,brooklyn,1459 EAST 56TH STREET NYC
4,CORONA,02 TWO FAMILY DWELLINGS,1,1726,18,B3,33-16 112TH STREET,11368.0,2.0,0.0,2.0,2000.0,1607.0,1910.0,1,B3,930000,2019-04-15,queens,33-16 112TH STREET NYC
4,RIDGEWOOD,03 THREE FAMILY DWELLINGS,1,3369,28,C0,4-88 RICARD STREET,11385.0,3.0,0.0,3.0,3571.0,2480.0,1910.0,1,C0,1236000,2019-07-25,queens,4-88 RICARD STREET NYC
3,BERGEN BEACH,03 THREE FAMILY DWELLINGS,1,8355,35,C0,1201 EAST 68TH STREET,11234.0,3.0,0.0,3.0,3885.0,2920.0,1965.0,1,C0,975000,2019-10-30,brooklyn,1201 EAST 68TH STREET NYC
5,NEW DORP,02 TWO FAMILY DWELLINGS,1,3960,129,B9,147 DARTMOUTH LOOP,10306.0,2.0,0.0,2.0,1750.0,1300.0,2005.0,1,B9,648888,2019-02-08,statenisland,147 DARTMOUTH LOOP NYC
4,SOUTH JAMAICA,01 ONE FAMILY DWELLINGS,1,12147,8,A1,109-31 156TH STREET,11433.0,1.0,0.0,1.0,2500.0,1248.0,1925.0,1,A1,390000,2019-05-31,queens,109-31 156TH STREET NYC
3,BEDFORD STUYVESANT,03 THREE FAMILY DWELLINGS,1,1771,43,C0,176 TOMPKINS AVE,11206.0,3.0,0.0,3.0,2500.0,1980.0,1931.0,1,C0,1650000,2019-01-16,brooklyn,176 TOMPKINS AVE NYC
4,FLUSHING-NORTH,02 TWO FAMILY DWELLINGS,1,6887,30,B2,59-19 FRESH MEADOW LANE,11365.0,2.0,0.0,2.0,4163.0,3590.0,2004.0,1,B2,990000,2019-10-03,queens,59-19 FRESH MEADOW LANE NYC
2,COUNTRY CLUB,01 ONE FAMILY DWELLINGS,1,5344,20,A1,3164 WATERBURY AVENUE,10465.0,1.0,0.0,1.0,1610.0,2214.0,1970.0,1,A1,560000,2019-06-06,bronx,3164 WATERBURY AVENUE NYC
3,EAST NEW YORK,02 TWO FAMILY DWELLINGS,1,3825,7,B1,627 VERMONT STREET,11207.0,2.0,0.0,2.0,2350.0,2147.0,1910.0,1,B1,938324,2019-09-20,brooklyn,627 VERMONT STREET NYC
3,BROWNSVILLE,02 TWO FAMILY DWELLINGS,1,3519,24,B1,505 THOMAS S BOYLAND ST,11212.0,2.0,0.0,2.0,1942.0,2898.0,2001.0,1,B1,755000,2019-03-06,brooklyn,505 THOMAS S BOYLAND ST NYC
3,OLD MILL BASIN,02 TWO FAMILY DWELLINGS,1,8512,144,B1,1844 EAST 52ND STREET,11234.0,2.0,0.0,2.0,2000.0,1748.0,1960.0,1,B1,720000,2019-06-25,brooklyn,1844 EAST 52ND STREET NYC
2,SOUNDVIEW,02 TWO FAMILY DWELLINGS,1,3457,10,B1,210 NEWMAN AVENUE,10473.0,2.0,0.0,2.0,4169.0,2850.0,1965.0,1,B1,470000,2019-09-24,bronx,210 NEWMAN AVENUE NYC
4,FLUSHING-NORTH,01 ONE FAMILY DWELLINGS,1,5239,46,A1,33-20 155TH STREET,11354.0,1.0,0.0,1.0,2525.0,1328.0,1940.0,1,A1,820000,2019-08-29,queens,33-20 155TH STREET NYC
5,PRINCES BAY,02 TWO FAMILY DWELLINGS,1,6681,90,B2,38 MADERA STREET,10309.0,2.0,0.0,2.0,3966.0,4496.0,2018.0,1,B2,941881,2019-07-12,statenisland,38 MADERA STREET NYC
4,WOODSIDE,03 THREE FAMILY DWELLINGS,1,2286,48,C0,47-46 49TH STREET,11377.0,3.0,0.0,3.0,1900.0,2800.0,1975.0,1,C0,600000,2019-03-15,queens,47-46 49TH STREET NYC
4,MASPETH,02 TWO FAMILY DWELLINGS,1,2710,61,B2,61-42 56TH ROAD,11378.0,2.0,0.0,2.0,2500.0,3300.0,1920.0,1,B2,950000,2019-02-28,queens,61-42 56TH ROAD NYC
3,CYPRESS HILLS,02 TWO FAMILY DWELLINGS,1,4132,56,B1,228 AUTUMN AVE,11208.0,2.0,0.0,2.0,2003.0,2080.0,1910.0,1,B1,375000,2019-06-05,brooklyn,228 AUTUMN AVE NYC
4,FAR ROCKAWAY,07 RENTALS - WALKUP APARTMENTS,2A,15670,98,C3,13-67 DICKENS STREET,11691.0,4.0,0.0,4.0,3333.0,3340.0,1931.0,2,C3,1041015,2019-01-24,queens,13-67 DICKENS STREET NYC
3,EAST NEW YORK,01 ONE FAMILY DWELLINGS,1,4154,21,A9,299 LOGAN ST,11208.0,1.0,0.0,1.0,2500.0,1260.0,1910.0,1,A9,400000,2019-10-31,brooklyn,299 LOGAN ST NYC
4,QUEENS VILLAGE,02 TWO FAMILY DWELLINGS,1,10719,44,S2,90-43 SPRINGFIELD BLVD,11428.0,2.0,1.0,3.0,1748.0,2000.0,1923.0,1,S2,680000,2019-05-07,queens,90-43 SPRINGFIELD BLVD NYC
4,RICHMOND HILL,01 ONE FAMILY DWELLINGS,1,9222,20,A1,85-26 115TH STREET,11418.0,1.0,0.0,1.0,2500.0,1560.0,1920.0,1,A1,590000,2019-09-09,queens,85-26 115TH STREET NYC
4,ELMHURST,02 TWO FAMILY DWELLINGS,1,1575,14,B3,41-78 DENMAN STREET,11373.0,2.0,0.0,2.0,2500.0,1682.0,1920.0,1,B3,780000,2019-07-01,queens,41-78 DENMAN STREET NYC
3,EAST NEW YORK,07 RENTALS - WALKUP APARTMENTS,2A,3836,16,C4,553 WILLIAMS AVENUE,11207.0,4.0,0.0,4.0,2500.0,3250.0,1930.0,2,C4,950000,2019-07-31,brooklyn,553 WILLIAMS AVENUE NYC
5,PLEASANT PLAINS,02 TWO FAMILY DWELLINGS,1,7734,61,B2,37 CULOTTA LANE,10309.0,2.0,0.0,2.0,2800.0,1536.0,2000.0,1,B2,682500,2019-07-10,statenisland,37 CULOTTA LANE NYC
4,SOUTH OZONE PARK,02 TWO FAMILY DWELLINGS,1,11716,15,B2,117-55 122ND PLACE,11420.0,2.0,0.0,2.0,3230.0,2967.0,1950.0,1,B2,855000,2019-04-15,queens,117-55 122ND PLACE NYC
4,QUEENS VILLAGE,01 ONE FAMILY DWELLINGS,1,11104,42,A1,103-20 217TH LANE,11429.0,1.0,0.0,1.0,2500.0,821.0,1940.0,1,A1,900000,2019-01-15,queens,103-20 217TH LANE NYC
5,GREAT KILLS,01 ONE FAMILY DWELLINGS,1,5289,40,A5,78 PACIFIC AVENUE,10312.0,1.0,0.0,1.0,2392.0,1100.0,1960.0,1,A5,580000,2019-05-14,statenisland,78 PACIFIC AVENUE NYC
3,FLATBUSH-NORTH,01 ONE FAMILY DWELLINGS,1,4635,43,A5,751 LENOX ROAD,11203.0,1.0,0.0,1.0,1860.0,1536.0,1940.0,1,A5,580000,2019-10-04,brooklyn,751 LENOX ROAD NYC
3,WINDSOR TERRACE,01 ONE FAMILY DWELLINGS,1,1114,97,A5,45 FULLER PLACE,11215.0,1.0,0.0,1.0,1700.0,1452.0,1915.0,1,A5,1900000,2019-08-19,brooklyn,45 FULLER PLACE NYC
3,BAY RIDGE,01 ONE FAMILY DWELLINGS,1,6042,65,A1,129 87TH STREET,11209.0,1.0,0.0,1.0,2217.0,1392.0,1925.0,1,A1,950000,2019-11-26,brooklyn,129 87TH STREET NYC
2,THROGS NECK,01 ONE FAMILY DWELLINGS,1,5599,5,A5,2637 HARDING AVENUE,10465.0,1.0,0.0,1.0,1598.0,1836.0,1955.0,1,A5,569000,2019-08-27,bronx,2637 HARDING AVENUE NYC
4,MIDDLE VILLAGE,02 TWO FAMILY DWELLINGS,1,2979,140,B1,63-14 71ST STREET,11379.0,2.0,0.0,2.0,2060.0,1672.0,1950.0,1,B1,880000,2019-03-18,queens,63-14 71ST STREET NYC
4,RICHMOND HILL,01 ONE FAMILY DWELLINGS,1,9502,51,A1,102-27 134TH STREET,11419.0,1.0,0.0,1.0,2375.0,1962.0,1915.0,1,A1,630000,2019-01-11,queens,102-27 134TH STREET NYC
5,WEST NEW BRIGHTON,02 TWO FAMILY DWELLINGS,1,211,21,B2,221 TAYLOR STREET,10310.0,2.0,0.0,2.0,3163.0,1500.0,1930.0,1,B2,450000,2019-10-31,statenisland,221 TAYLOR STREET NYC
2,BELMONT,01 ONE FAMILY DWELLINGS,1,3055,24,A9,2375 LORILLARD PLACE,10458.0,1.0,0.0,1.0,1989.0,1368.0,1920.0,1,A9,400000,2019-08-26,bronx,2375 LORILLARD PLACE NYC
4,QUEENS VILLAGE,01 ONE FAMILY DWELLINGS,1,10709,22,A1,91-22 218TH PLACE,11428.0,1.0,0.0,1.0,2900.0,1024.0,1930.0,1,A1,542000,2019-04-05,queens,91-22 218TH PLACE NYC
2,SCHUYLERVILLE/PELHAM BAY,01 ONE FAMILY DWELLINGS,1,4241,18,A1,2866 EAST 195 STREET,10461.0,1.0,0.0,1.0,2500.0,1480.0,1920.0,1,A1,430000,2019-08-08,bronx,2866 EAST 195 STREET NYC
3,CANARSIE,01 ONE FAMILY DWELLINGS,1,8323,58,A5,1802 E 93RD ST,11236.0,1.0,0.0,1.0,2162.0,1368.0,1960.0,1,A5,580000,2019-04-25,brooklyn,1802 E 93RD ST NYC
3,BOROUGH PARK,01 ONE FAMILY DWELLINGS,1,5469,29,A5,1962 51ST STREET,11204.0,1.0,0.0,1.0,1603.0,1024.0,1925.0,1,A5,655000,2019-09-16,brooklyn,1962 51ST STREET NYC
3,SHEEPSHEAD BAY,03 THREE FAMILY DWELLINGS,1,7469,48,C0,2671 EAST 24 STREET,11235.0,3.0,0.0,3.0,3045.0,3328.0,1960.0,1,C0,1250000,2019-05-09,brooklyn,2671 EAST 24 STREET NYC
3,CROWN HEIGHTS,02 TWO FAMILY DWELLINGS,1,1420,32,B1,31 FORD STREET,11213.0,2.0,0.0,2.0,1279.0,1944.0,1950.0,1,B1,910000,2019-07-31,brooklyn,31 FORD STREET NYC
5,MIDLAND BEACH,01 ONE FAMILY DWELLINGS,1,3731,36,A9,777 NUGENT AVENUE,10306.0,1.0,0.0,1.0,1900.0,1200.0,1980.0,1,A9,443800,2019-01-08,statenisland,777 NUGENT AVENUE NYC
4,FOREST HILLS,01 ONE FAMILY DWELLINGS,1,3184,27,A5,67-54 INGRAM STREET,11375.0,1.0,0.0,1.0,2000.0,1760.0,1935.0,1,A5,928000,2019-08-09,queens,67-54 INGRAM STREET NYC
4,CORONA,07 RENTALS - WALKUP APARTMENTS,2A,1957,21,C3,58-30 GRANGER STREET,11368.0,4.0,0.0,4.0,2000.0,3702.0,1965.0,2,C3,1360000,2019-03-08,queens,58-30 GRANGER STREET NYC
5,SOUTH BEACH,01 ONE FAMILY DWELLINGS,1,3254,43,A9,293 LAMPORT BOULEVARD,10305.0,1.0,0.0,1.0,2000.0,1196.0,1975.0,1,A9,430000,2019-06-18,statenisland,293 LAMPORT BOULEVARD NYC
4,RICHMOND HILL,02 TWO FAMILY DWELLINGS,1,9429,20,B2,101-30 112TH STREET,11419.0,2.0,0.0,2.0,2500.0,1524.0,1920.0,1,B2,730000,2019-07-31,queens,101-30 112TH STREET NYC
4,SOUTH JAMAICA,01 ONE FAMILY DWELLINGS,1,10239,60,A1,170-07 107TH AVENUE,11433.0,1.0,0.0,1.0,4000.0,1368.0,1930.0,1,A1,685000,2019-10-31,queens,170-07 107TH AVENUE NYC
5,PORT RICHMOND,01 ONE FAMILY DWELLINGS,1,1040,9,A1,51 LEXINGTON AVENUE,10302.0,1.0,0.0,1.0,2500.0,1008.0,1915.0,1,A1,395000,2019-04-16,statenisland,51 LEXINGTON AVENUE NYC
4,FLUSHING-NORTH,01 ONE FAMILY DWELLINGS,1,5608,24,A5,47-32 192ND STREET,11358.0,1.0,0.0,1.0,2500.0,1800.0,1965.0,1,A5,900000,2019-08-07,queens,47-32 192ND STREET NYC
2,BAYCHESTER,01 ONE FAMILY DWELLINGS,1,4781,54,A5,3022 GRACE AVENUE,10469.0,1.0,0.0,1.0,2487.0,1920.0,1955.0,1,A5,305000,2019-11-13,bronx,3022 GRACE AVENUE NYC
2,PELHAM GARDENS,02 TWO FAMILY DWELLINGS,1,4491,31,B2,2464 GUNTHER AVENUE,10469.0,2.0,0.0,2.0,3750.0,2176.0,1999.0,1,B2,888580,2019-03-08,bronx,2464 GUNTHER AVENUE NYC
3,FLATBUSH-EAST,02 TWO FAMILY DWELLINGS,1,4892,17,B1,270 EAST 39TH ST,11203.0,2.0,0.0,2.0,2000.0,2910.0,2005.0,1,B1,615000,2019-01-18,brooklyn,270 EAST 39TH ST NYC
3,BATH BEACH,02 TWO FAMILY DWELLINGS,1,6468,49,B9,1389 SHORE PARKWAY,11214.0,2.0,0.0,2.0,2090.0,1993.0,1945.0,1,B9,865551,2019-02-22,brooklyn,1389 SHORE PARKWAY NYC
5,ANNADALE,01 ONE FAMILY DWELLINGS,1,6237,23,A1,210 VINELAND AVENUE,10312.0,1.0,0.0,1.0,4000.0,2350.0,2005.0,1,A1,895000,2019-03-04,statenisland,210 VINELAND AVENUE NYC
2,WILLIAMSBRIDGE,02 TWO FAMILY DWELLINGS,1,4684,23,B1,927 E 213TH STREET,10469.0,2.0,0.0,2.0,1767.0,2559.0,1920.0,1,B2,582440,2019-08-07,bronx,927 E 213TH STREET NYC
2,SOUNDVIEW,02 TWO FAMILY DWELLINGS,1,3555,45,B1,647 COMMONWEALTH AVENUE,10473.0,2.0,0.0,2.0,2500.0,3620.0,1940.0,1,B1,725000,2019-04-01,bronx,647 COMMONWEALTH AVENUE NYC
4,BAYSIDE,01 ONE FAMILY DWELLINGS,1,7389,1,A1,212-04 50TH AVENUE,11364.0,1.0,0.0,1.0,4000.0,1436.0,1935.0,1,A1,1040000,2019-05-31,queens,212-04 50TH AVENUE NYC
2,BAYCHESTER,02 TWO FAMILY DWELLINGS,1,4751,23,B1,3327 WICKHAM AVENUE,10469.0,2.0,0.0,2.0,1900.0,2620.0,1970.0,1,B1,680000,2019-09-13,bronx,3327 WICKHAM AVENUE NYC
4,ST. ALBANS,02 TWO FAMILY DWELLINGS,1,11062,10,B2,116-28 192 STREET,11412.0,2.0,0.0,2.0,4834.0,1440.0,1955.0,1,B2,821000,2019-04-12,queens,116-28 192 STREET NYC
2,BRONXDALE,02 TWO FAMILY DWELLINGS,1,4638,47,B1,3307 LURTING AVENUE,10469.0,2.0,0.0,2.0,1425.0,1672.0,1950.0,1,B1,462250,2019-02-12,bronx,3307 LURTING AVENUE NYC
3,MARINE PARK,02 TWO FAMILY DWELLINGS,1,8535,35,B1,2117 EAST 35TH STREET,11234.0,2.0,0.0,2.0,1600.0,1592.0,1950.0,1,B1,650000,2019-09-25,brooklyn,2117 EAST 35TH STREET NYC
4,RIDGEWOOD,03 THREE FAMILY DWELLINGS,1,3394,21,C0,18-64 FLUSHING AVENUE,11385.0,3.0,0.0,3.0,1021.0,2610.0,1910.0,1,C0,906243,2019-02-11,queens,18-64 FLUSHING AVENUE NYC
4,REGO PARK,01 ONE FAMILY DWELLINGS,1,3118,51,A1,62-30 DIETERLE CRESCENT,11374.0,1.0,0.0,1.0,4000.0,1426.0,1938.0,1,A1,1280000,2019-01-11,queens,62-30 DIETERLE CRESCENT NYC
5,GREAT KILLS,01 ONE FAMILY DWELLINGS,1,5217,110,A5,34 PLEASANT STREET,10308.0,1.0,0.0,1.0,1670.0,1020.0,1991.0,1,A5,427000,2019-04-02,statenisland,34 PLEASANT STREET NYC
2,THROGS NECK,02 TWO FAMILY DWELLINGS,1,5429,60,B1,817 HOLLYWOOD AVENUE,10465.0,2.0,0.0,2.0,2800.0,1800.0,2017.0,1,B1,704000,2019-11-27,bronx,817 HOLLYWOOD AVENUE NYC
5,GREAT KILLS,01 ONE FAMILY DWELLINGS,1,5030,4,A5,199 BAY TERRACE,10306.0,1.0,0.0,1.0,2500.0,1224.0,1965.0,1,A5,363000,2019-02-14,statenisland,199 BAY TERRACE NYC
5,DONGAN HILLS,01 ONE FAMILY DWELLINGS,1,3328,40,A5,94 SOUTH RAILROAD AVE,10305.0,1.0,0.0,1.0,1760.0,1200.0,1970.0,1,A5,550000,2019-07-11,statenisland,94 SOUTH RAILROAD AVE NYC
4,FLUSHING-NORTH,01 ONE FAMILY DWELLINGS,1,4848,35,A2,154-62 25 DRIVE,11354.0,1.0,0.0,1.0,3800.0,1184.0,1955.0,1,A2,930000,2019-01-03,queens,154-62 25 DRIVE NYC
4,BAYSIDE,02 TWO FAMILY DWELLINGS,1,7418,30,B3,53-52 210TH STREET,11364.0,2.0,0.0,2.0,4000.0,2268.0,1950.0,1,B3,1300000,2019-02-27,queens,53-52 210TH STREET NYC
3,FLATBUSH-CENTRAL,01 ONE FAMILY DWELLINGS,1,6689,57,A1,51 WALDORF COURT,11230.0,1.0,0.0,1.0,4219.0,2487.0,1910.0,1,A1,1550000,2019-06-19,brooklyn,51 WALDORF COURT NYC
3,BEDFORD STUYVESANT,21 OFFICE BUILDINGS,4,1996,6,O7,455 FRANKLIN AVENUE,11238.0,0.0,1.0,1.0,1600.0,1200.0,1930.0,4,O7,1200000,2019-02-21,brooklyn,455 FRANKLIN AVENUE NYC
4,MASPETH,01 ONE FAMILY DWELLINGS,1,2634,26,A5,6066 54 STREET,11378.0,1.0,0.0,1.0,918.0,1377.0,1930.0,1,A5,819000,2019-12-13,queens,6066 54 STREET NYC
3,SHEEPSHEAD BAY,01 ONE FAMILY DWELLINGS,1,7356,50,A5,2163 EAST 23RD STREET,11229.0,1.0,0.0,1.0,1600.0,1962.0,1940.0,1,A5,735000,2019-11-13,brooklyn,2163 EAST 23RD STREET NYC
4,SO. JAMAICA-BAISLEY PARK,01 ONE FAMILY DWELLINGS,1,12109,65,A1,130-32 147TH STREET,11436.0,1.0,0.0,1.0,2450.0,1148.0,1920.0,1,A1,545000,2019-08-09,queens,130-32 147TH STREET NYC
4,OZONE PARK,01 ONE FAMILY DWELLINGS,1,11479,29,A1,103-16 PLATTWOOD AVENUE,11417.0,1.0,0.0,1.0,2220.0,1648.0,1925.0,1,A1,543251,2019-12-18,queens,103-16 PLATTWOOD AVENUE NYC
3,MANHATTAN BEACH,01 ONE FAMILY DWELLINGS,1,8731,77,A1,25 EXETER STREET,11235.0,1.0,0.0,1.0,4000.0,1856.0,1935.0,1,A1,1385000,2019-06-18,brooklyn,25 EXETER STREET NYC
3,BOROUGH PARK,02 TWO FAMILY DWELLINGS,1,5462,42,B3,5010 20TH AVENUE,11204.0,2.0,0.0,2.0,2000.0,1260.0,1920.0,1,B3,690000,2019-02-26,brooklyn,5010 20TH AVENUE NYC
3,CANARSIE,01 ONE FAMILY DWELLINGS,1,8287,65,A5,1350 EAST 104 STREET,11236.0,1.0,0.0,1.0,2600.0,1080.0,1955.0,1,A5,600000,2019-07-10,brooklyn,1350 EAST 104 STREET NYC
3,BOROUGH PARK,01 ONE FAMILY DWELLINGS,1,5536,50,A5,2165 63RD STREET,11204.0,1.0,0.0,1.0,2300.0,1784.0,1925.0,1,A5,980000,2019-06-25,brooklyn,2165 63RD STREET NYC
3,BERGEN BEACH,02 TWO FAMILY DWELLINGS,1,8431,6,B9,7111 AVENUE V,11234.0,2.0,0.0,2.0,4000.0,2500.0,1960.0,1,B9,850000,2019-10-30,brooklyn,7111 AVENUE V NYC
4,OZONE PARK,02 TWO FAMILY DWELLINGS,1,9153,18,B3,105-24 89TH STREET,11417.0,2.0,0.0,2.0,2500.0,1288.0,1925.0,1,B3,550000,2019-01-31,queens,105-24 89TH STREET NYC
4,ELMHURST,03 THREE FAMILY DWELLINGS,1,1496,28,C0,41-40 77TH STREET,11373.0,3.0,0.0,3.0,3200.0,2824.0,1969.0,1,C0,1480000,2019-11-15,queens,41-40 77TH STREET NYC
5,ARDEN HEIGHTS,01 ONE FAMILY DWELLINGS,1,6022,103,A5,74 DAFFODIL COURT,10312.0,1.0,0.0,1.0,1170.0,1339.0,1982.0,1,A5,465000,2019-03-29,statenisland,74 DAFFODIL COURT NYC
5,PRINCES BAY,01 ONE FAMILY DWELLINGS,1,6972,23,A2,277 RAMAPO AVENUE,10309.0,1.0,0.0,1.0,4200.0,1196.0,1970.0,1,A2,625000,2019-07-24,statenisland,277 RAMAPO AVENUE NYC
3,DYKER HEIGHTS,01 ONE FAMILY DWELLINGS,1,5903,30,A5,1058 71ST STREET,11228.0,1.0,0.0,1.0,2000.0,1248.0,1955.0,1,A5,950000,2019-04-24,brooklyn,1058 71ST STREET NYC
5,ELTINGVILLE,01 ONE FAMILY DWELLINGS,1,5708,12,A2,72 RENSSELAER AVENUE,10312.0,1.0,0.0,1.0,4000.0,1248.0,1970.0,1,A2,490000,2019-02-15,statenisland,72 RENSSELAER AVENUE NYC
4,CAMBRIA HEIGHTS,01 ONE FAMILY DWELLINGS,1,11318,29,A5,116-05A 217TH STREET,11411.0,1.0,0.0,1.0,2017.0,1296.0,1950.0,1,A5,525000,2019-07-10,queens,116-05A 217TH STREET NYC
4,CAMBRIA HEIGHTS,01 ONE FAMILY DWELLINGS,1,12794,144,A2,119-49 234TH STREET,11411.0,1.0,0.0,1.0,4000.0,1095.0,1945.0,1,A2,585000,2019-02-27,queens,119-49 234TH STREET NYC
5,GREAT KILLS,02 TWO FAMILY DWELLINGS,1,4575,1,B9,10 REDWOOD AVENUE,10308.0,2.0,0.0,2.0,4452.0,1880.0,1980.0,1,B9,660000,2019-07-30,statenisland,10 REDWOOD AVENUE NYC
2,SOUNDVIEW,03 THREE FAMILY DWELLINGS,1,3764,8,C0,1805 GLEASON AVENUE,10472.0,3.0,0.0,3.0,2500.0,3572.0,1925.0,1,C0,785000,2019-02-08,bronx,1805 GLEASON AVENUE NYC
4,ROSEDALE,02 TWO FAMILY DWELLINGS,1,13509,30,B2,143-33 229TH STREET,11413.0,2.0,0.0,2.0,2868.0,1711.0,2006.0,1,B2,339690,2019-06-06,queens,143-33 229TH STREET NYC
1,WASHINGTON HEIGHTS LOWER,01 ONE FAMILY DWELLINGS,1,2118,67,A9,565 WEST 159TH STREET,10032.0,1.0,0.0,1.0,1499.0,2400.0,1910.0,1,A9,950000,2019-07-11,manhattan,565 WEST 159TH STREET NYC
3,FLATLANDS,01 ONE FAMILY DWELLINGS,1,7828,94,A9,1516 EAST 49TH STREET,11234.0,1.0,0.0,1.0,2000.0,1350.0,1920.0,1,A9,510000,2019-04-15,brooklyn,1516 EAST 49TH STREET NYC
5,NEW DORP,01 ONE FAMILY DWELLINGS,1,3615,44,A1,252 GREELEY AVENUE,10306.0,1.0,0.0,1.0,4240.0,2268.0,1925.0,1,A1,724000,2019-05-31,statenisland,252 GREELEY AVENUE NYC
4,FLUSHING-NORTH,01 ONE FAMILY DWELLINGS,1,5168,48,A1,56-32 142ND STREET,11355.0,1.0,0.0,1.0,4000.0,1990.0,1930.0,1,A1,900000,2019-10-15,queens,56-32 142ND STREET NYC
4,MIDDLE VILLAGE,02 TWO FAMILY DWELLINGS,1,3770,8,S2,73-02 METROPOLITAN AVENUE,11379.0,2.0,1.0,3.0,2100.0,3150.0,1931.0,1,S2,1500000,2019-09-16,queens,73-02 METROPOLITAN AVENUE NYC
4,ELMHURST,02 TWO FAMILY DWELLINGS,1,2864,55,B1,86-19 53RD AVENUE,11373.0,2.0,0.0,2.0,2043.0,2468.0,1945.0,1,B1,1420000,2019-05-06,queens,86-19 53RD AVENUE NYC
2,PELHAM PARKWAY NORTH,03 THREE FAMILY DWELLINGS,1,4480,44,C0,1452 ALLERTON,10469.0,3.0,0.0,3.0,2346.0,3519.0,2006.0,1,C0,900000,2019-07-30,bronx,1452 ALLERTON NYC
4,EAST ELMHURST,01 ONE FAMILY DWELLINGS,1,1650,16,A1,100-19 27TH AVENUE,11369.0,1.0,0.0,1.0,3325.0,1890.0,1960.0,1,A1,669000,2019-02-04,queens,100-19 27TH AVENUE NYC
3,CROWN HEIGHTS,02 TWO FAMILY DWELLINGS,1,1273,71,B9,1015A PRESIDENT STREET,11225.0,2.0,0.0,2.0,3275.0,2480.0,1920.0,1,B9,1525000,2019-09-11,brooklyn,1015A PRESIDENT STREET NYC
3,BEDFORD STUYVESANT,02 TWO FAMILY DWELLINGS,1,1732,1,B9,763 PARK AVENUE,11206.0,2.0,0.0,2.0,3850.0,1982.0,1992.0,1,B9,1200000,2019-02-11,brooklyn,763 PARK AVENUE NYC
4,ROSEDALE,01 ONE FAMILY DWELLINGS,1,13638,21,A1,245-28 147TH DRIVE,11422.0,1.0,0.0,1.0,2518.0,1240.0,1950.0,1,A1,485000,2019-12-19,queens,245-28 147TH DRIVE NYC
3,BEDFORD STUYVESANT,02 TWO FAMILY DWELLINGS,1,1626,119,B1,682 LEXINGTON AVENUE,11221.0,2.0,0.0,2.0,2000.0,2820.0,2002.0,1,B1,975000,2019-06-20,brooklyn,682 LEXINGTON AVENUE NYC
3,BOROUGH PARK,03 THREE FAMILY DWELLINGS,1,5670,74,C0,1321 54TH STREET,11219.0,3.0,0.0,3.0,2003.0,2380.0,1910.0,1,C0,1550000,2019-06-04,brooklyn,1321 54TH STREET NYC
3,FLATBUSH-CENTRAL,01 ONE FAMILY DWELLINGS,1,5136,35,A5,204 VERONICA PLACE,11226.0,1.0,0.0,1.0,2204.0,2120.0,1930.0,1,A5,620000,2019-08-15,brooklyn,204 VERONICA PLACE NYC
5,HUGUENOT,01 ONE FAMILY DWELLINGS,1,6850,38,A2,672 SINCLAIR AVENUE,10312.0,1.0,0.0,1.0,4264.0,1820.0,1965.0,1,A2,580000,2019-05-08,statenisland,672 SINCLAIR AVENUE NYC
2,WILLIAMSBRIDGE,02 TWO FAMILY DWELLINGS,1,4663,45,B1,756 EAST 216 STREET,10467.0,2.0,0.0,2.0,1905.0,2000.0,2005.0,1,B1,325000,2019-05-17,bronx,756 EAST 216 STREET NYC
5,DONGAN HILLS,02 TWO FAMILY DWELLINGS,1,3291,74,B9,95 BURGHER AVENUE,10304.0,2.0,0.0,2.0,2860.0,1450.0,1980.0,1,B9,618000,2019-11-22,statenisland,95 BURGHER AVENUE NYC
4,ROSEDALE,02 TWO FAMILY DWELLINGS,1,13512,42,B2,231-13 EDGEWOOD AVENUE,11413.0,2.0,0.0,2.0,4000.0,2352.0,1995.0,1,B2,800000,2019-03-05,queens,231-13 EDGEWOOD AVENUE NYC
5,WEST NEW BRIGHTON,01 ONE FAMILY DWELLINGS,1,223,105,A1,342 TAYLOR STREET,10310.0,1.0,0.0,1.0,2376.0,2026.0,2005.0,1,A1,560000,2019-11-27,statenisland,342 TAYLOR STREET NYC
3,WILLIAMSBURG-EAST,01 ONE FAMILY DWELLINGS,1,2867,104,A5,161 MASPETH AVENUE,11211.0,1.0,0.0,1.0,1371.0,992.0,1955.0,1,A5,985000,2019-10-02,brooklyn,161 MASPETH AVENUE NYC
4,SO. JAMAICA-BAISLEY PARK,02 TWO FAMILY DWELLINGS,1,11989,26,B2,115-47 145TH STREET,11436.0,2.0,0.0,2.0,4000.0,2100.0,1955.0,1,B2,622000,2019-12-17,queens,115-47 145TH STREET NYC
2,PELHAM PARKWAY NORTH,02 TWO FAMILY DWELLINGS,1,4383,20,B9,1356 ASTOR AVENUE,10469.0,2.0,0.0,2.0,2500.0,2140.0,1960.0,1,B9,735000,2019-11-08,bronx,1356 ASTOR AVENUE NYC
4,SO. JAMAICA-BAISLEY PARK,02 TWO FAMILY DWELLINGS,1,12064,16,B2,126-19 INWOOD STREET,11436.0,2.0,0.0,2.0,2850.0,1824.0,1930.0,1,B2,475000,2019-06-13,queens,126-19 INWOOD STREET NYC
2,KINGSBRIDGE HTS/UNIV HTS,02 TWO FAMILY DWELLINGS,1,3207,18,B2,58 CLINTON PLACE,10453.0,2.0,0.0,2.0,2500.0,1640.0,1901.0,1,B2,425000,2019-05-07,bronx,58 CLINTON PLACE NYC
4,SUNNYSIDE,01 ONE FAMILY DWELLINGS,1,182,55,A5,39-28 44TH STREET,11104.0,1.0,0.0,1.0,1317.0,960.0,1930.0,1,A5,1225000,2019-02-12,queens,39-28 44TH STREET NYC
4,MIDDLE VILLAGE,02 TWO FAMILY DWELLINGS,1,3781,59,B2,79-21 67TH DRIVE,11379.0,2.0,0.0,2.0,2000.0,1900.0,1920.0,1,B2,715000,2019-04-24,queens,79-21 67TH DRIVE NYC
3,EAST NEW YORK,02 TWO FAMILY DWELLINGS,1,4072,19,B2,339 MONTAUK AVENUE,11208.0,2.0,0.0,2.0,2000.0,2328.0,1920.0,1,B2,450000,2019-01-24,brooklyn,339 MONTAUK AVENUE NYC
5,WEST NEW BRIGHTON,01 ONE FAMILY DWELLINGS,1,219,64,A1,448 BROADWAY,10310.0,1.0,0.0,1.0,3121.0,2809.0,2006.0,1,A1,366710,2019-07-10,statenisland,448 BROADWAY NYC
5,CASTLETON CORNERS,01 ONE FAMILY DWELLINGS,1,333,21,A1,67 UTTER AVENUE,10314.0,1.0,0.0,1.0,4000.0,1108.0,1940.0,1,A1,535000,2019-11-18,statenisland,67 UTTER AVENUE NYC
3,FLATBUSH-CENTRAL,01 ONE FAMILY DWELLINGS,1,5225,26,A1,2681 BEDFORD AVENUE,11210.0,1.0,0.0,1.0,4000.0,2205.0,1901.0,1,A1,1300000,2019-09-26,brooklyn,2681 BEDFORD AVENUE NYC
4,HOLLIS,01 ONE FAMILY DWELLINGS,1,10576,34,A1,89-15 210TH PLACE,11427.0,1.0,0.0,1.0,2800.0,1620.0,1930.0,1,A1,430000,2019-05-28,queens,89-15 210TH PLACE NYC
4,FAR ROCKAWAY,01 ONE FAMILY DWELLINGS,1,15602,23,A1,201 BEACH 3RD STREET,11691.0,1.0,0.0,1.0,2000.0,1485.0,1920.0,1,A1,475000,2019-08-30,queens,201 BEACH 3RD STREET NYC
4,SOUTH OZONE PARK,02 TWO FAMILY DWELLINGS,1,11752,56,B2,128-07 SUTTER AVENUE,11420.0,2.0,0.0,2.0,4000.0,2444.0,1960.0,1,B2,969000,2019-08-19,queens,128-07 SUTTER AVENUE NYC
4,FLUSHING-NORTH,01 ONE FAMILY DWELLINGS,1,5577,5,A0,171-04 GLADWIN AVENUE,11365.0,1.0,0.0,1.0,3800.0,1369.0,1939.0,1,A0,835000,2019-07-30,queens,171-04 GLADWIN AVENUE NYC
3,BUSHWICK,02 TWO FAMILY DWELLINGS,1,3432,54,B1,15 COOPER STREET,11207.0,2.0,0.0,2.0,1958.0,2937.0,1910.0,1,B1,950000,2019-05-22,brooklyn,15 COOPER STREET NYC
2,WILLIAMSBRIDGE,02 TWO FAMILY DWELLINGS,1,4874,24,B1,1025 EAST 227 STREET,10466.0,2.0,0.0,2.0,1970.0,1926.0,1950.0,1,B1,622125,2019-10-31,bronx,1025 EAST 227 STREET NYC
5,GREAT KILLS-BAY TERRACE,01 ONE FAMILY DWELLINGS,1,4698,69,A5,1999 NORTH RAILROAD AVE,10306.0,1.0,0.0,1.0,2600.0,1248.0,1965.0,1,A5,620000,2019-07-08,statenisland,1999 NORTH RAILROAD AVE NYC
3,EAST NEW YORK,01 ONE FAMILY DWELLINGS,1,4059,110,A5,565 HENDRIX STREET,11207.0,1.0,0.0,1.0,1800.0,1116.0,1989.0,1,A5,360000,2019-11-12,brooklyn,565 HENDRIX STREET NYC
3,MIDWOOD,01 ONE FAMILY DWELLINGS,1,6726,80,A5,1125 EAST 15TH STREET,11230.0,1.0,0.0,1.0,1269.0,1352.0,1901.0,1,A5,740000,2019-09-03,brooklyn,1125 EAST 15TH STREET NYC
4,ST. ALBANS,01 ONE FAMILY DWELLINGS,1,10394,17,A5,189-10 114TH ROAD,11412.0,1.0,0.0,1.0,1800.0,1296.0,1950.0,1,A5,492000,2019-10-02,queens,189-10 114TH ROAD NYC
2,KINGSBRIDGE HTS/UNIV HTS,03 THREE FAMILY DWELLINGS,1,3217,52,C0,2199 DR. MARTIN LUTHER KING JR BLVD,10453.0,3.0,0.0,3.0,4625.0,2170.0,1930.0,1,C0,610000,2019-02-21,bronx,2199 DR. MARTIN LUTHER KING JR BLVD NYC
5,ANNADALE,02 TWO FAMILY DWELLINGS,1,6249,48,B2,72 TENAFLY PLACE,10312.0,2.0,0.0,2.0,3512.0,2423.0,2018.0,1,B2,901151,2019-06-25,statenisland,72 TENAFLY PLACE NYC
4,CORONA,07 RENTALS - WALKUP APARTMENTS,2A,1776,136,C3,39-18 108TH STREET,11368.0,4.0,0.0,4.0,2083.0,3840.0,2004.0,2,C3,1515000,2019-08-05,queens,39-18 108TH STREET NYC
4,RICHMOND HILL,01 ONE FAMILY DWELLINGS,1,9206,48,A1,109-54 PARK LANE SOUTH,11418.0,1.0,0.0,1.0,4000.0,2230.0,1950.0,1,A1,920000,2019-02-28,queens,109-54 PARK LANE SOUTH NYC
5,ARDEN HEIGHTS,01 ONE FAMILY DWELLINGS,1,6021,21,A5,29 CARLYLE GREEN,10312.0,1.0,0.0,1.0,1267.0,1400.0,1987.0,1,A5,440000,2019-03-11,statenisland,29 CARLYLE GREEN NYC
4,FLUSHING-SOUTH,01 ONE FAMILY DWELLINGS,1,6823,21,A1,158-44 75TH AVENUE,11366.0,1.0,0.0,1.0,2400.0,1552.0,1930.0,1,A1,605000,2019-03-13,queens,158-44 75TH AVENUE NYC
5,TOMPKINSVILLE,02 TWO FAMILY DWELLINGS,1,579,30,S2,352 VICTORY BOULEVARD,10301.0,2.0,1.0,3.0,3000.0,2600.0,1920.0,1,S2,650000,2019-09-12,statenisland,352 VICTORY BOULEVARD NYC
5,PORT RICHMOND,01 ONE FAMILY DWELLINGS,1,1065,45,A5,26 RUMPLER COURT,10302.0,1.0,0.0,1.0,1776.0,1750.0,2005.0,1,A5,354900,2019-07-10,statenisland,26 RUMPLER COURT NYC
4,SOUTH JAMAICA,03 THREE FAMILY DWELLINGS,1,10062,13,C0,105-15 148TH STREET,11435.0,3.0,0.0,3.0,2500.0,1920.0,1915.0,1,C0,720000,2019-05-23,queens,105-15 148TH STREET NYC
3,BOROUGH PARK,02 TWO FAMILY DWELLINGS,1,5369,73,B1,339 DAHILL ROAD,11218.0,2.0,0.0,2.0,2000.0,2184.0,1925.0,1,B1,1125000,2019-06-17,brooklyn,339 DAHILL ROAD NYC
4,ARVERNE,01 ONE FAMILY DWELLINGS,1,16047,42,A1,6924 ALMEDA AVENUE,11692.0,1.0,0.0,1.0,2000.0,2176.0,1920.0,1,A1,385220,2019-08-01,queens,6924 ALMEDA AVENUE NYC
3,OLD MILL BASIN,02 TWO FAMILY DWELLINGS,1,8399,100,B9,2051 PEARSON STREET,11234.0,2.0,0.0,2.0,2150.0,3682.0,1970.0,1,B9,1185000,2019-06-07,brooklyn,2051 PEARSON STREET NYC
3,BROWNSVILLE,02 TWO FAMILY DWELLINGS,1,3555,10,B3,2049 STRAUSS STREET,11212.0,2.0,0.0,2.0,2000.0,1695.0,1930.0,1,B3,840000,2019-05-28,brooklyn,2049 STRAUSS STREET NYC
4,ELMHURST,01 ONE FAMILY DWELLINGS,1,1530,10,A1,76-10 45TH AVENUE,11373.0,1.0,0.0,1.0,2458.0,1780.0,1920.0,1,A1,860000,2019-04-11,queens,76-10 45TH AVENUE NYC
5,MIDLAND BEACH,02 TWO FAMILY DWELLINGS,1,3712,31,B2,520 NAUGHTON AVE,10305.0,2.0,0.0,2.0,3000.0,1600.0,1975.0,1,B2,595000,2019-08-21,statenisland,520 NAUGHTON AVE NYC
4,JAMAICA,02 TWO FAMILY DWELLINGS,1,10212,2,S2,170-10 JAMAICA AVENUE,11432.0,2.0,1.0,3.0,2000.0,2400.0,1931.0,1,S2,1200000,2019-11-07,queens,170-10 JAMAICA AVENUE NYC
4,ST. ALBANS,01 ONE FAMILY DWELLINGS,1,10407,12,A1,186-16 MANGIN AVENUE,11412.0,1.0,0.0,1.0,2790.0,1720.0,1925.0,1,A1,635000,2019-12-18,queens,186-16 MANGIN AVENUE NYC
4,LONG ISLAND CITY,02 TWO FAMILY DWELLINGS,1,341,119,B1,35-11 29TH STREET,11106.0,2.0,0.0,2.0,1665.0,1634.0,1901.0,1,B1,1155000,2019-04-15,queens,35-11 29TH STREET NYC
4,RIDGEWOOD,02 TWO FAMILY DWELLINGS,1,3475,27,B1,58-21 70TH AVENUE,11385.0,2.0,0.0,2.0,2017.0,2280.0,1901.0,1,B1,1250000,2019-08-14,queens,58-21 70TH AVENUE NYC
4,MIDDLE VILLAGE,01 ONE FAMILY DWELLINGS,1,3022,17,A5,64-61 84TH STREET,11379.0,1.0,0.0,1.0,1942.0,1266.0,1935.0,1,A5,830000,2019-12-04,queens,64-61 84TH STREET NYC
5,WESTERLEIGH,01 ONE FAMILY DWELLINGS,1,1473,29,A2,262 CRYSTAL AVENUE,10302.0,1.0,0.0,1.0,4320.0,1160.0,1945.0,1,A2,595000,2019-10-22,statenisland,262 CRYSTAL AVENUE NYC
4,BAYSIDE,01 ONE FAMILY DWELLINGS,1,7443,17,A1,56-30 215TH STREET,11364.0,1.0,0.0,1.0,3960.0,1296.0,1940.0,1,A1,878000,2019-02-26,queens,56-30 215TH STREET NYC
5,NEW BRIGHTON,02 TWO FAMILY DWELLINGS,1,119,3,B2,11 PORTLAND PLACE,10301.0,2.0,0.0,2.0,4480.0,1500.0,1920.0,1,B2,465000,2019-09-24,statenisland,11 PORTLAND PLACE NYC
4,ST. ALBANS,01 ONE FAMILY DWELLINGS,1,11071,25,A2,11611 199TH ST,11412.0,1.0,0.0,1.0,3325.0,1246.0,1940.0,1,A2,606000,2019-09-11,queens,11611 199TH ST NYC
4,HOLLIS,01 ONE FAMILY DWELLINGS,1,10551,22,A1,9307 210 STREET,11428.0,1.0,0.0,1.0,2800.0,1800.0,1940.0,1,A1,600000,2019-05-17,queens,9307 210 STREET NYC
2,SOUNDVIEW,01 ONE FAMILY DWELLINGS,1,3594,55,A5,723 ROSEDALE AVENUE,10473.0,1.0,0.0,1.0,2500.0,1776.0,1920.0,1,A5,475000,2019-05-10,bronx,723 ROSEDALE AVENUE NYC
3,FLATBUSH-CENTRAL,02 TWO FAMILY DWELLINGS,1,5167,56,B9,259 EAST 23RD STREET,11226.0,2.0,0.0,2.0,2000.0,2000.0,1910.0,1,B9,910000,2019-04-26,brooklyn,259 EAST 23RD STREET NYC
4,SO. JAMAICA-BAISLEY PARK,01 ONE FAMILY DWELLINGS,1,12116,38,A2,149-16 133RD AVENUE,11436.0,1.0,0.0,1.0,3610.0,1434.0,1960.0,1,A2,550000,2019-07-23,queens,149-16 133RD AVENUE NYC
5,GREAT KILLS,02 TWO FAMILY DWELLINGS,1,5263,53,B2,290 ARMSTRONG AVENUE,10308.0,2.0,0.0,2.0,3600.0,1672.0,1960.0,1,B2,725000,2019-03-25,statenisland,290 ARMSTRONG AVENUE NYC
4,CAMBRIA HEIGHTS,01 ONE FAMILY DWELLINGS,1,12789,90,A2,119-45 229TH STREET,11411.0,1.0,0.0,1.0,3800.0,1010.0,1945.0,1,A2,410000,2019-07-09,queens,119-45 229TH STREET NYC
4,RICHMOND HILL,02 TWO FAMILY DWELLINGS,1,9288,59,B2,102-30 87TH AVENUE,11418.0,2.0,0.0,2.0,2500.0,1930.0,1920.0,1,B2,885000,2019-03-22,queens,102-30 87TH AVENUE NYC
3,KENSINGTON,01 ONE FAMILY DWELLINGS,1,5325,47,A1,205 ALBEMARLE ROAD,11218.0,1.0,0.0,1.0,3150.0,1918.0,1925.0,1,A1,1692500,2019-06-21,brooklyn,205 ALBEMARLE ROAD NYC
4,OZONE PARK,01 ONE FAMILY DWELLINGS,1,8999,31,A9,95-32 75TH STREET,11416.0,1.0,0.0,1.0,2034.0,1176.0,1920.0,1,A9,420000,2019-12-19,queens,95-32 75TH STREET NYC
3,FLATBUSH-EAST,02 TWO FAMILY DWELLINGS,1,7975,63,B1,708 EAST 58TH STREET,11234.0,2.0,0.0,2.0,2633.0,2376.0,1960.0,1,B1,790000,2019-09-25,brooklyn,708 EAST 58TH STREET NYC
3,OLD MILL BASIN,01 ONE FAMILY DWELLINGS,1,7883,61,A9,1338 E. 59TH STREET,11234.0,1.0,0.0,1.0,2000.0,1308.0,1920.0,1,A9,440000,2019-03-08,brooklyn,1338 E. 59TH STREET NYC
5,DONGAN HILLS-COLONY,01 ONE FAMILY DWELLINGS,1,858,55,A1,77 RIDGE AVENUE,10304.0,1.0,0.0,1.0,4484.0,1440.0,1975.0,1,A1,720000,2019-08-02,statenisland,77 RIDGE AVENUE NYC
3,FLATLANDS,01 ONE FAMILY DWELLINGS,1,7873,72,A1,1682 EAST 49TH STREET,11234.0,1.0,0.0,1.0,2000.0,1648.0,1920.0,1,A1,749000,2019-08-06,brooklyn,1682 EAST 49TH STREET NYC
2,HIGHBRIDGE/MORRIS HEIGHTS,02 TWO FAMILY DWELLINGS,1,2878,26,B1,1642 MONTGOMERY AVE,10453.0,2.0,0.0,2.0,2800.0,4140.0,1920.0,1,B1,735000,2019-09-27,bronx,1642 MONTGOMERY AVE NYC
4,ASTORIA,01 ONE FAMILY DWELLINGS,1,786,149,A5,20-30 45TH STREET,11105.0,1.0,0.0,1.0,2000.0,1440.0,1940.0,1,A5,665000,2019-03-27,queens,20-30 45TH STREET NYC
5,WOODROW,01 ONE FAMILY DWELLINGS,1,6970,56,A5,1010 STAFFORD AVENUE,10309.0,1.0,0.0,1.0,2851.0,1710.0,2018.0,1,A5,763688,2019-11-26,statenisland,1010 STAFFORD AVENUE NYC
3,BEDFORD STUYVESANT,30 WAREHOUSES,4,1925,56,E1,978 KENT AVE,11205.0,0.0,1.0,1.0,2433.0,2440.0,1975.0,4,E1,1750000,2019-05-07,brooklyn,978 KENT AVE NYC
2,WILLIAMSBRIDGE,01 ONE FAMILY DWELLINGS,1,4874,52,A1,1020 EAST 228 STREET,10466.0,1.0,0.0,1.0,2735.0,1184.0,1925.0,1,A1,400000,2019-05-14,bronx,1020 EAST 228 STREET NYC
2,MORRIS PARK/VAN NEST,02 TWO FAMILY DWELLINGS,1,4113,38,S2,1600 HERING AVENUE,10461.0,2.0,1.0,3.0,2500.0,2646.0,1929.0,1,S2,720000,2019-05-15,bronx,1600 HERING AVENUE NYC
3,BAY RIDGE,02 TWO FAMILY DWELLINGS,1,5920,25,B1,554 73RD STREET,11209.0,2.0,0.0,2.0,1927.0,2400.0,1910.0,1,B1,995000,2019-02-11,brooklyn,554 73RD STREET NYC
4,FLUSHING-NORTH,01 ONE FAMILY DWELLINGS,1,5759,36,A0,163-54 23 AVENUE,11357.0,1.0,0.0,1.0,3645.0,1638.0,1955.0,1,A0,840000,2019-12-05,queens,163-54 23 AVENUE NYC
2,THROGS NECK,02 TWO FAMILY DWELLINGS,1,5426,10,B1,920 HOLLYWOOD AVENUE,10465.0,2.0,0.0,2.0,2500.0,2040.0,2004.0,1,B1,923000,2019-08-20,bronx,920 HOLLYWOOD AVENUE NYC
4,GLENDALE,03 THREE FAMILY DWELLINGS,1,3830,56,C0,78-38 80TH STREET,11385.0,3.0,0.0,3.0,3227.0,2265.0,1901.0,1,C0,980000,2019-04-23,queens,78-38 80TH STREET NYC
4,GLENDALE,02 TWO FAMILY DWELLINGS,1,3704,27,B1,6913 COOPER AVENUE,11385.0,2.0,0.0,2.0,2595.0,2136.0,1910.0,1,B1,500000,2019-08-19,queens,6913 COOPER AVENUE NYC
3,CYPRESS HILLS,03 THREE FAMILY DWELLINGS,1,3910,49,C0,127 RIDGEWOOD AVENUE,11208.0,3.0,0.0,3.0,2400.0,2400.0,1931.0,1,C0,830000,2019-03-21,brooklyn,127 RIDGEWOOD AVENUE NYC
4,SOUTH JAMAICA,01 ONE FAMILY DWELLINGS,1,11961,23,A5,111-41 145TH STREET,11435.0,1.0,0.0,1.0,1800.0,754.0,1930.0,1,A5,373000,2019-12-02,queens,111-41 145TH STREET NYC
3,FLATBUSH-EAST,01 ONE FAMILY DWELLINGS,1,4782,65,A9,1401 SCHENECTADY AVE,11203.0,1.0,0.0,1.0,3000.0,1074.0,1920.0,1,A9,550000,2019-07-12,brooklyn,1401 SCHENECTADY AVE NYC
3,GRAVESEND,01 ONE FAMILY DWELLINGS,1,6646,35,A5,1770 WEST 10TH STREET,11223.0,1.0,0.0,1.0,1800.0,1404.0,1915.0,1,A5,830000,2019-09-27,brooklyn,1770 WEST 10TH STREET NYC
5,MARINERS HARBOR,02 TWO FAMILY DWELLINGS,1,1179,6,B3,19 WESTBROOK AVENUE,10303.0,2.0,0.0,2.0,2500.0,1340.0,1925.0,1,B3,475000,2019-05-06,statenisland,19 WESTBROOK AVENUE NYC
4,HOWARD BEACH,02 TWO FAMILY DWELLINGS,1,14177,5,B2,97-10 159TH AVENUE,11414.0,2.0,0.0,2.0,3000.0,2244.0,1960.0,1,B2,890500,2019-11-22,queens,97-10 159TH AVENUE NYC
3,EAST NEW YORK,03 THREE FAMILY DWELLINGS,1,4184,15,C0,459 ELDERT LANE,11208.0,3.0,0.0,3.0,3906.0,3192.0,1910.0,1,C0,800000,2019-05-09,brooklyn,459 ELDERT LANE NYC
3,DYKER HEIGHTS,03 THREE FAMILY DWELLINGS,1,6222,10,C0,1310 BAY RIDGE PARKWAY,11228.0,3.0,0.0,3.0,2000.0,2322.0,1920.0,1,C0,1338000,2019-05-09,brooklyn,1310 BAY RIDGE PARKWAY NYC
4,SOUTH JAMAICA,02 TWO FAMILY DWELLINGS,1,10161,25,B1,104-42 164TH STREET,11433.0,2.0,0.0,2.0,2000.0,2700.0,2017.0,1,B1,824000,2019-08-08,queens,104-42 164TH STREET NYC
4,SO. JAMAICA-BAISLEY PARK,01 ONE FAMILY DWELLINGS,1,11991,47,A1,115-13 146TH STREET,11436.0,1.0,0.0,1.0,2000.0,882.0,1930.0,1,A1,440000,2019-07-03,queens,115-13 146TH STREET NYC
3,FLATBUSH-LEFFERTS GARDEN,02 TWO FAMILY DWELLINGS,1,5036,78,B1,233 RUTLAND ROAD,11225.0,2.0,0.0,2.0,2000.0,2328.0,1901.0,1,B1,1750000,2019-07-29,brooklyn,233 RUTLAND ROAD NYC
2,WESTCHESTER,01 ONE FAMILY DWELLINGS,1,4078,28,A1,2530 POPLAR STREET,10461.0,1.0,0.0,1.0,2846.0,1732.0,1920.0,1,A1,428665,2019-02-04,bronx,2530 POPLAR STREET NYC
4,RICHMOND HILL,01 ONE FAMILY DWELLINGS,1,9597,34,A1,107-60 118 STREET,11419.0,1.0,0.0,1.0,1953.0,1280.0,1925.0,1,A1,512000,2019-09-10,queens,107-60 118 STREET NYC
4,ROSEDALE,02 TWO FAMILY DWELLINGS,1,13732,53,B3,235-40 148TH AVENUE,11422.0,2.0,0.0,2.0,4250.0,2496.0,1965.0,1,B3,780000,2019-09-27,queens,235-40 148TH AVENUE NYC
4,SOUTH JAMAICA,02 TWO FAMILY DWELLINGS,1,10193,28,B3,110-44 166TH STREET,11433.0,2.0,0.0,2.0,2800.0,1404.0,1935.0,1,B3,486720,2019-12-27,queens,110-44 166TH STREET NYC
3,FLATBUSH-EAST,01 ONE FAMILY DWELLINGS,1,4919,42,A9,449 EAST 34TH STREET,11203.0,1.0,0.0,1.0,1123.0,1328.0,1910.0,1,A9,416500,2019-09-10,brooklyn,449 EAST 34TH STREET NYC
5,WEST NEW BRIGHTON,03 THREE FAMILY DWELLINGS,1,175,7,B3,698 HENDERSON AVENUE,10310.0,2.0,0.0,2.0,3205.0,3204.0,1920.0,1,C0,425000,2019-06-19,statenisland,698 HENDERSON AVENUE NYC
4,SO. JAMAICA-BAISLEY PARK,02 TWO FAMILY DWELLINGS,1,12086,79,B1,133-23 140TH STREET,11436.0,2.0,0.0,2.0,4164.0,2488.0,1993.0,1,B1,825000,2019-08-12,queens,133-23 140TH STREET NYC
3,PROSPECT HEIGHTS,03 THREE FAMILY DWELLINGS,1,1152,74,C0,"279 PROSPECT PLACE, 1",11238.0,3.0,0.0,3.0,2172.0,3132.0,1910.0,1,C0,815000,2019-09-13,brooklyn,"279 PROSPECT PLACE, 1 NYC"
3,CANARSIE,01 ONE FAMILY DWELLINGS,1,8218,70,A5,1328 EAST 92ND STREET,11236.0,1.0,0.0,1.0,2678.0,1296.0,1965.0,1,A5,456300,2019-01-16,brooklyn,1328 EAST 92ND STREET NYC
5,WOODROW,02 TWO FAMILY DWELLINGS,1,7022,59,B2,31 BROOKSIDE LOOP,10309.0,2.0,0.0,2.0,4154.0,2600.0,2011.0,1,B2,965000,2019-07-12,statenisland,31 BROOKSIDE LOOP NYC
4,COLLEGE POINT,01 ONE FAMILY DWELLINGS,1,3965,30,A2,123-15 9 AVENUE,11356.0,1.0,0.0,1.0,2500.0,774.0,1930.0,1,A2,570000,2019-05-07,queens,123-15 9 AVENUE NYC
4,ELMHURST,02 TWO FAMILY DWELLINGS,1,1309,7,B2,41-49 69TH STREET,11377.0,2.0,0.0,2.0,3400.0,2474.0,1925.0,1,B2,1200000,2019-08-01,queens,41-49 69TH STREET NYC
4,CAMBRIA HEIGHTS,01 ONE FAMILY DWELLINGS,1,11298,40,A1,216-10 115TH ROAD,11411.0,1.0,0.0,1.0,2500.0,1224.0,1925.0,1,A1,520000,2019-04-05,queens,216-10 115TH ROAD NYC
4,HOWARD BEACH,01 ONE FAMILY DWELLINGS,1,14025,17,A1,160-24 88TH STREET,11414.0,1.0,0.0,1.0,4000.0,2096.0,1965.0,1,A1,829000,2019-01-18,queens,160-24 88TH STREET NYC
2,SOUNDVIEW,03 THREE FAMILY DWELLINGS,1,3773,59,C0,1237 BOYNTON AVENUE,10472.0,3.0,0.0,3.0,2442.0,2400.0,1930.0,1,C0,760000,2019-05-20,bronx,1237 BOYNTON AVENUE NYC
4,CAMBRIA HEIGHTS,01 ONE FAMILY DWELLINGS,1,11294,35,A2,115-01 230TH STREET,11411.0,1.0,0.0,1.0,4400.0,1220.0,1945.0,1,A2,640000,2019-06-19,queens,115-01 230TH STREET NYC
4,SO. JAMAICA-BAISLEY PARK,02 TWO FAMILY DWELLINGS,1,12067,67,B2,129-22 144TH STREET,11436.0,2.0,0.0,2.0,2610.0,1920.0,1960.0,1,B2,624277,2019-08-26,queens,129-22 144TH STREET NYC
3,CYPRESS HILLS,02 TWO FAMILY DWELLINGS,1,4117,42,B1,50 PINE STREET,11208.0,2.0,0.0,2.0,2000.0,2048.0,1901.0,1,B1,616000,2019-11-12,brooklyn,50 PINE STREET NYC
3,OCEAN PARKWAY-NORTH,01 ONE FAMILY DWELLINGS,1,6565,80,A9,1389 EAST 2ND STREET,11230.0,1.0,0.0,1.0,1488.0,1206.0,1915.0,1,A9,810623,2019-05-16,brooklyn,1389 EAST 2ND STREET NYC
4,FLUSHING-SOUTH,01 ONE FAMILY DWELLINGS,1,6921,32,A3,67-05 167TH STREET,11365.0,1.0,0.0,1.0,4000.0,2360.0,1970.0,1,A3,1020000,2019-10-18,queens,67-05 167TH STREET NYC
4,OZONE PARK,02 TWO FAMILY DWELLINGS,1,11372,52,B1,90-51 PITKIN AVENUE,11417.0,2.0,0.0,2.0,2025.0,2400.0,2004.0,1,B1,512500,2019-04-12,queens,90-51 PITKIN AVENUE NYC
3,BEDFORD STUYVESANT,21 OFFICE BUILDINGS,4,1676,44,O8,306 MALCOLM X BOULEVARD,11233.0,1.0,2.0,3.0,1376.0,3520.0,1927.0,4,O8,1100000,2019-07-31,brooklyn,306 MALCOLM X BOULEVARD NYC
3,OCEAN PARKWAY-NORTH,03 THREE FAMILY DWELLINGS,1,5393,69,C0,463 EAST 9 STREET,11218.0,3.0,0.0,3.0,2480.0,4158.0,1960.0,1,C0,1210000,2019-04-02,brooklyn,463 EAST 9 STREET NYC
3,EAST NEW YORK,02 TWO FAMILY DWELLINGS,1,4316,60,B2,705 ESSEX STREET,11208.0,2.0,0.0,2.0,2500.0,1638.0,1925.0,1,B2,695000,2019-05-16,brooklyn,705 ESSEX STREET NYC
2,WAKEFIELD,01 ONE FAMILY DWELLINGS,1,5047,40,A5,4381 BYRON AVENUE,10466.0,1.0,0.0,1.0,1754.0,1485.0,1950.0,1,A5,335000,2019-01-07,bronx,4381 BYRON AVENUE NYC
3,BOROUGH PARK,02 TWO FAMILY DWELLINGS,1,5479,4,B2,5311 17TH AVENUE,11204.0,2.0,0.0,2.0,2310.0,1148.0,1925.0,1,B2,1650000,2019-06-13,brooklyn,5311 17TH AVENUE NYC
4,WOODHAVEN,01 ONE FAMILY DWELLINGS,1,8862,127,A1,85-31 87TH STREET,11421.0,1.0,0.0,1.0,4033.0,2088.0,1920.0,1,A1,780750,2019-06-21,queens,85-31 87TH STREET NYC
2,SOUNDVIEW,07 RENTALS - WALKUP APARTMENTS,2A,3526,50,C3,563 BOLTON AVENUE,10473.0,4.0,0.0,4.0,2112.0,2800.0,1970.0,2,C3,700000,2019-01-28,bronx,563 BOLTON AVENUE NYC
3,BUSHWICK,02 TWO FAMILY DWELLINGS,1,3385,21,B1,326 CORNELIA STREET,11237.0,2.0,0.0,2.0,2000.0,3180.0,1901.0,1,B1,1700000,2019-04-11,brooklyn,326 CORNELIA STREET NYC
3,BUSHWICK,03 THREE FAMILY DWELLINGS,1,3229,37,C0,17 DODWORTH STREET,11221.0,3.0,0.0,3.0,2955.0,2688.0,1901.0,1,C0,1000000,2019-04-08,brooklyn,17 DODWORTH STREET NYC
4,MASPETH,01 ONE FAMILY DWELLINGS,1,2702,145,A1,60-09 56TH AVENUE,11378.0,1.0,0.0,1.0,2500.0,1200.0,1940.0,1,A1,710000,2019-03-06,queens,60-09 56TH AVENUE NYC
2,THROGS NECK,02 TWO FAMILY DWELLINGS,1,5536,12,B3,1051 BRINSMADE AVENUE,10465.0,2.0,0.0,2.0,2600.0,1944.0,1955.0,1,B3,585000,2019-08-28,bronx,1051 BRINSMADE AVENUE NYC
4,SOUTH OZONE PARK,01 ONE FAMILY DWELLINGS,1,11747,23,A1,117-45 125TH STREET,11420.0,1.0,0.0,1.0,2000.0,975.0,1930.0,1,A1,376000,2019-03-07,queens,117-45 125TH STREET NYC
5,ARDEN HEIGHTS,01 ONE FAMILY DWELLINGS,1,5742,86,A5,148 JAMIE LANE,10312.0,1.0,0.0,1.0,560.0,1510.0,1999.0,1,A5,425000,2019-08-01,statenisland,148 JAMIE LANE NYC
3,CANARSIE,02 TWO FAMILY DWELLINGS,1,8209,47,B1,920 E. 102ND ST.,11236.0,2.0,0.0,2.0,2000.0,1560.0,1960.0,1,B1,366000,2019-12-19,brooklyn,920 E. 102ND ST. NYC
3,BUSHWICK,02 TWO FAMILY DWELLINGS,1,3150,15,B2,22 ARION PLACE,11206.0,2.0,0.0,2.0,1805.0,1680.0,1915.0,1,B2,999000,2019-02-14,brooklyn,22 ARION PLACE NYC
4,OZONE PARK,01 ONE FAMILY DWELLINGS,1,11487,48,A5,94-19 PLATTWOOD AVENUE,11417.0,1.0,0.0,1.0,2542.0,1894.0,1925.0,1,A5,400000,2019-03-08,queens,94-19 PLATTWOOD AVENUE NYC
4,AIRPORT LA GUARDIA,02 TWO FAMILY DWELLINGS,1,949,60,B1,19-61 80TH STREET,11370.0,2.0,0.0,2.0,2000.0,2400.0,1945.0,1,B1,990000,2019-05-01,queens,19-61 80TH STREET NYC
4,OZONE PARK,02 TWO FAMILY DWELLINGS,1,9085,34,B9,84-09 102 ROAD,11416.0,2.0,0.0,2.0,2652.0,1740.0,1920.0,1,B9,700000,2019-07-23,queens,84-09 102 ROAD NYC
4,FAR ROCKAWAY,02 TWO FAMILY DWELLINGS,1,15817,79,B9,169 BEACH 25 ST,11691.0,2.0,0.0,2.0,2450.0,525.0,1910.0,1,B9,385000,2019-10-23,queens,169 BEACH 25 ST NYC
2,BAYCHESTER,02 TWO FAMILY DWELLINGS,1,4711,95,B2,1325 HICKS STREET,10469.0,2.0,0.0,2.0,2375.0,2397.0,2017.0,1,B2,659263,2019-02-13,bronx,1325 HICKS STREET NYC
3,MANHATTAN BEACH,02 TWO FAMILY DWELLINGS,1,8754,60,B3,184 LANGHAM STREET,11235.0,2.0,0.0,2.0,2500.0,2160.0,1940.0,1,B3,735000,2019-05-31,brooklyn,184 LANGHAM STREET NYC
4,SOUTH OZONE PARK,01 ONE FAMILY DWELLINGS,1,11636,24,A1,111-34 133RD STREET,11420.0,1.0,0.0,1.0,2650.0,1380.0,1925.0,1,A1,460000,2019-01-04,queens,111-34 133RD STREET NYC
5,BULLS HEAD,02 TWO FAMILY DWELLINGS,1,2153,131,B9,18 CARNEGIE AVENUE,10314.0,2.0,0.0,2.0,3570.0,2238.0,1965.0,1,B9,707000,2019-04-22,statenisland,18 CARNEGIE AVENUE NYC
3,EAST NEW YORK,01 ONE FAMILY DWELLINGS,1,4301,58,A5,765 VERMONT STREET,11207.0,1.0,0.0,1.0,1600.0,1272.0,1920.0,1,A5,440000,2019-09-19,brooklyn,765 VERMONT STREET NYC
3,WYCKOFF HEIGHTS,02 TWO FAMILY DWELLINGS,1,3371,26,B1,1501 PUTNAM AVENUE,11237.0,2.0,0.0,2.0,2000.0,3300.0,1910.0,1,B1,690000,2019-04-01,brooklyn,1501 PUTNAM AVENUE NYC
2,KINGSBRIDGE/JEROME PARK,01 ONE FAMILY DWELLINGS,1,3261,67,A1,3065 HEATH AVENUE,10463.0,1.0,0.0,1.0,1950.0,1206.0,1920.0,1,A1,539900,2019-09-12,bronx,3065 HEATH AVENUE NYC
5,WEST NEW BRIGHTON,01 ONE FAMILY DWELLINGS,1,148,2,A5,274 DELAFIELD AVENUE,10310.0,1.0,0.0,1.0,2000.0,816.0,1990.0,1,A5,325000,2019-04-19,statenisland,274 DELAFIELD AVENUE NYC
4,OAKLAND GARDENS,02 TWO FAMILY DWELLINGS,1,7684,40,B3,69-27 225TH STREET,11364.0,2.0,0.0,2.0,4000.0,2340.0,1950.0,1,B3,1250000,2019-09-11,queens,69-27 225TH STREET NYC
4,BELLE HARBOR,01 ONE FAMILY DWELLINGS,1,16283,15,A1,187 BEACH 138TH STREET,11694.0,1.0,0.0,1.0,3000.0,1422.0,1930.0,1,A1,885000,2019-09-09,queens,187 BEACH 138TH STREET NYC
4,HOWARD BEACH,02 TWO FAMILY DWELLINGS,1,11411,50,B2,149-17 79TH STREET,11414.0,2.0,0.0,2.0,3409.0,3432.0,1965.0,1,B2,889000,2019-05-22,queens,149-17 79TH STREET NYC
5,TOTTENVILLE,02 TWO FAMILY DWELLINGS,1,7900,21,B2,18 BRIGHTON STREET,10307.0,2.0,0.0,2.0,3846.0,2301.0,2015.0,1,B2,915000,2019-07-09,statenisland,18 BRIGHTON STREET NYC
3,BAY RIDGE,01 ONE FAMILY DWELLINGS,1,6123,2,A9,451 97TH STREET,11209.0,1.0,0.0,1.0,1199.0,874.0,1901.0,1,A9,700000,2019-08-13,brooklyn,451 97TH STREET NYC
4,JACKSON HEIGHTS,02 TWO FAMILY DWELLINGS,1,1382,62,B3,30-21 84TH STREET,11370.0,2.0,0.0,2.0,2500.0,1400.0,1935.0,1,B3,875000,2019-11-01,queens,30-21 84TH STREET NYC
5,OAKWOOD,01 ONE FAMILY DWELLINGS,1,4656,16,A5,42 WINDEMERE AVENUE,10306.0,1.0,0.0,1.0,2700.0,1368.0,1965.0,1,A5,569000,2019-11-06,statenisland,42 WINDEMERE AVENUE NYC
2,KINGSBRIDGE HTS/UNIV HTS,02 TWO FAMILY DWELLINGS,1,3228,30,B1,202 WEST 179 STREET,10453.0,2.0,0.0,2.0,2900.0,3364.0,1910.0,1,B1,724000,2019-03-29,bronx,202 WEST 179 STREET NYC
4,SO. JAMAICA-BAISLEY PARK,01 ONE FAMILY DWELLINGS,1,11993,27,A1,14809 116 AVENUE,11436.0,1.0,0.0,1.0,2500.0,1584.0,1920.0,1,A1,535000,2019-05-03,queens,14809 116 AVENUE NYC
4,MIDDLE VILLAGE,02 TWO FAMILY DWELLINGS,1,3809,2,B3,83-19 DORAN AVENUE,11385.0,2.0,0.0,2.0,2160.0,1280.0,1940.0,1,B3,755000,2019-06-21,queens,83-19 DORAN AVENUE NYC
5,PORT RICHMOND,02 TWO FAMILY DWELLINGS,1,1124,62,B3,180 JOHN STREET,10302.0,2.0,0.0,2.0,2500.0,1956.0,1935.0,1,B3,525000,2019-02-25,statenisland,180 JOHN STREET NYC
5,WESTERLEIGH,01 ONE FAMILY DWELLINGS,1,1444,8,A2,117 CRYSTAL AVENUE,10302.0,1.0,0.0,1.0,3640.0,1900.0,1930.0,1,A2,625000,2019-10-11,statenisland,117 CRYSTAL AVENUE NYC
4,SPRINGFIELD GARDENS,02 TWO FAMILY DWELLINGS,1,12305,8,B3,15720 137TH AVENUE,11434.0,2.0,0.0,2.0,4000.0,1399.0,1955.0,1,B3,440000,2019-01-18,queens,15720 137TH AVENUE NYC
4,RICHMOND HILL,01 ONE FAMILY DWELLINGS,1,9578,30,B3,104-48 125TH STREET,11419.0,2.0,0.0,2.0,3000.0,1798.0,1920.0,1,A2,900000,2019-12-31,queens,104-48 125TH STREET NYC
3,GREENPOINT,02 TWO FAMILY DWELLINGS,1,2834,13,B9,6A LOMBARDY STREET,11222.0,2.0,0.0,2.0,1667.0,2736.0,1901.0,1,B9,850000,2019-01-29,brooklyn,6A LOMBARDY STREET NYC
2,WILLIAMSBRIDGE,02 TWO FAMILY DWELLINGS,1,4678,56,B2,830 EAST 220 STREET,10467.0,2.0,0.0,2.0,2856.0,2010.0,1901.0,1,B2,785000,2019-09-18,bronx,830 EAST 220 STREET NYC
2,KINGSBRIDGE HTS/UNIV HTS,01 ONE FAMILY DWELLINGS,1,3218,92,A1,2308 ANDREWS AVENUE NORTH,10468.0,1.0,0.0,1.0,2800.0,2837.0,1901.0,1,A1,725000,2019-12-11,bronx,2308 ANDREWS AVENUE NORTH NYC
4,HOLLIS,01 ONE FAMILY DWELLINGS,1,10875,46,A1,100-43 207TH STREET,11429.0,1.0,0.0,1.0,4000.0,1810.0,1925.0,1,A1,600090,2019-08-21,queens,100-43 207TH STREET NYC
3,SHEEPSHEAD BAY,02 TWO FAMILY DWELLINGS,1,7382,70,B1,2243 EAST 23RD STREET,11229.0,2.0,0.0,2.0,2500.0,2425.0,1930.0,1,B1,1180000,2019-02-19,brooklyn,2243 EAST 23RD STREET NYC
3,BEDFORD STUYVESANT,03 THREE FAMILY DWELLINGS,1,1785,41,C0,695 LAFAYETTE AVENUE,11216.0,3.0,0.0,3.0,2000.0,2400.0,2003.0,1,C0,1600000,2019-02-07,brooklyn,695 LAFAYETTE AVENUE NYC
5,NEW DORP,01 ONE FAMILY DWELLINGS,1,4035,21,A5,51 WEED AVENUE,10306.0,1.0,0.0,1.0,2525.0,1528.0,2000.0,1,A5,650000,2019-05-06,statenisland,51 WEED AVENUE NYC
5,GREAT KILLS,01 ONE FAMILY DWELLINGS,1,4474,22,A5,58 ILYSE COURT,10306.0,1.0,0.0,1.0,2471.0,1675.0,1986.0,1,A5,675000,2019-07-11,statenisland,58 ILYSE COURT NYC
3,CANARSIE,02 TWO FAMILY DWELLINGS,1,8143,47,B3,950 EAST 94TH STREET,11236.0,2.0,0.0,2.0,2600.0,1344.0,1925.0,1,B3,360000,2019-02-28,brooklyn,950 EAST 94TH STREET NYC
3,BENSONHURST,07 RENTALS - WALKUP APARTMENTS,2A,6260,19,C3,1730 78TH STREET,11214.0,4.0,0.0,4.0,2525.0,3237.0,1931.0,2,C3,1750000,2019-10-25,brooklyn,1730 78TH STREET NYC
4,ST. ALBANS,01 ONE FAMILY DWELLINGS,1,11030,89,A1,114-48 212TH STREET,11411.0,1.0,0.0,1.0,2400.0,1580.0,1930.0,1,A1,515000,2019-08-29,queens,114-48 212TH STREET NYC
3,BOROUGH PARK,29 COMMERCIAL GARAGES,4,5530,50,G2,1567-1569 63RD STREET,11219.0,0.0,2.0,2.0,3967.0,3967.0,1931.0,4,G2,1700000,2019-07-30,brooklyn,1567-1569 63RD STREET NYC
4,BELLEROSE,01 ONE FAMILY DWELLINGS,1,8650,15,A1,87-63 254TH STREET,11426.0,1.0,0.0,1.0,3000.0,1230.0,1920.0,1,A1,405000,2019-08-21,queens,87-63 254TH STREET NYC
3,OCEAN HILL,02 TWO FAMILY DWELLINGS,1,1573,12,B2,85 SACKMAN STREET,11233.0,2.0,0.0,2.0,1550.0,2088.0,1920.0,1,B2,1040000,2019-03-28,brooklyn,85 SACKMAN STREET NYC
5,ROSEBANK,02 TWO FAMILY DWELLINGS,1,2988,41,B2,282 ST MARYS AVENUE,10305.0,2.0,0.0,2.0,2800.0,2112.0,1901.0,1,B2,540000,2019-03-27,statenisland,282 ST MARYS AVENUE NYC
4,SOUTH JAMAICA,01 ONE FAMILY DWELLINGS,1,12174,70,A1,111-48 159TH STREET,11433.0,1.0,0.0,1.0,2000.0,1224.0,1925.0,1,A1,433000,2019-06-17,queens,111-48 159TH STREET NYC
4,MASPETH,02 TWO FAMILY DWELLINGS,1,2647,19,B2,61-65 56TH STREET,11378.0,2.0,0.0,2.0,2167.0,1800.0,1930.0,1,B2,705000,2019-06-27,queens,61-65 56TH STREET NYC
4,SPRINGFIELD GARDENS,01 ONE FAMILY DWELLINGS,1,12472,30,A5,120-23 178TH PLACE,11434.0,1.0,0.0,1.0,2000.0,1520.0,1932.0,1,A5,485000,2019-08-15,queens,120-23 178TH PLACE NYC
3,EAST NEW YORK,02 TWO FAMILY DWELLINGS,1,4234,6,B1,435 PINE STREET,11208.0,2.0,0.0,2.0,2200.0,1728.0,1930.0,1,B1,539672,2019-01-22,brooklyn,435 PINE STREET NYC
2,WILLIAMSBRIDGE,03 THREE FAMILY DWELLINGS,1,4868,16,C0,949 EAST 232 STREET,10466.0,3.0,0.0,3.0,2681.0,2166.0,1930.0,1,C0,675000,2019-12-20,bronx,949 EAST 232 STREET NYC
3,FLATBUSH-NORTH,02 TWO FAMILY DWELLINGS,1,4666,31,B1,9126 KINGS HIGHWAY,11212.0,2.0,0.0,2.0,2803.0,2000.0,1931.0,1,B1,700000,2019-03-25,brooklyn,9126 KINGS HIGHWAY NYC
3,BATH BEACH,02 TWO FAMILY DWELLINGS,1,6464,60,B1,302 BAY 20TH STREET,11214.0,2.0,0.0,2.0,1600.0,1656.0,1940.0,1,B1,500000,2019-06-12,brooklyn,302 BAY 20TH STREET NYC
4,MIDDLE VILLAGE,01 ONE FAMILY DWELLINGS,1,3007,43,A5,80-20 COWLES COURT,11379.0,1.0,0.0,1.0,2000.0,1386.0,1940.0,1,A5,738000,2019-04-08,queens,80-20 COWLES COURT NYC
2,MOTT HAVEN/PORT MORRIS,03 THREE FAMILY DWELLINGS,1,2562,37,C0,726 EAST 134 STREET,10454.0,3.0,0.0,3.0,1819.0,3039.0,1920.0,1,C0,610950,2019-05-09,bronx,726 EAST 134 STREET NYC
4,LAURELTON,01 ONE FAMILY DWELLINGS,1,12896,111,A1,219-23 130TH DRIVE,11413.0,1.0,0.0,1.0,2610.0,1240.0,1930.0,1,A1,395000,2019-03-18,queens,219-23 130TH DRIVE NYC
2,BRONXDALE,02 TWO FAMILY DWELLINGS,1,4522,57,B9,1137 ALLERTON AVENUE,10469.0,2.0,0.0,2.0,1800.0,1683.0,1950.0,1,B9,450000,2019-12-10,bronx,1137 ALLERTON AVENUE NYC
2,MORRIS PARK/VAN NEST,01 ONE FAMILY DWELLINGS,1,4294,40,A1,2017 MULINER AVE,10462.0,1.0,0.0,1.0,2500.0,1380.0,1925.0,1,A1,515000,2019-01-31,bronx,2017 MULINER AVE NYC
4,FLUSHING-SOUTH,01 ONE FAMILY DWELLINGS,1,6584,21,A9,73-26 137TH STREET,11367.0,1.0,0.0,1.0,4000.0,1668.0,1940.0,1,A9,1455000,2019-11-26,queens,73-26 137TH STREET NYC
3,FLATBUSH-NORTH,03 THREE FAMILY DWELLINGS,1,4640,18,C0,126 EAST 54TH STREET,11203.0,3.0,0.0,3.0,2825.0,3036.0,1920.0,1,C0,1400000,2019-08-13,brooklyn,126 EAST 54TH STREET NYC
3,GREENPOINT,03 THREE FAMILY DWELLINGS,1,2699,8,C0,68 ECKFORD STREET,11222.0,3.0,0.0,3.0,1650.0,3852.0,1910.0,1,C0,1650000,2019-11-04,brooklyn,68 ECKFORD STREET NYC
5,CASTLETON CORNERS,01 ONE FAMILY DWELLINGS,1,370,134,A0,19 CROWELL AVENUE,10314.0,1.0,0.0,1.0,3780.0,1116.0,1945.0,1,A0,505000,2019-09-12,statenisland,19 CROWELL AVENUE NYC
4,DOUGLASTON,01 ONE FAMILY DWELLINGS,1,8289,47,A5,240-36 66TH AVENUE,11362.0,1.0,0.0,1.0,2000.0,1520.0,1975.0,1,A5,787000,2019-10-11,queens,240-36 66TH AVENUE NYC
2,WAKEFIELD,03 THREE FAMILY DWELLINGS,1,5047,12,C0,4368 FURMAN AVENUE,10466.0,3.0,0.0,3.0,1853.0,2907.0,2005.0,1,C0,750000,2019-11-08,bronx,4368 FURMAN AVENUE NYC
4,MIDDLE VILLAGE,01 ONE FAMILY DWELLINGS,1,3804,54,A1,79-88 COOPER AVENUE,11385.0,1.0,0.0,1.0,1235.0,1248.0,1930.0,1,A1,460000,2019-03-28,queens,79-88 COOPER AVENUE NYC
3,CROWN HEIGHTS,02 TWO FAMILY DWELLINGS,1,1217,77,B9,557 SAINT MARKS AVENUE,11216.0,2.0,0.0,2.0,2185.0,2265.0,1925.0,1,B9,415000,2019-05-17,brooklyn,557 SAINT MARKS AVENUE NYC
3,CANARSIE,02 TWO FAMILY DWELLINGS,1,8017,35,B9,915 EAST 80TH ST,11236.0,2.0,0.0,2.0,2533.0,2760.0,1960.0,1,B9,520000,2019-07-10,brooklyn,915 EAST 80TH ST NYC
4,ROSEDALE,01 ONE FAMILY DWELLINGS,1,13569,9,A1,243-45 145TH AVENUE,11422.0,1.0,0.0,1.0,3000.0,1624.0,1940.0,1,A1,650000,2019-07-30,queens,243-45 145TH AVENUE NYC
4,MIDDLE VILLAGE,01 ONE FAMILY DWELLINGS,1,2979,113,A5,63-31 70TH STREET,11379.0,1.0,0.0,1.0,1844.0,1224.0,1929.0,1,A5,665000,2019-08-13,queens,63-31 70TH STREET NYC
2,PELHAM PARKWAY NORTH,01 ONE FAMILY DWELLINGS,1,4386,31,A1,2323 SEYMOUR AVE,10469.0,1.0,0.0,1.0,3000.0,1504.0,1935.0,1,A1,595000,2019-12-13,bronx,2323 SEYMOUR AVE NYC
2,WILLIAMSBRIDGE,02 TWO FAMILY DWELLINGS,1,4871,50,B1,1024 EAST 225 STREET,10466.0,2.0,0.0,2.0,2735.0,2844.0,1925.0,1,B1,710000,2019-03-06,bronx,1024 EAST 225 STREET NYC
4,FLUSHING-NORTH,01 ONE FAMILY DWELLINGS,1,5763,29,A5,21-18 UTOPIA PARKWAY,11357.0,1.0,0.0,1.0,1967.0,1995.0,1950.0,1,A5,805000,2019-03-26,queens,21-18 UTOPIA PARKWAY NYC
3,EAST NEW YORK,02 TWO FAMILY DWELLINGS,1,4326,12,B1,730 BRADFORD STREET,11207.0,2.0,0.0,2.0,2400.0,2560.0,1925.0,1,B1,782000,2019-11-19,brooklyn,730 BRADFORD STREET NYC
3,MARINE PARK,01 ONE FAMILY DWELLINGS,1,7703,3,S1,3025 QUENTIN ROAD,11234.0,1.0,1.0,2.0,1900.0,2280.0,1927.0,1,S1,749000,2019-10-10,brooklyn,3025 QUENTIN ROAD NYC
3,OCEAN PARKWAY-SOUTH,02 TWO FAMILY DWELLINGS,1,7184,133,B3,740 CRAWFORD AVENUE,11223.0,2.0,0.0,2.0,1800.0,1975.0,1950.0,1,B3,995000,2019-10-17,brooklyn,740 CRAWFORD AVENUE NYC
4,BELLEROSE,01 ONE FAMILY DWELLINGS,1,7959,46,A1,86-08 241ST STREET,11426.0,1.0,0.0,1.0,3713.0,1720.0,1935.0,1,A1,665000,2019-10-30,queens,86-08 241ST STREET NYC
4,QUEENS VILLAGE,01 ONE FAMILY DWELLINGS,1,11141,67,A1,215-38 112TH AVENUE,11429.0,1.0,0.0,1.0,3000.0,1672.0,1930.0,1,A1,505000,2019-04-26,queens,215-38 112TH AVENUE NYC
3,SHEEPSHEAD BAY,02 TWO FAMILY DWELLINGS,1,8787,22,B1,2738 EAST 28TH STREET,11235.0,2.0,0.0,2.0,2501.0,2898.0,1935.0,1,B1,1335000,2019-09-06,brooklyn,2738 EAST 28TH STREET NYC
4,FLUSHING-SOUTH,01 ONE FAMILY DWELLINGS,1,6844,36,A1,162-28 73RD AVENUE,11366.0,1.0,0.0,1.0,3600.0,1386.0,1920.0,1,A1,700000,2019-01-29,queens,162-28 73RD AVENUE NYC
4,JACKSON HEIGHTS,02 TWO FAMILY DWELLINGS,1,1360,20,B1,25-24 87TH STREET,11369.0,2.0,0.0,2.0,4725.0,1675.0,1950.0,1,B1,350000,2019-06-14,queens,25-24 87TH STREET NYC
4,SPRINGFIELD GARDENS,01 ONE FAMILY DWELLINGS,1,12705,13,A1,12225 BENTON STREET,11413.0,1.0,0.0,1.0,3570.0,1019.0,1930.0,1,A1,365000,2019-11-14,queens,12225 BENTON STREET NYC
4,BAYSIDE,01 ONE FAMILY DWELLINGS,1,6316,38,A2,40-50 220 STREET,11361.0,1.0,0.0,1.0,4958.0,1115.0,1960.0,1,A2,870000,2019-02-22,queens,40-50 220 STREET NYC
2,BAYCHESTER,01 ONE FAMILY DWELLINGS,1,4902,8,A5,1175 EAST 223 STREET,10466.0,1.0,0.0,1.0,2325.0,1280.0,1950.0,1,A5,385000,2019-10-11,bronx,1175 EAST 223 STREET NYC
5,DONGAN HILLS,02 TWO FAMILY DWELLINGS,1,3333,10,B1,280 ATLANTIC AVENUE,10305.0,2.0,0.0,2.0,4000.0,2744.0,1960.0,1,B1,800000,2019-12-30,statenisland,280 ATLANTIC AVENUE NYC
4,FLUSHING-NORTH,01 ONE FAMILY DWELLINGS,1,5456,18,A2,46-35 157TH STREET,11355.0,1.0,0.0,1.0,3920.0,1409.0,1935.0,1,A2,851000,2019-03-01,queens,46-35 157TH STREET NYC
4,CAMBRIA HEIGHTS,01 ONE FAMILY DWELLINGS,1,12735,122,A2,117-54 219TH STREET,11411.0,1.0,0.0,1.0,2900.0,1613.0,1940.0,1,A2,532500,2019-06-07,queens,117-54 219TH STREET NYC
3,MANHATTAN BEACH,01 ONE FAMILY DWELLINGS,1,8756,50,A1,185 MACKENZIE STREET,11235.0,1.0,0.0,1.0,3531.0,2640.0,1935.0,1,A1,1400000,2019-08-20,brooklyn,185 MACKENZIE STREET NYC
4,MASPETH,03 THREE FAMILY DWELLINGS,1,2711,68,C0,61-50 56TH DRIVE,11378.0,3.0,0.0,3.0,2500.0,1520.0,1901.0,1,C0,700000,2019-08-23,queens,61-50 56TH DRIVE NYC
3,BUSHWICK,02 TWO FAMILY DWELLINGS,1,3294,5,B9,1096 GREENE AVENUE,11221.0,2.0,0.0,2.0,1667.0,2001.0,1901.0,1,B9,700000,2019-05-22,brooklyn,1096 GREENE AVENUE NYC
3,FLATBUSH-NORTH,03 THREE FAMILY DWELLINGS,1,4663,53,C0,31 EAST 57TH STREET,11203.0,3.0,0.0,3.0,1251.0,2156.0,1940.0,1,C0,514000,2019-09-16,brooklyn,31 EAST 57TH STREET NYC
4,COLLEGE POINT,02 TWO FAMILY DWELLINGS,1,4082,29,B1,18-22 121ST STREET,11356.0,2.0,0.0,2.0,2100.0,2310.0,2003.0,1,B1,889000,2019-02-12,queens,18-22 121ST STREET NYC
3,FLATBUSH-EAST,03 THREE FAMILY DWELLINGS,1,5009,1,C0,3421 GLENWOOD ROAD,11210.0,3.0,0.0,3.0,4400.0,3549.0,1925.0,1,C0,1480000,2019-02-07,brooklyn,3421 GLENWOOD ROAD NYC
3,BUSHWICK,37 RELIGIOUS FACILITIES,4,3415,12,M1,68 ELDERT STREET,11207.0,0.0,1.0,1.0,4500.0,4500.0,1916.0,4,M1,1850000,2019-06-27,brooklyn,68 ELDERT STREET NYC
4,ELMHURST,01 ONE FAMILY DWELLINGS,1,2878,32,S1,85-43 55TH AVENUE,11373.0,1.0,1.0,2.0,2469.0,1600.0,1925.0,1,S1,850000,2019-12-23,queens,85-43 55TH AVENUE NYC
2,WAKEFIELD,02 TWO FAMILY DWELLINGS,1,5025,3,B1,2054 PITMAN AVENUE,10466.0,2.0,0.0,2.0,1800.0,1296.0,1945.0,1,B1,390000,2019-03-22,bronx,2054 PITMAN AVENUE NYC
5,SILVER LAKE,01 ONE FAMILY DWELLINGS,1,261,83,A1,615 BARD AVENUE,10310.0,1.0,0.0,1.0,2600.0,1128.0,1920.0,1,A1,495000,2019-11-18,statenisland,615 BARD AVENUE NYC
2,BAYCHESTER,02 TWO FAMILY DWELLINGS,1,4984,38,B9,4088 WILDER AVENUE,10466.0,2.0,0.0,2.0,3555.0,2287.0,1950.0,1,B9,635000,2019-10-21,bronx,4088 WILDER AVENUE NYC
4,RICHMOND HILL,01 ONE FAMILY DWELLINGS,1,9414,69,A1,95-51 112TH STREET,11419.0,1.0,0.0,1.0,2000.0,1490.0,1930.0,1,A1,550000,2019-08-13,queens,95-51 112TH STREET NYC
4,CAMBRIA HEIGHTS,01 ONE FAMILY DWELLINGS,1,11306,28,A2,115-69 224TH STREET,11411.0,1.0,0.0,1.0,3850.0,1125.0,1945.0,1,A2,598142,2019-09-13,queens,115-69 224TH STREET NYC
4,FLUSHING-NORTH,02 TWO FAMILY DWELLINGS,1,5410,61,B1,149-37 45TH AVENUE,11355.0,2.0,0.0,2.0,3400.0,1832.0,1940.0,1,B1,970000,2019-10-29,queens,149-37 45TH AVENUE NYC
3,BUSHWICK,03 THREE FAMILY DWELLINGS,1,3359,22,C0,132 WOODBINE,11221.0,3.0,0.0,3.0,2500.0,1630.0,1905.0,1,C0,450000,2019-03-19,brooklyn,132 WOODBINE NYC
4,SPRINGFIELD GARDENS,02 TWO FAMILY DWELLINGS,1,13307,121,B3,146-63 177TH STREET,11434.0,2.0,0.0,2.0,4000.0,1980.0,1940.0,1,B3,550000,2019-01-31,queens,146-63 177TH STREET NYC
4,JACKSON HEIGHTS,02 TWO FAMILY DWELLINGS,1,1475,71,B1,37-11 87TH STREET,11372.0,2.0,0.0,2.0,3242.0,2520.0,1920.0,1,B1,980000,2019-08-16,queens,37-11 87TH STREET NYC
2,SCHUYLERVILLE/PELHAM BAY,01 ONE FAMILY DWELLINGS,1,4243,38,A5,2889 EAST 196 STREET,10461.0,1.0,0.0,1.0,3117.0,1120.0,1920.0,1,A5,479500,2019-09-04,bronx,2889 EAST 196 STREET NYC
4,EAST ELMHURST,07 RENTALS - WALKUP APARTMENTS,2A,1696,62,C3,32-13 101ST STREET,11369.0,4.0,0.0,4.0,4000.0,2720.0,1920.0,2,C3,1360000,2019-08-05,queens,32-13 101ST STREET NYC
2,SOUNDVIEW,03 THREE FAMILY DWELLINGS,1,3761,132,C0,1740 WESTCHESTER AVE.,10472.0,3.0,0.0,3.0,2709.0,2892.0,2006.0,1,C0,860000,2019-06-24,bronx,1740 WESTCHESTER AVE. NYC
3,FLATBUSH-LEFFERTS GARDEN,01 ONE FAMILY DWELLINGS,1,5050,2,S0,625 ROGERS AVENUE,11225.0,1.0,2.0,3.0,3700.0,2128.0,1905.0,1,S0,1925000,2019-02-05,brooklyn,625 ROGERS AVENUE NYC
3,SUNSET PARK,02 TWO FAMILY DWELLINGS,1,899,59,B3,263 23RD STREET,11215.0,2.0,0.0,2.0,2504.0,1860.0,1901.0,1,B3,1420000,2019-12-02,brooklyn,263 23RD STREET NYC
2,WILLIAMSBRIDGE,03 THREE FAMILY DWELLINGS,1,4666,37,C0,711 E 218TH STREET,10467.0,3.0,0.0,3.0,4275.0,2424.0,1901.0,1,C0,542500,2019-02-01,bronx,711 E 218TH STREET NYC
4,GLENDALE,01 ONE FAMILY DWELLINGS,1,3854,77,A5,88-36 RUTLEDGE AVENUE,11385.0,1.0,0.0,1.0,1900.0,2400.0,1930.0,1,A5,910000,2019-11-08,queens,88-36 RUTLEDGE AVENUE NYC
5,NEW SPRINGVILLE,01 ONE FAMILY DWELLINGS,1,2381,106,A5,118 RADFORD STREET,10314.0,1.0,0.0,1.0,1600.0,1140.0,1995.0,1,A5,450000,2019-08-20,statenisland,118 RADFORD STREET NYC
5,SOUTH BEACH,01 ONE FAMILY DWELLINGS,1,3417,95,A2,224 OLYMPIA BOULEVARD,10305.0,1.0,0.0,1.0,3880.0,912.0,1970.0,1,A2,340000,2019-12-03,statenisland,224 OLYMPIA BOULEVARD NYC
4,SO. JAMAICA-BAISLEY PARK,01 ONE FAMILY DWELLINGS,1,11975,110,A5,114-12 INWOOD STREET,11436.0,1.0,0.0,1.0,1600.0,888.0,1925.0,1,A5,475000,2019-10-18,queens,114-12 INWOOD STREET NYC
4,SUNNYSIDE,01 ONE FAMILY DWELLINGS,1,156,28,S1,4518 SKILLMAN AVENUE,11104.0,1.0,1.0,2.0,1842.0,2268.0,1930.0,1,S1,1100000,2019-03-21,queens,4518 SKILLMAN AVENUE NYC
3,SUNSET PARK,02 TWO FAMILY DWELLINGS,1,673,42,B1,213 31ST STREET,11232.0,2.0,0.0,2.0,2000.0,1810.0,1935.0,1,B1,1130000,2019-03-21,brooklyn,213 31ST STREET NYC
2,WAKEFIELD,02 TWO FAMILY DWELLINGS,1,5043,43,B1,714 EAST 237 STREET,10466.0,2.0,0.0,2.0,2609.0,2288.0,1925.0,1,B1,690000,2019-03-19,bronx,714 EAST 237 STREET NYC
2,THROGS NECK,22 STORE BUILDINGS,4,5439,51,K1,501 EDISON AVENUE,10465.0,0.0,2.0,2.0,1783.0,1760.0,1925.0,4,K1,394000,2019-10-17,bronx,501 EDISON AVENUE NYC
4,FRESH MEADOWS,01 ONE FAMILY DWELLINGS,1,7187,47,A1,75-82 177TH STREET,11366.0,1.0,0.0,1.0,4000.0,1196.0,1950.0,1,A1,755000,2019-03-18,queens,75-82 177TH STREET NYC
4,RIDGEWOOD,02 TWO FAMILY DWELLINGS,1,3499,40,B1,59-44 PALMETTO STREET,11385.0,2.0,0.0,2.0,2500.0,1908.0,1920.0,1,B1,1130000,2019-11-12,queens,59-44 PALMETTO STREET NYC
4,ROSEDALE,02 TWO FAMILY DWELLINGS,1,13687,58,B3,259-24 148TH AVENUE,11422.0,2.0,0.0,2.0,4500.0,1554.0,1950.0,1,B3,460000,2019-11-14,queens,259-24 148TH AVENUE NYC
3,MIDWOOD,02 TWO FAMILY DWELLINGS,1,6760,80,B3,1539 EAST 13TH STREET,11230.0,2.0,0.0,2.0,3000.0,2548.0,1910.0,1,B3,1250000,2019-10-11,brooklyn,1539 EAST 13TH STREET NYC
5,SOUTH BEACH,01 ONE FAMILY DWELLINGS,1,3354,79,A5,177 BENTON AVENUE,10305.0,1.0,0.0,1.0,2200.0,1295.0,1970.0,1,A5,618000,2019-01-30,statenisland,177 BENTON AVENUE NYC
3,MILL BASIN,02 TWO FAMILY DWELLINGS,1,8465,6,B9,2104 E65TH ST,11234.0,2.0,0.0,2.0,3400.0,2760.0,1960.0,1,B9,900000,2019-03-11,brooklyn,2104 E65TH ST NYC
3,CYPRESS HILLS,02 TWO FAMILY DWELLINGS,1,4108,1,B2,27 AUTUMN AVE,11208.0,2.0,0.0,2.0,1967.0,2360.0,2003.0,1,B2,556000,2019-03-20,brooklyn,27 AUTUMN AVE NYC
4,ROSEDALE,01 ONE FAMILY DWELLINGS,1,13667,52,A2,255-31 148 DRIVE,11422.0,1.0,0.0,1.0,4000.0,880.0,1960.0,1,A2,525000,2019-08-13,queens,255-31 148 DRIVE NYC
5,NEW SPRINGVILLE,01 ONE FAMILY DWELLINGS,1,1991,17,A5,54 CONRAD AVENUE,10314.0,1.0,0.0,1.0,2675.0,1566.0,2016.0,1,A5,742304,2019-07-01,statenisland,54 CONRAD AVENUE NYC
4,FLUSHING-NORTH,02 TWO FAMILY DWELLINGS,1,5530,50,B1,189-32 45TH AVENUE,11358.0,2.0,0.0,2.0,3550.0,4200.0,1960.0,1,B1,1660000,2019-02-06,queens,189-32 45TH AVENUE NYC
3,OCEAN PARKWAY-NORTH,01 ONE FAMILY DWELLINGS,1,6639,69,A9,1727 EAST 7TH STREET,11223.0,1.0,0.0,1.0,2028.0,1172.0,1930.0,1,A9,900000,2019-08-20,brooklyn,1727 EAST 7TH STREET NYC
4,SOUTH OZONE PARK,01 ONE FAMILY DWELLINGS,1,11772,106,A1,129-19 133RD STREET,11420.0,1.0,0.0,1.0,2000.0,854.0,1925.0,1,A1,301000,2019-02-26,queens,129-19 133RD STREET NYC
5,CASTLETON CORNERS,01 ONE FAMILY DWELLINGS,1,712,45,A5,83 GOWER STREET,10314.0,1.0,0.0,1.0,2300.0,1800.0,1994.0,1,A5,580000,2019-07-29,statenisland,83 GOWER STREET NYC
4,SOUTH OZONE PARK,01 ONE FAMILY DWELLINGS,1,11726,31,A1,130-11 LEFFERTS BOULEVARD,11420.0,1.0,0.0,1.0,2320.0,1234.0,1925.0,1,A1,700000,2019-12-11,queens,130-11 LEFFERTS BOULEVARD NYC
4,LITTLE NECK,01 ONE FAMILY DWELLINGS,1,8124,54,A2,40-20 249 STREET,11363.0,1.0,0.0,1.0,4000.0,1245.0,1915.0,1,A2,985000,2019-05-21,queens,40-20 249 STREET NYC
2,MELROSE/CONCOURSE,02 TWO FAMILY DWELLINGS,1,2418,21,S2,811 COURTLANDT AVENUE,10451.0,2.0,1.0,3.0,2450.0,2760.0,1920.0,1,S2,700000,2019-02-26,bronx,811 COURTLANDT AVENUE NYC
3,GERRITSEN BEACH,01 ONE FAMILY DWELLINGS,1,8955,67,A5,2530 GERRITSEN AVENUE,11229.0,1.0,0.0,1.0,1501.0,1360.0,1955.0,1,A5,405820,2019-07-03,brooklyn,2530 GERRITSEN AVENUE NYC
4,SO. JAMAICA-BAISLEY PARK,02 TWO FAMILY DWELLINGS,1,12112,1,B2,14919 133RD AVENUE,11436.0,2.0,0.0,2.0,3842.0,1287.0,1950.0,1,B2,615000,2019-04-12,queens,14919 133RD AVENUE NYC
4,ST. ALBANS,01 ONE FAMILY DWELLINGS,1,10923,26,A5,190-17 109TH ROAD,11412.0,1.0,0.0,1.0,2517.0,1191.0,1920.0,1,A5,657558,2019-03-25,queens,190-17 109TH ROAD NYC
4,SPRINGFIELD GARDENS,01 ONE FAMILY DWELLINGS,1,12269,137,A2,161-27 128TH AVENUE,11434.0,1.0,0.0,1.0,2690.0,1160.0,1930.0,1,A2,430000,2019-09-10,queens,161-27 128TH AVENUE NYC
2,BAYCHESTER,01 ONE FAMILY DWELLINGS,1,4985,15,A5,4038 MURDOCK AVENUE,10466.0,1.0,0.0,1.0,1808.0,1741.0,1945.0,1,A5,475000,2019-08-29,bronx,4038 MURDOCK AVENUE NYC
4,FLORAL PARK,01 ONE FAMILY DWELLINGS,1,8713,12,A0,80-52 258TH STREET,11004.0,1.0,0.0,1.0,4000.0,1334.0,1945.0,1,A0,668000,2019-07-25,queens,80-52 258TH STREET NYC
4,SPRINGFIELD GARDENS,01 ONE FAMILY DWELLINGS,1,12683,83,A2,121-25 197TH STREET,11413.0,1.0,0.0,1.0,3610.0,1260.0,1945.0,1,A2,439000,2019-11-21,queens,121-25 197TH STREET NYC
4,ELMHURST,03 THREE FAMILY DWELLINGS,1,1840,27,C0,54-14 90TH STREET,11373.0,3.0,0.0,3.0,1800.0,3662.0,1960.0,1,C0,1450000,2019-10-18,queens,54-14 90TH STREET NYC
5,MIDLAND BEACH,02 TWO FAMILY DWELLINGS,1,3803,8,B9,238 GRIMSBY STREET,10306.0,2.0,0.0,2.0,2160.0,1300.0,2003.0,1,B9,725000,2019-02-06,statenisland,238 GRIMSBY STREET NYC
3,FLATBUSH-NORTH,02 TWO FAMILY DWELLINGS,1,4589,112,B1,847 MIDWOOD STREET,11203.0,2.0,0.0,2.0,1992.0,1900.0,1945.0,1,B1,450000,2019-03-06,brooklyn,847 MIDWOOD STREET NYC
4,FLUSHING-NORTH,01 ONE FAMILY DWELLINGS,1,5583,15,A1,171-08 COURTNEY AVENUE,11358.0,1.0,0.0,1.0,2800.0,1800.0,1940.0,1,A1,700000,2019-06-24,queens,171-08 COURTNEY AVENUE NYC
4,LAURELTON,01 ONE FAMILY DWELLINGS,1,12895,94,A1,219-12 130TH DRIVE,11413.0,1.0,0.0,1.0,2436.0,1208.0,1930.0,1,A1,481000,2019-02-11,queens,219-12 130TH DRIVE NYC
3,DYKER HEIGHTS,02 TWO FAMILY DWELLINGS,1,5879,16,B1,940 BAY RIDGE AVENUE,11219.0,2.0,0.0,2.0,2300.0,2242.0,1910.0,1,B1,1330000,2019-11-20,brooklyn,940 BAY RIDGE AVENUE NYC
3,BEDFORD STUYVESANT,02 TWO FAMILY DWELLINGS,1,1695,55,S2,1779 FULTON STREET,11233.0,2.0,1.0,3.0,2154.0,1941.0,1910.0,1,S2,1000000,2019-01-29,brooklyn,1779 FULTON STREET NYC
4,SO. JAMAICA-BAISLEY PARK,01 ONE FAMILY DWELLINGS,1,12040,129,A1,142-51 122ND AVENUE,11436.0,1.0,0.0,1.0,2116.0,952.0,1920.0,1,A1,657906,2019-02-25,queens,142-51 122ND AVENUE NYC
4,SPRINGFIELD GARDENS,01 ONE FAMILY DWELLINGS,1,12269,139,A2,161-25 128TH AVENUE,11434.0,1.0,0.0,1.0,2635.0,1160.0,1930.0,1,A2,380000,2019-01-22,queens,161-25 128TH AVENUE NYC
4,JACKSON HEIGHTS,03 THREE FAMILY DWELLINGS,1,1144,52,C0,31-21 73RD STREET,11370.0,3.0,0.0,3.0,1900.0,2422.0,1960.0,1,C0,1165000,2019-01-04,queens,31-21 73RD STREET NYC
4,OZONE PARK,02 TWO FAMILY DWELLINGS,1,9041,82,B3,95-15 WOODHAVEN COURT,11416.0,2.0,0.0,2.0,1220.0,1600.0,1940.0,1,B3,550000,2019-04-26,queens,95-15 WOODHAVEN COURT NYC
3,PARK SLOPE SOUTH,02 TWO FAMILY DWELLINGS,1,1024,74,B9,367 12TH STREET,11215.0,2.0,0.0,2.0,1667.0,1650.0,1910.0,1,B9,1595000,2019-12-30,brooklyn,367 12TH STREET NYC
3,GRAVESEND,01 ONE FAMILY DWELLINGS,1,7086,30,A1,158 LAKE STREET,11223.0,1.0,0.0,1.0,2042.0,1600.0,1930.0,1,A1,1053500,2019-06-13,brooklyn,158 LAKE STREET NYC
2,SOUNDVIEW,03 THREE FAMILY DWELLINGS,1,3714,4,C0,1004 ELDER AVENUE,10472.0,3.0,0.0,3.0,2000.0,2970.0,1960.0,1,C0,700000,2019-02-28,bronx,1004 ELDER AVENUE NYC
3,CANARSIE,02 TWO FAMILY DWELLINGS,1,8225,55,B1,1034 EAST 99TH STREET,11236.0,2.0,0.0,2.0,2000.0,1960.0,1955.0,1,B1,670000,2019-06-28,brooklyn,1034 EAST 99TH STREET NYC
4,ST. ALBANS,01 ONE FAMILY DWELLINGS,1,10304,89,A5,111-73 180TH STREET,11433.0,1.0,0.0,1.0,2675.0,1014.0,1960.0,1,A5,510000,2019-12-04,queens,111-73 180TH STREET NYC
4,JACKSON HEIGHTS,02 TWO FAMILY DWELLINGS,1,1406,43,B2,94-05 32ND AVENUE,11369.0,2.0,0.0,2.0,2040.0,1620.0,1925.0,1,B2,775000,2019-03-14,queens,94-05 32ND AVENUE NYC
4,HOLLIS,01 ONE FAMILY DWELLINGS,1,10907,44,A1,109-27 204TH STREET,11412.0,1.0,0.0,1.0,3000.0,1610.0,1925.0,1,A1,499371,2019-02-06,queens,109-27 204TH STREET NYC
2,THROGS NECK,02 TWO FAMILY DWELLINGS,1,5429,59,B1,819 HOLLYWOOD AVENUE,10465.0,2.0,0.0,2.0,3696.0,2436.0,2017.0,1,B1,936790,2019-11-26,bronx,819 HOLLYWOOD AVENUE NYC
5,ELTINGVILLE,02 TWO FAMILY DWELLINGS,1,5714,10,B2,50 STAFFORD AVE,10312.0,2.0,0.0,2.0,3300.0,2279.0,2019.0,1,B2,865513,2019-10-22,statenisland,50 STAFFORD AVE NYC
3,BAY RIDGE,02 TWO FAMILY DWELLINGS,1,5896,29,B3,854 70TH STREET,11228.0,2.0,0.0,2.0,2000.0,1650.0,1905.0,1,B3,950000,2019-03-20,brooklyn,854 70TH STREET NYC
5,GREAT KILLS,01 ONE FAMILY DWELLINGS,1,5316,32,A5,50 ROBINSON AVENUE,10312.0,1.0,0.0,1.0,1275.0,1420.0,1987.0,1,A5,400000,2019-03-01,statenisland,50 ROBINSON AVENUE NYC
3,OLD MILL BASIN,02 TWO FAMILY DWELLINGS,1,8513,32,B9,1855 EAST 52ND STREET,11234.0,2.0,0.0,2.0,2000.0,2000.0,1960.0,1,B9,715000,2019-09-27,brooklyn,1855 EAST 52ND STREET NYC
5,GRANT CITY,22 STORE BUILDINGS,4,3538,87,K1,1801 HYLAN BOULEVARD,10305.0,0.0,1.0,1.0,4668.0,3825.0,1965.0,4,K1,1100000,2019-02-15,statenisland,1801 HYLAN BOULEVARD NYC
4,RICHMOND HILL,01 ONE FAMILY DWELLINGS,1,9323,19,A1,89-32 116 STREET,11418.0,1.0,0.0,1.0,2669.0,1913.0,1910.0,1,A1,830000,2019-01-07,queens,89-32 116 STREET NYC
4,BROAD CHANNEL,01 ONE FAMILY DWELLINGS,1,15475,15,A1,1016 CROSSBAY BOULEVARD,11693.0,1.0,0.0,1.0,2280.0,1600.0,1925.0,1,A1,445000,2019-09-06,queens,1016 CROSSBAY BOULEVARD NYC
4,ROSEDALE,02 TWO FAMILY DWELLINGS,1,13639,25,B2,245-13 148TH ROAD,11422.0,2.0,0.0,2.0,4000.0,2236.0,1960.0,1,B2,910000,2019-10-07,queens,245-13 148TH ROAD NYC
4,ST. ALBANS,01 ONE FAMILY DWELLINGS,1,11012,39,A5,114-66 196TH ST,11412.0,1.0,0.0,1.0,1817.0,1540.0,1945.0,1,A5,395000,2019-09-30,queens,114-66 196TH ST NYC
3,OCEAN HILL,03 THREE FAMILY DWELLINGS,1,1455,42,C0,2154 BERGEN STREET,11233.0,3.0,0.0,3.0,2091.0,2046.0,1901.0,1,C0,650000,2019-08-26,brooklyn,2154 BERGEN STREET NYC
5,NEW SPRINGVILLE,01 ONE FAMILY DWELLINGS,1,2102,18,A5,175 FREEDOM AVENUE,10314.0,1.0,0.0,1.0,1940.0,1548.0,1985.0,1,A5,520000,2019-08-28,statenisland,175 FREEDOM AVENUE NYC
4,CORONA,02 TWO FAMILY DWELLINGS,1,1882,21,B3,47-14 99TH STREET,11368.0,2.0,0.0,2.0,1387.0,1338.0,1920.0,1,B3,748000,2019-07-30,queens,47-14 99TH STREET NYC
4,BAYSIDE,01 ONE FAMILY DWELLINGS,1,6214,1,A2,39-21 CLEARVIEW EXPRESSWAY,11361.0,1.0,0.0,1.0,4896.0,1285.0,1950.0,1,A2,955000,2019-06-11,queens,39-21 CLEARVIEW EXPRESSWAY NYC
4,GLEN OAKS,01 ONE FAMILY DWELLINGS,1,8506,51,A5,77-35 251ST STREET,11426.0,1.0,0.0,1.0,2500.0,896.0,1940.0,1,A5,498000,2019-09-26,queens,77-35 251ST STREET NYC
3,MIDWOOD,01 ONE FAMILY DWELLINGS,1,6756,50,A1,1819 AVENUE O,11230.0,1.0,0.0,1.0,2240.0,1908.0,1925.0,1,A1,995000,2019-08-26,brooklyn,1819 AVENUE O NYC
4,OAKLAND GARDENS,02 TWO FAMILY DWELLINGS,1,7687,33,B3,69-56 229TH STREET,11364.0,2.0,0.0,2.0,4000.0,2000.0,1950.0,1,B3,1450000,2019-01-22,queens,69-56 229TH STREET NYC
3,CANARSIE,01 ONE FAMILY DWELLINGS,1,8205,40,A1,9712 FLATLANDS AVE,11236.0,1.0,0.0,1.0,1600.0,1292.0,1915.0,1,A1,479000,2019-04-19,brooklyn,9712 FLATLANDS AVE NYC
3,MILL BASIN,02 TWO FAMILY DWELLINGS,1,8594,12,B9,2755 MILL AVENUE,11234.0,2.0,0.0,2.0,1792.0,2397.0,1960.0,1,B9,650000,2019-10-10,brooklyn,2755 MILL AVENUE NYC
3,EAST NEW YORK,02 TWO FAMILY DWELLINGS,1,4267,27,B1,1306 SUTTER AVENUE,11208.0,2.0,0.0,2.0,2000.0,2080.0,1910.0,1,B1,810000,2019-12-23,brooklyn,1306 SUTTER AVENUE NYC
5,ARDEN HEIGHTS,01 ONE FAMILY DWELLINGS,1,6020,58,A5,91 DOVER GREEN,10312.0,1.0,0.0,1.0,1913.0,1536.0,1970.0,1,A5,370000,2019-06-27,statenisland,91 DOVER GREEN NYC
5,NEW DORP,02 TWO FAMILY DWELLINGS,1,3635,11,B2,67 BACHE AVENUE,10306.0,2.0,0.0,2.0,3500.0,2388.0,2019.0,1,B2,1069163,2019-09-27,statenisland,67 BACHE AVENUE NYC
3,MIDWOOD,02 TWO FAMILY DWELLINGS,1,6748,15,B2,1802 OCEAN AVENUE,11230.0,2.0,0.0,2.0,2800.0,2400.0,1925.0,1,B2,1350000,2019-08-01,brooklyn,1802 OCEAN AVENUE NYC
5,SUNNYSIDE,02 TWO FAMILY DWELLINGS,1,601,59,B2,17 VAN CORTLANDT AVENUE,10301.0,2.0,0.0,2.0,4000.0,2000.0,2001.0,1,B2,1040000,2019-03-08,statenisland,17 VAN CORTLANDT AVENUE NYC
4,HOLLIS HILLS,01 ONE FAMILY DWELLINGS,1,7804,51,A1,82-32 213TH STREET,11427.0,1.0,0.0,1.0,4500.0,1632.0,1955.0,1,A1,955000,2019-10-25,queens,82-32 213TH STREET NYC
4,ROSEDALE,01 ONE FAMILY DWELLINGS,1,13516,29,A1,143-42 232ND STREET,11413.0,1.0,0.0,1.0,4000.0,2156.0,1945.0,1,A1,445000,2019-03-19,queens,143-42 232ND STREET NYC
3,GRAVESEND,03 THREE FAMILY DWELLINGS,1,7148,60,C0,457 VAN SICKLEN STREET,11223.0,3.0,0.0,3.0,1570.0,1024.0,1910.0,1,C0,600000,2019-06-17,brooklyn,457 VAN SICKLEN STREET NYC
4,COLLEGE POINT,02 TWO FAMILY DWELLINGS,1,4029,1,B2,121-09 12TH AVENUE,11356.0,2.0,0.0,2.0,2500.0,2035.0,1925.0,1,B2,1170000,2019-10-11,queens,121-09 12TH AVENUE NYC
4,SOUTH JAMAICA,02 TWO FAMILY DWELLINGS,1,10229,41,B1,103-41 171ST STREET,11433.0,2.0,0.0,2.0,4000.0,2821.0,2017.0,1,B1,912950,2019-05-16,queens,103-41 171ST STREET NYC
3,BOROUGH PARK,02 TWO FAMILY DWELLINGS,1,5522,19,B1,2134 60TH STREET,11204.0,2.0,0.0,2.0,2550.0,2680.0,1930.0,1,B1,1270000,2019-05-29,brooklyn,2134 60TH STREET NYC
2,WAKEFIELD,02 TWO FAMILY DWELLINGS,1,5017,22,B1,1912 PITMAN AVENUE,10466.0,2.0,0.0,2.0,2500.0,3388.0,1960.0,1,B1,675000,2019-01-29,bronx,1912 PITMAN AVENUE NYC
3,SHEEPSHEAD BAY,02 TWO FAMILY DWELLINGS,1,7350,60,B3,2141 EAST 17TH STREET,11229.0,2.0,0.0,2.0,4640.0,1998.0,1920.0,1,B3,1200000,2019-09-16,brooklyn,2141 EAST 17TH STREET NYC
4,BAYSIDE,02 TWO FAMILY DWELLINGS,1,5950,57,B2,18-28 215TH STREET,11693.0,2.0,0.0,2.0,3900.0,3129.0,1970.0,1,B2,1390000,2019-12-09,queens,18-28 215TH STREET NYC
4,COLLEGE POINT,02 TWO FAMILY DWELLINGS,1,4165,11,B1,21-04 123RD STREET,11356.0,2.0,0.0,2.0,2200.0,1560.0,1960.0,1,B1,700000,2019-04-22,queens,21-04 123RD STREET NYC
5,STAPLETON,01 ONE FAMILY DWELLINGS,1,544,105,A9,545 VAN DUZER STREET,10304.0,1.0,0.0,1.0,3275.0,904.0,1905.0,1,A9,470000,2019-12-20,statenisland,545 VAN DUZER STREET NYC
3,MADISON,01 ONE FAMILY DWELLINGS,1,7307,11,A1,1914 EAST 29TH STREET,11229.0,1.0,0.0,1.0,2000.0,1800.0,1930.0,1,A1,581049,2019-07-15,brooklyn,1914 EAST 29TH STREET NYC
3,FLATBUSH-EAST,02 TWO FAMILY DWELLINGS,1,4878,26,B1,154 EAST 42ND STREET,11203.0,2.0,0.0,2.0,3000.0,2256.0,1910.0,1,B1,1150000,2019-12-18,brooklyn,154 EAST 42ND STREET NYC
3,FLATBUSH-EAST,02 TWO FAMILY DWELLINGS,1,4884,45,S2,1509 NOSTRAND AVENUE,11226.0,2.0,1.0,3.0,2000.0,3480.0,1931.0,1,S2,1453000,2019-11-21,brooklyn,1509 NOSTRAND AVENUE NYC
4,SOUTH OZONE PARK,01 ONE FAMILY DWELLINGS,1,11618,17,A1,111-22 114TH STREET,11420.0,1.0,0.0,1.0,1770.0,1016.0,1925.0,1,A1,431000,2019-07-17,queens,111-22 114TH STREET NYC
5,ANNADALE,01 ONE FAMILY DWELLINGS,1,6205,44,A5,62 SEGUINE PLACE,10312.0,1.0,0.0,1.0,1755.0,1373.0,1986.0,1,A5,430000,2019-09-30,statenisland,62 SEGUINE PLACE NYC
3,EAST NEW YORK,02 TWO FAMILY DWELLINGS,1,4246,13,B2,527 LOGAN ST,11208.0,2.0,0.0,2.0,2000.0,1600.0,1910.0,1,B2,560000,2019-06-13,brooklyn,527 LOGAN ST NYC
3,SEAGATE,02 TWO FAMILY DWELLINGS,1,7037,3,B2,4634 BEACH 46TH ST,11224.0,2.0,0.0,2.0,2973.0,1808.0,1930.0,1,B2,810000,2019-05-30,brooklyn,4634 BEACH 46TH ST NYC
5,OAKWOOD-BEACH,01 ONE FAMILY DWELLINGS,1,4024,35,A2,411 STONEHAM STREET,10306.0,1.0,0.0,1.0,4100.0,792.0,1960.0,1,A2,540000,2019-10-28,statenisland,411 STONEHAM STREET NYC
5,GRASMERE,01 ONE FAMILY DWELLINGS,1,3166,2,A5,11 GARRETSON LANE,10304.0,1.0,0.0,1.0,995.0,900.0,1987.0,1,A5,435000,2019-08-13,statenisland,11 GARRETSON LANE NYC
4,OZONE PARK,01 ONE FAMILY DWELLINGS,1,8995,9,A5,94-10 FORBELL STREET,11416.0,1.0,0.0,1.0,1800.0,1196.0,1920.0,1,A5,625000,2019-09-25,queens,94-10 FORBELL STREET NYC
2,WILLIAMSBRIDGE,02 TWO FAMILY DWELLINGS,1,4687,61,B1,952 EAST 217 STREET,10469.0,2.0,0.0,2.0,2606.0,2016.0,1930.0,1,B1,600000,2019-08-15,bronx,952 EAST 217 STREET NYC
4,COLLEGE POINT,02 TWO FAMILY DWELLINGS,1,4019,138,B1,114-31 TAIPEI COURT,11356.0,2.0,0.0,2.0,1400.0,2400.0,2017.0,1,B1,728049,2019-07-12,queens,114-31 TAIPEI COURT NYC
4,FAR ROCKAWAY,01 ONE FAMILY DWELLINGS,1,15662,30,A1,22-53 NAMEOKE STREET,11691.0,1.0,0.0,1.0,4829.0,1990.0,1930.0,1,A1,499500,2019-03-01,queens,22-53 NAMEOKE STREET NYC
4,SO. JAMAICA-BAISLEY PARK,01 ONE FAMILY DWELLINGS,1,12006,70,A1,116-49 146TH STREET,11436.0,1.0,0.0,1.0,2500.0,1120.0,1930.0,1,A1,585000,2019-12-30,queens,116-49 146TH STREET NYC
2,BAYCHESTER,01 ONE FAMILY DWELLINGS,1,4780,3,A5,3061 GRACE AVENUE,10469.0,1.0,0.0,1.0,2653.0,1362.0,1960.0,1,A5,360000,2019-12-11,bronx,3061 GRACE AVENUE NYC
5,ROSSVILLE,01 ONE FAMILY DWELLINGS,1,7037,47,A5,78 REDWOOD LOOP,10309.0,1.0,0.0,1.0,1670.0,1480.0,1987.0,1,A5,440000,2019-01-28,statenisland,78 REDWOOD LOOP NYC
2,BEDFORD PARK/NORWOOD,02 TWO FAMILY DWELLINGS,1,3308,44,B3,201 EAST 202ND STREET,10458.0,2.0,0.0,2.0,2075.0,2090.0,1920.0,1,B3,800000,2019-05-01,bronx,201 EAST 202ND STREET NYC
4,SPRINGFIELD GARDENS,02 TWO FAMILY DWELLINGS,1,12526,123,B1,176-02 126TH AVENUE,11434.0,2.0,0.0,2.0,4069.0,2074.0,1997.0,1,B1,799000,2019-06-11,queens,176-02 126TH AVENUE NYC
4,SOUTH JAMAICA,02 TWO FAMILY DWELLINGS,1,12183,32,B3,112-10 GUY BREWER BLVD,11433.0,2.0,0.0,2.0,3336.0,1664.0,1940.0,1,B3,637500,2019-06-11,queens,112-10 GUY BREWER BLVD NYC
3,EAST NEW YORK,01 ONE FAMILY DWELLINGS,1,4164,11,A9,333 EUCLID AVE,11208.0,1.0,0.0,1.0,1325.0,1176.0,1910.0,1,A9,640000,2019-07-24,brooklyn,333 EUCLID AVE NYC
4,RICHMOND HILL,02 TWO FAMILY DWELLINGS,1,9401,31,B2,115-11 95TH AVENUE,11419.0,2.0,0.0,2.0,2317.0,2012.0,1915.0,1,B2,680000,2019-12-23,queens,115-11 95TH AVENUE NYC
4,JACKSON HEIGHTS,01 ONE FAMILY DWELLINGS,1,1404,14,A5,31-20 93RD STREET,11369.0,1.0,0.0,1.0,2000.0,1308.0,1930.0,1,A5,810000,2019-12-17,queens,31-20 93RD STREET NYC
4,JACKSON HEIGHTS,01 ONE FAMILY DWELLINGS,1,1262,55,A5,34-37 75TH STREET,11372.0,1.0,0.0,1.0,2900.0,1870.0,1940.0,1,A5,1125000,2019-10-18,queens,34-37 75TH STREET NYC
3,FLATBUSH-EAST,03 THREE FAMILY DWELLINGS,1,4764,37,C0,5315 CLARENDON ROAD,11203.0,3.0,0.0,3.0,1740.0,2641.0,1970.0,1,C0,730000,2019-03-27,brooklyn,5315 CLARENDON ROAD NYC
4,JACKSON HEIGHTS,01 ONE FAMILY DWELLINGS,1,1448,50,A5,34-33 87TH STREET,11372.0,1.0,0.0,1.0,2000.0,1600.0,1935.0,1,A5,1060000,2019-04-10,queens,34-33 87TH STREET NYC
5,MIDLAND BEACH,01 ONE FAMILY DWELLINGS,1,3686,62,A5,21 BEACHVIEW AVENUE,10306.0,1.0,0.0,1.0,1694.0,1860.0,2003.0,1,A5,577000,2019-05-06,statenisland,21 BEACHVIEW AVENUE NYC
4,SPRINGFIELD GARDENS,01 ONE FAMILY DWELLINGS,1,13312,85,A1,177-15 145TH ROAD,11434.0,1.0,0.0,1.0,4000.0,1070.0,1925.0,1,A1,557000,2019-04-16,queens,177-15 145TH ROAD NYC
4,HOLLIS,01 ONE FAMILY DWELLINGS,1,10896,48,A1,10421 200 STREET,11412.0,1.0,0.0,1.0,4000.0,1666.0,1930.0,1,A1,685000,2019-12-03,queens,10421 200 STREET NYC
5,PORT RICHMOND,03 THREE FAMILY DWELLINGS,1,1073,24,C0,47 MAPLE AVENUE,10302.0,3.0,0.0,3.0,2266.0,2904.0,2005.0,1,C0,512500,2019-05-07,statenisland,47 MAPLE AVENUE NYC
3,OCEAN HILL,03 THREE FAMILY DWELLINGS,1,1477,17,C0,1388 EASTERN PARKWAY,11233.0,3.0,0.0,3.0,2940.0,3192.0,1910.0,1,C0,825000,2019-02-25,brooklyn,1388 EASTERN PARKWAY NYC
3,SUNSET PARK,01 ONE FAMILY DWELLINGS,1,898,45,A5,597 7 AVENUE,11215.0,1.0,0.0,1.0,1247.0,1398.0,1930.0,1,A5,1979000,2019-07-12,brooklyn,597 7 AVENUE NYC
4,SOUTH OZONE PARK,01 ONE FAMILY DWELLINGS,1,11746,27,A1,117-33 124TH STREET,11420.0,1.0,0.0,1.0,2000.0,896.0,1930.0,1,A1,465000,2019-12-19,queens,117-33 124TH STREET NYC
3,CANARSIE,03 THREE FAMILY DWELLINGS,1,7993,54,C0,632 EAST 89TH STREET,11236.0,3.0,0.0,3.0,2804.0,3120.0,2005.0,1,C0,865000,2019-10-30,brooklyn,632 EAST 89TH STREET NYC
5,WEST NEW BRIGHTON,01 ONE FAMILY DWELLINGS,1,151,135,A5,27 CLARION COURT,10310.0,1.0,0.0,1.0,1280.0,1280.0,1999.0,1,A5,415000,2019-01-24,statenisland,27 CLARION COURT NYC
4,ROSEDALE,02 TWO FAMILY DWELLINGS,1,13569,41,B3,243-20 144TH AVE,11422.0,2.0,0.0,2.0,3000.0,1596.0,1940.0,1,B3,742500,2019-03-29,queens,243-20 144TH AVE NYC
4,MIDDLE VILLAGE,02 TWO FAMILY DWELLINGS,1,2831,61,B2,59-21 69TH PLACE,11378.0,2.0,0.0,2.0,2500.0,1856.0,1925.0,1,B2,835000,2019-11-04,queens,59-21 69TH PLACE NYC
4,HOLLIS,01 ONE FAMILY DWELLINGS,1,10899,49,A1,109-17 199TH STREET,11412.0,1.0,0.0,1.0,2650.0,1672.0,1935.0,1,A1,572000,2019-04-03,queens,109-17 199TH STREET NYC
5,ROSSVILLE,02 TWO FAMILY DWELLINGS,1,7033,54,B9,22 HEMLOCK STREET,10309.0,2.0,0.0,2.0,3400.0,2496.0,1987.0,1,B9,747500,2019-08-30,statenisland,22 HEMLOCK STREET NYC
3,CYPRESS HILLS,02 TWO FAMILY DWELLINGS,1,3925,57,B3,247 ARLINGTON AVENUE,11208.0,2.0,0.0,2.0,2500.0,2016.0,1920.0,1,B3,950000,2019-05-31,brooklyn,247 ARLINGTON AVENUE NYC
2,COUNTRY CLUB,03 THREE FAMILY DWELLINGS,1,5407,119,C0,1393 KEARNEY AVENUE,10465.0,3.0,0.0,3.0,3750.0,4200.0,1930.0,1,C0,670000,2019-03-22,bronx,1393 KEARNEY AVENUE NYC
3,BROWNSVILLE,01 ONE FAMILY DWELLINGS,1,3556,41,A5,254 AMBOY STREET,11212.0,1.0,0.0,1.0,3400.0,1116.0,1986.0,1,A5,525000,2019-11-26,brooklyn,254 AMBOY STREET NYC
4,EAST ELMHURST,02 TWO FAMILY DWELLINGS,1,1426,13,B2,32-14 97TH STREET,11369.0,2.0,0.0,2.0,2000.0,1520.0,1925.0,1,B2,790000,2019-09-06,queens,32-14 97TH STREET NYC
4,GLENDALE,02 TWO FAMILY DWELLINGS,1,3688,17,B2,71-18 72ND STREET,11385.0,2.0,0.0,2.0,2500.0,2048.0,1925.0,1,B2,890000,2019-01-22,queens,71-18 72ND STREET NYC
4,RIDGEWOOD,02 TWO FAMILY DWELLINGS,1,3618,29,B1,64-48 WOODBINE STREET,11385.0,2.0,0.0,2.0,2500.0,2585.0,1920.0,1,B1,1075000,2019-05-24,queens,64-48 WOODBINE STREET NYC
4,OZONE PARK,02 TWO FAMILY DWELLINGS,1,9081,27,B1,82-16 101ST AVENUE,11416.0,2.0,0.0,2.0,2135.0,1932.0,1960.0,1,B1,930000,2019-10-10,queens,82-16 101ST AVENUE NYC
3,MARINE PARK,01 ONE FAMILY DWELLINGS,1,8818,30,A5,2256 STUART STREET,11229.0,1.0,0.0,1.0,1817.0,1092.0,1925.0,1,A5,533000,2019-12-12,brooklyn,2256 STUART STREET NYC
3,MIDWOOD,02 TWO FAMILY DWELLINGS,1,6765,8,B1,1512 EAST 19TH STREET,11230.0,2.0,0.0,2.0,1260.0,1143.0,1910.0,1,B1,650000,2019-04-01,brooklyn,1512 EAST 19TH STREET NYC
5,ARDEN HEIGHTS,01 ONE FAMILY DWELLINGS,1,6043,20,A5,225 ROSEDALE AVENUE,10312.0,1.0,0.0,1.0,975.0,1008.0,1989.0,1,A5,410000,2019-03-08,statenisland,225 ROSEDALE AVENUE NYC
4,ASTORIA,02 TWO FAMILY DWELLINGS,1,596,12,B1,29-07 NEWTOWN AVENUE,11102.0,2.0,0.0,2.0,3407.0,2090.0,1920.0,1,B1,1975000,2019-04-08,queens,29-07 NEWTOWN AVENUE NYC
3,MIDWOOD,03 THREE FAMILY DWELLINGS,1,6740,18,C0,1125 ELM AVENUE,11230.0,3.0,0.0,3.0,1716.0,2010.0,1910.0,1,C0,840000,2019-08-01,brooklyn,1125 ELM AVENUE NYC
4,RICHMOND HILL,01 ONE FAMILY DWELLINGS,1,9448,21,S1,132-02 ATLANTIC AVENUE,11419.0,1.0,1.0,2.0,1452.0,1448.0,1920.0,1,S1,500000,2019-10-14,queens,132-02 ATLANTIC AVENUE NYC
4,QUEENS VILLAGE,01 ONE FAMILY DWELLINGS,1,11263,17,A2,114-36 220TH STREET,11411.0,1.0,0.0,1.0,4001.0,910.0,1950.0,1,A2,534560,2019-01-10,queens,114-36 220TH STREET NYC
3,CANARSIE,02 TWO FAMILY DWELLINGS,1,8231,67,B1,1062 EAST 105 STREET,11236.0,2.0,0.0,2.0,2000.0,1635.0,1955.0,1,B1,515656,2019-05-09,brooklyn,1062 EAST 105 STREET NYC
3,MILL BASIN,01 ONE FAMILY DWELLINGS,1,8607,25,A2,417 MAYFAIR DRIVE SOUTH,11234.0,1.0,0.0,1.0,3817.0,2310.0,1983.0,1,A2,975000,2019-10-31,brooklyn,417 MAYFAIR DRIVE SOUTH NYC
3,DYKER HEIGHTS,01 ONE FAMILY DWELLINGS,1,6242,41,A9,1184 77TH STREET,11228.0,1.0,0.0,1.0,1783.0,1312.0,1920.0,1,A9,980000,2019-05-30,brooklyn,1184 77TH STREET NYC
3,GOWANUS,29 COMMERCIAL GARAGES,4,1009,8,G1,198 9TH STREET,11215.0,0.0,1.0,1.0,1485.0,760.0,1920.0,4,G1,1100000,2019-03-15,brooklyn,198 9TH STREET NYC
4,ST. ALBANS,01 ONE FAMILY DWELLINGS,1,11034,28,A1,194-46 115TH AVENUE,11412.0,1.0,0.0,1.0,2375.0,1443.0,1920.0,1,A1,440000,2019-08-07,queens,194-46 115TH AVENUE NYC
4,BROAD CHANNEL,01 ONE FAMILY DWELLINGS,1,15461,1,A2,916 CROSS BAY BOULEVARD,11693.0,1.0,0.0,1.0,1625.0,680.0,1935.0,1,A2,325000,2019-07-02,queens,916 CROSS BAY BOULEVARD NYC
3,CYPRESS HILLS,01 ONE FAMILY DWELLINGS,1,4148,61,A9,306 AUTUMN AVE,11208.0,1.0,0.0,1.0,1875.0,1246.0,1910.0,1,A9,640000,2019-05-21,brooklyn,306 AUTUMN AVE NYC
5,NEW DORP,02 TWO FAMILY DWELLINGS,1,4192,20,B2,22 2 STREET,10306.0,2.0,0.0,2.0,3750.0,2499.0,2017.0,1,B2,1016214,2019-04-12,statenisland,22 2 STREET NYC
3,SUNSET PARK,02 TWO FAMILY DWELLINGS,1,913,63,B9,523 40TH STREET,11232.0,2.0,0.0,2.0,2003.0,1800.0,1915.0,1,B9,1000000,2019-09-10,brooklyn,523 40TH STREET NYC
3,FLATBUSH-CENTRAL,02 TWO FAMILY DWELLINGS,1,5223,102,S2,1264 FLATBUSH AVENUE,11226.0,2.0,1.0,3.0,1910.0,4060.0,1933.0,1,S2,1500000,2019-08-19,brooklyn,1264 FLATBUSH AVENUE NYC
4,HOWARD BEACH,01 ONE FAMILY DWELLINGS,1,14042,16,A2,161-16 87TH STREET,11414.0,1.0,0.0,1.0,4017.0,2366.0,1955.0,1,A2,975000,2019-09-20,queens,161-16 87TH STREET NYC
3,FLATBUSH-CENTRAL,01 ONE FAMILY DWELLINGS,1,6690,75,A1,19 WELLINGTON COURT,11230.0,1.0,0.0,1.0,4600.0,2444.0,1910.0,1,A1,1355000,2019-06-19,brooklyn,19 WELLINGTON COURT NYC
3,EAST NEW YORK,02 TWO FAMILY DWELLINGS,1,4269,44,B1,668 AUTUMN AVE,11208.0,2.0,0.0,2.0,2000.0,1840.0,1960.0,1,B1,520000,2019-09-09,brooklyn,668 AUTUMN AVE NYC
4,FLUSHING-SOUTH,01 ONE FAMILY DWELLINGS,1,6960,1,A2,172-17 73RD AVENUE,11366.0,1.0,0.0,1.0,3656.0,1166.0,1950.0,1,A2,760000,2019-12-20,queens,172-17 73RD AVENUE NYC
4,HOLLIS,02 TWO FAMILY DWELLINGS,1,10476,19,B2,93-41 202ND STREET,11423.0,2.0,0.0,2.0,2400.0,2144.0,1920.0,1,B2,450000,2019-02-07,queens,93-41 202ND STREET NYC
3,SHEEPSHEAD BAY,02 TWO FAMILY DWELLINGS,1,8782,114,B3,2729 EAST 23RD STREET,11235.0,2.0,0.0,2.0,3192.0,1624.0,1901.0,1,B3,850000,2019-12-17,brooklyn,2729 EAST 23RD STREET NYC
4,CAMBRIA HEIGHTS,01 ONE FAMILY DWELLINGS,1,12754,60,A5,118-11 SPRINGFIELD BLVD,11411.0,1.0,0.0,1.0,3556.0,1224.0,1950.0,1,A5,349830,2019-08-08,queens,118-11 SPRINGFIELD BLVD NYC
4,FLUSHING-SOUTH,01 ONE FAMILY DWELLINGS,1,6914,1,A2,65-56 174TH STREET,11365.0,1.0,0.0,1.0,4000.0,1300.0,1950.0,1,A2,780000,2019-10-16,queens,65-56 174TH STREET NYC
3,SHEEPSHEAD BAY,02 TWO FAMILY DWELLINGS,1,8799,23,B9,2746 FORD STREET,11235.0,2.0,0.0,2.0,1900.0,2280.0,1955.0,1,B9,1050000,2019-08-14,brooklyn,2746 FORD STREET NYC
3,SHEEPSHEAD BAY,02 TWO FAMILY DWELLINGS,1,7344,31,B3,2160 HOMECREST AVENUE,11229.0,2.0,0.0,2.0,2400.0,1579.0,1930.0,1,B3,765000,2019-10-04,brooklyn,2160 HOMECREST AVENUE NYC
4,SO. JAMAICA-BAISLEY PARK,01 ONE FAMILY DWELLINGS,1,12041,122,A5,144-24 120TH AVENUE,11436.0,1.0,0.0,1.0,1250.0,896.0,1940.0,1,A5,495000,2019-06-18,queens,144-24 120TH AVENUE NYC
5,GREAT KILLS,01 ONE FAMILY DWELLINGS,1,4477,81,A5,20 ELK COURT,10306.0,1.0,0.0,1.0,625.0,1525.0,1990.0,1,A5,475000,2019-11-22,statenisland,20 ELK COURT NYC
3,EAST NEW YORK,02 TWO FAMILY DWELLINGS,1,4333,61,B1,705 JEROME STREET,11207.0,2.0,0.0,2.0,2000.0,1952.0,1955.0,1,B1,665000,2019-07-17,brooklyn,705 JEROME STREET NYC
4,RICHMOND HILL,01 ONE FAMILY DWELLINGS,1,9206,19,A5,110-21 84TH AVENUE,11418.0,1.0,0.0,1.0,4000.0,1288.0,1925.0,1,A5,637629,2019-08-16,queens,110-21 84TH AVENUE NYC
3,SUNSET PARK,02 TWO FAMILY DWELLINGS,1,739,21,B9,"570 44TH STREET, 9",11220.0,2.0,0.0,2.0,2003.0,2952.0,1905.0,1,B9,600000,2019-10-23,brooklyn,"570 44TH STREET, 9 NYC"
2,PELHAM PARKWAY NORTH,01 ONE FAMILY DWELLINGS,1,4437,139,A5,2439 MATTHEWS AVENUE,10467.0,1.0,0.0,1.0,2300.0,1530.0,1955.0,1,A5,560000,2019-08-23,bronx,2439 MATTHEWS AVENUE NYC
4,OAKLAND GARDENS,02 TWO FAMILY DWELLINGS,1,7650,14,B2,6120 228 STREET,11364.0,2.0,0.0,2.0,4000.0,2288.0,1950.0,1,B2,1340000,2019-09-24,queens,6120 228 STREET NYC
5,BULLS HEAD,01 ONE FAMILY DWELLINGS,1,1616,70,A5,307 LAMBERTS LANE,10314.0,1.0,0.0,1.0,1350.0,1150.0,1986.0,1,A9,422500,2019-07-24,statenisland,307 LAMBERTS LANE NYC
4,HOLLIS,01 ONE FAMILY DWELLINGS,1,10349,70,A2,183-25 BRINKERHOFF AVENUE,11412.0,1.0,0.0,1.0,4000.0,1200.0,1945.0,1,A2,540000,2019-06-18,queens,183-25 BRINKERHOFF AVENUE NYC
3,FLATBUSH-CENTRAL,02 TWO FAMILY DWELLINGS,1,5087,73,B1,155 MARTENSE STREET,11226.0,2.0,0.0,2.0,2600.0,2144.0,1901.0,1,B1,1180000,2019-06-25,brooklyn,155 MARTENSE STREET NYC
4,ELMHURST,02 TWO FAMILY DWELLINGS,1,1349,12,B2,69-20 WOODSIDE AVENUE,11377.0,2.0,0.0,2.0,2634.0,1700.0,1925.0,1,B2,750000,2019-12-18,queens,69-20 WOODSIDE AVENUE NYC
4,EAST ELMHURST,01 ONE FAMILY DWELLINGS,1,1645,34,A1,24-45 GILLMORE STREET,11369.0,1.0,0.0,1.0,2328.0,1336.0,1925.0,1,A1,574847,2019-09-20,queens,24-45 GILLMORE STREET NYC
4,HOLLIS,01 ONE FAMILY DWELLINGS,1,10918,33,A5,208-03 HOLLIS AVENUE,11429.0,1.0,0.0,1.0,1710.0,1831.0,1945.0,1,A5,430000,2019-01-02,queens,208-03 HOLLIS AVENUE NYC
3,DYKER HEIGHTS,02 TWO FAMILY DWELLINGS,1,6291,62,B9,1235 82ND STREET,11228.0,2.0,0.0,2.0,2933.0,2437.0,1960.0,1,B9,1575000,2019-03-19,brooklyn,1235 82ND STREET NYC
4,HOWARD BEACH,01 ONE FAMILY DWELLINGS,1,14177,19,A1,15928 98TH STREET,11414.0,1.0,0.0,1.0,3000.0,1312.0,1925.0,1,A1,700000,2019-09-18,queens,15928 98TH STREET NYC
5,NEW SPRINGVILLE,01 ONE FAMILY DWELLINGS,1,2373,147,A5,25 MC VEIGH AVENUE,10314.0,1.0,0.0,1.0,2400.0,1600.0,1980.0,1,A5,615000,2019-06-25,statenisland,25 MC VEIGH AVENUE NYC
4,ST. ALBANS,01 ONE FAMILY DWELLINGS,1,12656,13,A1,119-14 201ST STREET,11412.0,1.0,0.0,1.0,2600.0,1280.0,1940.0,1,A1,550000,2019-09-19,queens,119-14 201ST STREET NYC
4,ARVERNE,02 TWO FAMILY DWELLINGS,1,16027,39,B2,615 BEACH 66 STREET,11692.0,2.0,0.0,2.0,3500.0,2150.0,2001.0,1,B2,451830,2019-06-05,queens,615 BEACH 66 STREET NYC
4,ST. ALBANS,01 ONE FAMILY DWELLINGS,1,12394,112,A1,114-36 173RD STREET,11434.0,1.0,0.0,1.0,4000.0,2045.0,1935.0,1,A1,415000,2019-05-31,queens,114-36 173RD STREET NYC
3,BUSHWICK,02 TWO FAMILY DWELLINGS,1,3387,31,B2,1072 JEFFERSON AVENUE,11221.0,2.0,0.0,2.0,1800.0,2700.0,1920.0,1,B2,560000,2019-08-09,brooklyn,1072 JEFFERSON AVENUE NYC
4,HILLCREST,01 ONE FAMILY DWELLINGS,1,7042,38,A2,82-18 168TH STREET,11432.0,1.0,0.0,1.0,3924.0,1325.0,1950.0,1,A2,629000,2019-02-14,queens,82-18 168TH STREET NYC
5,TOTTENVILLE,02 TWO FAMILY DWELLINGS,1,8043,25,B2,261 WOOD AVENUE,10307.0,2.0,0.0,2.0,3325.0,2025.0,1998.0,1,B2,514267,2019-02-05,statenisland,261 WOOD AVENUE NYC
3,FLATBUSH-EAST,01 ONE FAMILY DWELLINGS,1,4939,26,A1,535 EAST 39TH STREET,11203.0,1.0,0.0,1.0,2095.0,1280.0,1920.0,1,A1,424000,2019-07-23,brooklyn,535 EAST 39TH STREET NYC
3,EAST NEW YORK,02 TWO FAMILY DWELLINGS,1,4020,25,B2,448 SHEPHERD AVENUE,11208.0,2.0,0.0,2.0,2500.0,1800.0,1920.0,1,B2,515000,2019-09-09,brooklyn,448 SHEPHERD AVENUE NYC
5,SOUTH BEACH,01 ONE FAMILY DWELLINGS,1,3121,98,A5,N/A WATERFORD COURT,10305.0,1.0,0.0,1.0,2700.0,1460.0,2019.0,1,A5,743221,2019-08-06,statenisland,N/A WATERFORD COURT NYC
4,RICHMOND HILL,02 TWO FAMILY DWELLINGS,1,9279,99,B2,86-41 125TH STREET,11418.0,2.0,0.0,2.0,2175.0,2144.0,1925.0,1,B2,651680,2019-12-13,queens,86-41 125TH STREET NYC
2,WILLIAMSBRIDGE,01 ONE FAMILY DWELLINGS,1,4664,6,A9,3711 BARNES AVENUE,10467.0,1.0,0.0,1.0,1958.0,1744.0,1950.0,1,A9,489999,2019-09-12,bronx,3711 BARNES AVENUE NYC
3,MARINE PARK,01 ONE FAMILY DWELLINGS,1,7714,20,A5,1749 EAST 31ST STREET,11234.0,1.0,0.0,1.0,2000.0,1500.0,1940.0,1,A5,795000,2019-01-07,brooklyn,1749 EAST 31ST STREET NYC
5,CLOVE LAKES,02 TWO FAMILY DWELLINGS,1,309,43,B2,914 FOREST AVENUE,10310.0,2.0,0.0,2.0,4320.0,2088.0,1928.0,1,B2,550000,2019-07-29,statenisland,914 FOREST AVENUE NYC
4,SOUTH JAMAICA,02 TWO FAMILY DWELLINGS,1,10088,27,B2,146-49 107TH AVENUE,11435.0,2.0,0.0,2.0,2500.0,2151.0,1920.0,1,B2,463000,2019-03-27,queens,146-49 107TH AVENUE NYC
3,EAST NEW YORK,07 RENTALS - WALKUP APARTMENTS,1,4164,48,B1,91 MCKINLEY,11208.0,2.0,0.0,2.0,2500.0,2494.0,1905.0,2,C3,890000,2019-02-22,brooklyn,91 MCKINLEY NYC
4,LAURELTON,02 TWO FAMILY DWELLINGS,1,13119,6,B2,22403 137TH AVE,11413.0,2.0,0.0,2.0,4509.0,2400.0,2018.0,1,B2,967338,2019-08-06,queens,22403 137TH AVE NYC
3,CANARSIE,01 ONE FAMILY DWELLINGS,1,8306,71,A5,1466 EAST 104 STREET,11236.0,1.0,0.0,1.0,2133.0,1584.0,1960.0,1,A5,625000,2019-05-07,brooklyn,1466 EAST 104 STREET NYC
5,ARDEN HEIGHTS,01 ONE FAMILY DWELLINGS,1,5741,92,A5,262 ILYSSA WAY,10312.0,1.0,0.0,1.0,560.0,1553.0,1996.0,1,A5,335000,2019-07-16,statenisland,262 ILYSSA WAY NYC
3,MARINE PARK,01 ONE FAMILY DWELLINGS,1,7709,19,A9,1655 E. 36TH STREET,11234.0,1.0,0.0,1.0,1800.0,1064.0,1920.0,1,A9,415000,2019-01-10,brooklyn,1655 E. 36TH STREET NYC
4,GLENDALE,01 ONE FAMILY DWELLINGS,1,3845,66,A1,78-40 87TH STREET,11385.0,1.0,0.0,1.0,2500.0,1438.0,1920.0,1,A1,775000,2019-05-10,queens,78-40 87TH STREET NYC
4,ROSEDALE,01 ONE FAMILY DWELLINGS,1,13494,95,A2,144-48 225TH STREET,11413.0,1.0,0.0,1.0,4725.0,1463.0,1925.0,1,A2,400000,2019-11-06,queens,144-48 225TH STREET NYC
5,ARDEN HEIGHTS,01 ONE FAMILY DWELLINGS,1,6022,140,A5,19 DAFFODIL COURT,10312.0,1.0,0.0,1.0,1170.0,1339.0,1984.0,1,A5,455000,2019-04-09,statenisland,19 DAFFODIL COURT NYC
4,COLLEGE POINT,02 TWO FAMILY DWELLINGS,1,4199,5,B2,22-39 123 STREET,11356.0,2.0,0.0,2.0,2500.0,2736.0,1920.0,1,B2,825000,2019-12-05,queens,22-39 123 STREET NYC
2,BRONXDALE,01 ONE FAMILY DWELLINGS,1,4634,67,A5,3341 RADCLIFF AVE,10469.0,1.0,0.0,1.0,2300.0,1727.0,1935.0,1,A5,590000,2019-02-08,bronx,3341 RADCLIFF AVE NYC
2,BRONXDALE,01 ONE FAMILY DWELLINGS,1,4557,16,A5,2922 LURTING AVENUE,10469.0,1.0,0.0,1.0,1775.0,1683.0,1950.0,1,A5,327500,2019-01-31,bronx,2922 LURTING AVENUE NYC
4,FAR ROCKAWAY,01 ONE FAMILY DWELLINGS,1,15593,11,A1,6-19 LANETT AVENUE,11691.0,1.0,0.0,1.0,3620.0,2250.0,1993.0,1,A1,1175000,2019-05-01,queens,6-19 LANETT AVENUE NYC
4,ARVERNE,02 TWO FAMILY DWELLINGS,1,16091,29,B2,76-01 AQUATIC DRIVE,11692.0,2.0,0.0,2.0,2596.0,2238.0,2004.0,1,B2,748888,2019-12-05,queens,76-01 AQUATIC DRIVE NYC
4,HOWARD BEACH,01 ONE FAMILY DWELLINGS,1,14082,7,A2,8816 164TH AVENUE,11414.0,1.0,0.0,1.0,4000.0,2500.0,1965.0,1,A2,760000,2019-08-08,queens,8816 164TH AVENUE NYC
4,SOUTH OZONE PARK,01 ONE FAMILY DWELLINGS,1,11805,41,A1,135-16 LEFFERTS BLVD,11420.0,1.0,0.0,1.0,2000.0,1322.0,1925.0,1,A1,555000,2019-10-09,queens,135-16 LEFFERTS BLVD NYC
3,SHEEPSHEAD BAY,02 TWO FAMILY DWELLINGS,1,8763,1,B3,1101 BANNER AVENUE,11235.0,2.0,0.0,2.0,826.0,1382.0,1920.0,1,B3,710000,2019-02-07,brooklyn,1101 BANNER AVENUE NYC
3,SHEEPSHEAD BAY,29 COMMERCIAL GARAGES,4,8809,26,G2,2995 CONEY ISLAND AVENUE,11235.0,0.0,1.0,1.0,4298.0,3755.0,1951.0,4,G2,1030000,2019-05-16,brooklyn,2995 CONEY ISLAND AVENUE NYC
3,CYPRESS HILLS,01 ONE FAMILY DWELLINGS,1,4106,85,A5,315 ETNA STREET,11208.0,1.0,0.0,1.0,1520.0,1466.0,1920.0,1,A5,610000,2019-10-09,brooklyn,315 ETNA STREET NYC
5,TOMPKINSVILLE,01 ONE FAMILY DWELLINGS,1,571,65,A1,202 ST PAULS AVENUE,10304.0,1.0,0.0,1.0,3000.0,1372.0,1905.0,1,A1,610000,2019-12-23,statenisland,202 ST PAULS AVENUE NYC
4,SOUTH JAMAICA,02 TWO FAMILY DWELLINGS,1,12144,1,B2,153-05 109 DRIVE,11433.0,2.0,0.0,2.0,2000.0,1600.0,1998.0,1,B2,720000,2019-05-16,queens,153-05 109 DRIVE NYC
4,EAST ELMHURST,01 ONE FAMILY DWELLINGS,1,1373,81,A5,25-39 99TH STREET,11369.0,1.0,0.0,1.0,2000.0,1732.0,1935.0,1,A5,725000,2019-02-22,queens,25-39 99TH STREET NYC
2,WILLIAMSBRIDGE,02 TWO FAMILY DWELLINGS,1,4872,15,B2,1033 EAST 225 STREET,10466.0,2.0,0.0,2.0,2725.0,3592.0,1930.0,1,B2,560038,2019-01-04,bronx,1033 EAST 225 STREET NYC
2,MORRISANIA/LONGWOOD,01 ONE FAMILY DWELLINGS,1,2722,17,A5,861 SOUTHERN BOULEVARD,10459.0,1.0,0.0,1.0,2000.0,2520.0,1987.0,1,A5,505000,2019-10-30,bronx,861 SOUTHERN BOULEVARD NYC
3,FLATBUSH-EAST,02 TWO FAMILY DWELLINGS,1,4881,16,B1,362 EAST 45TH STREET,11203.0,2.0,0.0,2.0,2550.0,2360.0,1920.0,1,B1,810000,2019-11-21,brooklyn,362 EAST 45TH STREET NYC
2,BATHGATE,02 TWO FAMILY DWELLINGS,1,3050,64,B2,506 EAST 183 STREET,10458.0,2.0,0.0,2.0,1316.0,2112.0,1901.0,1,B2,477134,2019-08-01,bronx,506 EAST 183 STREET NYC
4,HOLLIS,01 ONE FAMILY DWELLINGS,1,10853,52,A0,99-17 205TH PLACE,11423.0,1.0,0.0,1.0,4150.0,1172.0,1950.0,1,A0,650000,2019-04-08,queens,99-17 205TH PLACE NYC
3,EAST NEW YORK,07 RENTALS - WALKUP APARTMENTS,2A,3822,14,C3,519 SHEFFIELD AVENUE,11207.0,4.0,0.0,4.0,2375.0,3280.0,1930.0,2,C3,825000,2019-07-09,brooklyn,519 SHEFFIELD AVENUE NYC
5,NEW SPRINGVILLE,01 ONE FAMILY DWELLINGS,1,2377,63,A5,268 MONAHAN AVENUE,10314.0,1.0,0.0,1.0,2200.0,1624.0,1980.0,1,A5,625000,2019-10-29,statenisland,268 MONAHAN AVENUE NYC
3,GRAVESEND,02 TWO FAMILY DWELLINGS,1,7142,6,B9,126 AVENUE V,11223.0,2.0,0.0,2.0,1800.0,2052.0,1960.0,1,B9,999000,2019-12-16,brooklyn,126 AVENUE V NYC
4,RIDGEWOOD,07 RENTALS - WALKUP APARTMENTS,2A,3478,19,C3,1916 GATES AVENUE,11385.0,4.0,0.0,4.0,2500.0,2750.0,1930.0,2,C3,1300000,2019-10-28,queens,1916 GATES AVENUE NYC
2,SOUNDVIEW,02 TWO FAMILY DWELLINGS,1,3878,32,B2,1820 MCGRAW AVE.,10472.0,2.0,0.0,2.0,2017.0,2292.0,1920.0,1,B2,685000,2019-01-11,bronx,1820 MCGRAW AVE. NYC
3,BENSONHURST,02 TWO FAMILY DWELLINGS,1,6175,52,B9,2161 71ST STREET,11204.0,2.0,0.0,2.0,2500.0,2480.0,1930.0,1,B9,1668888,2019-11-20,brooklyn,2161 71ST STREET NYC
4,SO. JAMAICA-BAISLEY PARK,02 TWO FAMILY DWELLINGS,1,12047,63,B3,123-18 145 STREET,11436.0,2.0,0.0,2.0,3000.0,896.0,1920.0,1,B3,760000,2019-01-02,queens,123-18 145 STREET NYC
3,FLATBUSH-NORTH,01 ONE FAMILY DWELLINGS,1,4643,20,A5,6 EAST 57TH STREET,11203.0,1.0,0.0,1.0,1600.0,1540.0,1950.0,1,A5,632000,2019-05-13,brooklyn,6 EAST 57TH STREET NYC
4,ASTORIA,01 ONE FAMILY DWELLINGS,1,786,149,A5,20-30 45TH STREET,11105.0,1.0,0.0,1.0,2000.0,1440.0,1940.0,1,A5,892000,2019-08-01,queens,20-30 45TH STREET NYC
4,WOODHAVEN,02 TWO FAMILY DWELLINGS,1,8843,119,S2,79-11 JAMAICA AVENUE,11421.0,2.0,1.0,3.0,1817.0,3300.0,1910.0,1,S2,1500000,2019-02-12,queens,79-11 JAMAICA AVENUE NYC
3,MARINE PARK,01 ONE FAMILY DWELLINGS,1,8480,35,A9,1825 EAST 36TH STREET,11234.0,1.0,0.0,1.0,1800.0,1078.0,1925.0,1,A9,688000,2019-10-10,brooklyn,1825 EAST 36TH STREET NYC
3,FLATBUSH-CENTRAL,01 ONE FAMILY DWELLINGS,1,5158,27,A1,418 EAST 16TH STREET,11226.0,1.0,0.0,1.0,2625.0,2099.0,1910.0,1,A1,1400000,2019-03-07,brooklyn,418 EAST 16TH STREET NYC
3,FLATBUSH-EAST,01 ONE FAMILY DWELLINGS,1,4900,34,A9,946 SCHENECTADY AVENUE,11203.0,1.0,0.0,1.0,1600.0,1312.0,1920.0,1,A9,620000,2019-05-17,brooklyn,946 SCHENECTADY AVENUE NYC
2,CASTLE HILL/UNIONPORT,02 TWO FAMILY DWELLINGS,1,3486,54,B2,326 CASTLE HILL AVENUE,10473.0,2.0,0.0,2.0,2519.0,1902.0,2000.0,1,B2,605000,2019-01-28,bronx,326 CASTLE HILL AVENUE NYC
4,BAYSIDE,01 ONE FAMILY DWELLINGS,1,5790,35,A0,199-45 23RD AVENUE,11357.0,1.0,0.0,1.0,4600.0,1848.0,1945.0,1,A0,895000,2019-05-10,queens,199-45 23RD AVENUE NYC
3,CANARSIE,02 TWO FAMILY DWELLINGS,1,8065,22,B9,1245 EAST 86TH STREET,11236.0,2.0,0.0,2.0,2000.0,2070.0,1955.0,1,B9,725000,2019-07-11,brooklyn,1245 EAST 86TH STREET NYC
4,SOUTH OZONE PARK,01 ONE FAMILY DWELLINGS,1,11664,44,A1,115-31 120TH STREET,11420.0,1.0,0.0,1.0,2400.0,1296.0,1920.0,1,A1,390000,2019-12-27,queens,115-31 120TH STREET NYC
4,FLUSHING-NORTH,02 TWO FAMILY DWELLINGS,1,5553,34,B9,46-22 197TH STREET,11358.0,2.0,0.0,2.0,4200.0,1800.0,1965.0,1,B9,999000,2019-07-11,queens,46-22 197TH STREET NYC
2,COUNTRY CLUB,03 THREE FAMILY DWELLINGS,1,5413,17,C0,1623 KENNELWORTH PL,10465.0,3.0,0.0,3.0,4268.0,2376.0,1925.0,1,C0,595000,2019-01-03,bronx,1623 KENNELWORTH PL NYC
4,MASPETH,01 ONE FAMILY DWELLINGS,1,2357,57,A5,51-52 65TH STREET,11377.0,1.0,0.0,1.0,2820.0,1620.0,1945.0,1,A5,860000,2019-09-03,queens,51-52 65TH STREET NYC
4,LITTLE NECK,01 ONE FAMILY DWELLINGS,1,8263,78,A1,48-42 GLENWOOD STREET,11362.0,1.0,0.0,1.0,4800.0,1940.0,1925.0,1,A1,949500,2019-10-04,queens,48-42 GLENWOOD STREET NYC
2,SCHUYLERVILLE/PELHAM BAY,01 ONE FAMILY DWELLINGS,1,5355,44,A5,1309 GILLESPIE AVENUE,10461.0,1.0,0.0,1.0,1452.0,1348.0,1955.0,1,A5,530000,2019-09-30,bronx,1309 GILLESPIE AVENUE NYC
4,SOUTH JAMAICA,01 ONE FAMILY DWELLINGS,1,10186,10,A1,167-28 109 AVE,11433.0,1.0,0.0,1.0,2639.0,1264.0,1925.0,1,A1,635000,2019-08-15,queens,167-28 109 AVE NYC
3,WILLIAMSBURG-SOUTH,02 TWO FAMILY DWELLINGS,1,2450,102,B2,326 KEAP STREET,11211.0,2.0,0.0,2.0,2000.0,2505.0,2000.0,1,B2,1775000,2019-09-11,brooklyn,326 KEAP STREET NYC
4,ELMHURST,03 THREE FAMILY DWELLINGS,1,1852,21,C0,91-22 50TH AVENUE,11373.0,3.0,0.0,3.0,2708.0,2148.0,1925.0,1,C0,1280000,2019-04-11,queens,91-22 50TH AVENUE NYC
3,BROWNSVILLE,03 THREE FAMILY DWELLINGS,1,3567,20,C0,243 GRAFTON STREET,11212.0,3.0,0.0,3.0,2237.0,2901.0,2005.0,1,C0,620500,2019-03-21,brooklyn,243 GRAFTON STREET NYC
4,CAMBRIA HEIGHTS,01 ONE FAMILY DWELLINGS,1,12822,60,A2,120-46 238TH STREET,11411.0,1.0,0.0,1.0,4100.0,882.0,1950.0,1,A2,666588,2019-03-04,queens,120-46 238TH STREET NYC
4,QUEENS VILLAGE,01 ONE FAMILY DWELLINGS,1,10660,86,A1,89-19 216TH STREET,11427.0,1.0,0.0,1.0,3000.0,1486.0,1930.0,1,A1,478000,2019-12-16,queens,89-19 216TH STREET NYC
4,FLUSHING-SOUTH,02 TWO FAMILY DWELLINGS,1,6616,17,B1,141-07 70TH AVENUE,11367.0,2.0,0.0,2.0,1620.0,2736.0,1940.0,1,B1,1065000,2019-05-09,queens,141-07 70TH AVENUE NYC
3,GRAVESEND,02 TWO FAMILY DWELLINGS,1,6648,68,B3,1783 WEST 9TH STREET,11223.0,2.0,0.0,2.0,1700.0,1296.0,1910.0,1,B3,838000,2019-09-23,brooklyn,1783 WEST 9TH STREET NYC
3,MIDWOOD,01 ONE FAMILY DWELLINGS,1,7611,12,A9,1081 EAST 29TH STREET,11210.0,1.0,0.0,1.0,2100.0,1408.0,1925.0,1,A9,880000,2019-02-28,brooklyn,1081 EAST 29TH STREET NYC
5,GRASMERE,02 TWO FAMILY DWELLINGS,1,3179,19,B1,70 VENICE AVENUE,10304.0,2.0,0.0,2.0,4200.0,1600.0,1960.0,1,B1,680000,2019-03-13,statenisland,70 VENICE AVENUE NYC
4,OZONE PARK,02 TWO FAMILY DWELLINGS,1,11404,77,B1,138-07 LAFAYETTE STREET,11417.0,2.0,0.0,2.0,2167.0,2772.0,1960.0,1,B1,692000,2019-04-24,queens,138-07 LAFAYETTE STREET NYC
4,SOUTH OZONE PARK,02 TWO FAMILY DWELLINGS,1,11699,49,B3,117-33 135TH STREET,11420.0,2.0,0.0,2.0,4177.0,1280.0,1925.0,1,B3,441090,2019-05-30,queens,117-33 135TH STREET NYC
4,LONG ISLAND CITY,02 TWO FAMILY DWELLINGS,1,397,28,B9,39-30 28TH STREET,11101.0,2.0,0.0,2.0,2521.0,2376.0,1901.0,1,B9,1600000,2019-03-18,queens,39-30 28TH STREET NYC
3,FLATBUSH-CENTRAL,07 RENTALS - WALKUP APARTMENTS,2A,5192,82,C3,305 EAST 26TH STREET,11226.0,4.0,0.0,4.0,2500.0,3198.0,1932.0,2,C3,1250000,2019-05-03,brooklyn,305 EAST 26TH STREET NYC
2,WAKEFIELD,01 ONE FAMILY DWELLINGS,1,5046,47,A5,4369 FURMAN AVENUE,10466.0,1.0,0.0,1.0,1800.0,1813.0,1960.0,1,A5,445000,2019-02-12,bronx,4369 FURMAN AVENUE NYC
4,SO. JAMAICA-BAISLEY PARK,01 ONE FAMILY DWELLINGS,1,11971,60,A1,114-13 141 STREET,11436.0,1.0,0.0,1.0,2000.0,868.0,1920.0,1,A1,442000,2019-07-19,queens,114-13 141 STREET NYC
5,WILLOWBROOK,01 ONE FAMILY DWELLINGS,1,781,18,A1,696 HARRIS AVENUE,10314.0,1.0,0.0,1.0,4279.0,2432.0,1970.0,1,A1,865000,2019-09-19,statenisland,696 HARRIS AVENUE NYC
2,WILLIAMSBRIDGE,02 TWO FAMILY DWELLINGS,1,4663,45,B1,756 EAST 216TH STREET,10467.0,2.0,0.0,2.0,1905.0,2000.0,2005.0,1,B1,630000,2019-09-09,bronx,756 EAST 216TH STREET NYC
5,NEW DORP,02 TWO FAMILY DWELLINGS,1,4041,18,B9,41 WINHAM AVENUE,10306.0,2.0,0.0,2.0,3686.0,1900.0,2012.0,1,B9,820000,2019-01-30,statenisland,41 WINHAM AVENUE NYC
4,SOUTH JAMAICA,01 ONE FAMILY DWELLINGS,1,12172,50,A1,156-04 113TH AVENUE,11433.0,1.0,0.0,1.0,3000.0,1208.0,1925.0,1,A1,415740,2019-05-31,queens,156-04 113TH AVENUE NYC
3,FLATBUSH-EAST,01 ONE FAMILY DWELLINGS,1,5013,5,A1,3815 GLENWOOD RD,11210.0,1.0,0.0,1.0,2375.0,1402.0,1930.0,1,A1,455000,2019-11-15,brooklyn,3815 GLENWOOD RD NYC
2,KINGSBRIDGE HTS/UNIV HTS,22 STORE BUILDINGS,4,3197,16,K1,35 WEST 183 STREET,10453.0,0.0,1.0,1.0,2250.0,2250.0,1910.0,4,K1,650000,2019-09-19,bronx,35 WEST 183 STREET NYC
2,SOUNDVIEW,02 TWO FAMILY DWELLINGS,1,3599,23,B1,736 TAYLOR AVENUE,10473.0,2.0,0.0,2.0,2500.0,2260.0,1920.0,1,B1,680000,2019-04-18,bronx,736 TAYLOR AVENUE NYC
2,PELHAM GARDENS,01 ONE FAMILY DWELLINGS,1,4394,16,A5,2366 WOODHULL AVENUE,10469.0,1.0,0.0,1.0,2500.0,2071.0,1945.0,1,A5,595000,2019-05-17,bronx,2366 WOODHULL AVENUE NYC
2,BRONXDALE,07 RENTALS - WALKUP APARTMENTS,2A,4514,26,C3,2770 MATTHEWS AVENUE,10467.0,4.0,0.0,4.0,3400.0,3808.0,1931.0,2,C3,855000,2019-07-22,bronx,2770 MATTHEWS AVENUE NYC
4,WHITESTONE,01 ONE FAMILY DWELLINGS,1,4653,5,A1,19-11 147TH STREET,11357.0,1.0,0.0,1.0,2550.0,1812.0,1940.0,1,A1,888888,2019-12-09,queens,19-11 147TH STREET NYC
4,HOLLIS,02 TWO FAMILY DWELLINGS,1,9910,24,B3,91-11 187TH PLACE,11423.0,2.0,0.0,2.0,3016.0,1636.0,1915.0,1,B3,429000,2019-11-14,queens,91-11 187TH PLACE NYC
3,OCEAN PARKWAY-SOUTH,01 ONE FAMILY DWELLINGS,1,7091,137,A9,920 HOMECREST COURT,11223.0,1.0,0.0,1.0,1925.0,1192.0,1920.0,1,A9,799999,2019-12-13,brooklyn,920 HOMECREST COURT NYC
4,HOLLIS,01 ONE FAMILY DWELLINGS,1,10879,74,A1,99-41 211TH STREET,11429.0,1.0,0.0,1.0,4800.0,2336.0,1925.0,1,A1,455000,2019-12-04,queens,99-41 211TH STREET NYC
4,FLUSHING-SOUTH,01 ONE FAMILY DWELLINGS,1,7008,47,A5,76-73 172 STREET,11366.0,1.0,0.0,1.0,2510.0,1472.0,1960.0,1,A5,832500,2019-01-28,queens,76-73 172 STREET NYC
4,SO. JAMAICA-BAISLEY PARK,01 ONE FAMILY DWELLINGS,1,12205,35,A1,150-23 119TH AVENUE,11434.0,1.0,0.0,1.0,2160.0,1216.0,1940.0,1,A1,480000,2019-01-03,queens,150-23 119TH AVENUE NYC
3,CANARSIE,02 TWO FAMILY DWELLINGS,1,8049,57,B9,1130 EAST 84TH STREET,11236.0,2.0,0.0,2.0,2000.0,2220.0,1955.0,1,B9,656000,2019-09-13,brooklyn,1130 EAST 84TH STREET NYC
5,TOTTENVILLE,02 TWO FAMILY DWELLINGS,1,8001,32,B2,88 TYRRELL STREET,10307.0,2.0,0.0,2.0,4364.0,2618.0,2019.0,1,B2,982611,2019-12-30,statenisland,88 TYRRELL STREET NYC
3,EAST NEW YORK,03 THREE FAMILY DWELLINGS,1,4157,64,C0,380 CHESTNUT COURT,11208.0,3.0,0.0,3.0,2000.0,2100.0,1920.0,1,C0,660000,2019-04-18,brooklyn,380 CHESTNUT COURT NYC
4,OZONE PARK,02 TWO FAMILY DWELLINGS,1,11491,61,B3,94-23 134TH AVENUE,11417.0,2.0,0.0,2.0,4000.0,2048.0,1930.0,1,B3,920000,2019-09-06,queens,94-23 134TH AVENUE NYC
5,CONCORD-FOX HILLS,01 ONE FAMILY DWELLINGS,1,2930,35,A5,138 MOSEL AVENUE,10304.0,1.0,0.0,1.0,1550.0,1460.0,2001.0,1,A5,490000,2019-08-16,statenisland,138 MOSEL AVENUE NYC
3,FLATBUSH-LEFFERTS GARDEN,02 TWO FAMILY DWELLINGS,1,5045,68,B3,87 WINTHROP STREET,11225.0,2.0,0.0,2.0,3781.0,2464.0,1910.0,1,B3,1670000,2019-07-11,brooklyn,87 WINTHROP STREET NYC
3,OCEAN PARKWAY-SOUTH,02 TWO FAMILY DWELLINGS,1,7219,27,B9,2514 OCEAN PARKWAY,11235.0,2.0,0.0,2.0,2589.0,1760.0,1955.0,1,B9,929000,2019-07-10,brooklyn,2514 OCEAN PARKWAY NYC
2,THROGS NECK,02 TWO FAMILY DWELLINGS,1,5582,105,B9,2745 MILES AVENUE,10465.0,2.0,0.0,2.0,2800.0,2052.0,1960.0,1,B9,675000,2019-04-01,bronx,2745 MILES AVENUE NYC
3,BOROUGH PARK,02 TWO FAMILY DWELLINGS,1,5713,44,B1,5912 15TH AVENUE,11219.0,2.0,0.0,2.0,1595.0,2500.0,1945.0,1,B1,1360000,2019-04-10,brooklyn,5912 15TH AVENUE NYC
2,PELHAM PARKWAY SOUTH,02 TWO FAMILY DWELLINGS,1,4323,39,B1,834 PELHAM PARKWAY SOUTH,10462.0,2.0,0.0,2.0,2567.0,2514.0,1920.0,1,B1,667000,2019-05-15,bronx,834 PELHAM PARKWAY SOUTH NYC
3,DYKER HEIGHTS,01 ONE FAMILY DWELLINGS,1,6278,19,A5,1130 80TH STREET,11228.0,1.0,0.0,1.0,2000.0,1332.0,1925.0,1,A5,1095000,2019-04-09,brooklyn,1130 80TH STREET NYC
4,BAYSIDE,01 ONE FAMILY DWELLINGS,1,5967,23,A2,198-23 27TH AVENUE,11358.0,1.0,0.0,1.0,4000.0,1053.0,1935.0,1,A2,765000,2019-06-05,queens,198-23 27TH AVENUE NYC
4,FAR ROCKAWAY,01 ONE FAMILY DWELLINGS,1,15505,11,A1,860 CENTRAL AVENUE,11691.0,1.0,0.0,1.0,4946.0,2112.0,1930.0,1,A1,910000,2019-01-11,queens,860 CENTRAL AVENUE NYC
4,FLUSHING-SOUTH,02 TWO FAMILY DWELLINGS,1,6384,8,B1,135-18 61ST ROAD,11367.0,2.0,0.0,2.0,4000.0,2652.0,1970.0,1,B1,1380000,2019-10-23,queens,135-18 61ST ROAD NYC
4,SOUTH OZONE PARK,02 TWO FAMILY DWELLINGS,1,11631,1,B3,126-02 111TH AVENUE,11420.0,2.0,0.0,2.0,2500.0,1915.0,1920.0,1,B3,625000,2019-11-04,queens,126-02 111TH AVENUE NYC
3,OCEAN HILL,02 TWO FAMILY DWELLINGS,1,1446,59,B1,1909 BERGEN STREET,11233.0,2.0,0.0,2.0,2143.0,2060.0,2003.0,1,B1,979000,2019-09-03,brooklyn,1909 BERGEN STREET NYC
4,SPRINGFIELD GARDENS,01 ONE FAMILY DWELLINGS,1,12484,103,A5,177-27 LESLIE ROAD,11434.0,1.0,0.0,1.0,2000.0,1420.0,1935.0,1,A5,485000,2019-09-27,queens,177-27 LESLIE ROAD NYC
2,SOUNDVIEW,02 TWO FAMILY DWELLINGS,1,3741,52,B1,1157 WARD AVENUE,10472.0,2.0,0.0,2.0,2500.0,2920.0,1940.0,1,B1,595676,2019-02-04,bronx,1157 WARD AVENUE NYC
4,OZONE PARK,01 ONE FAMILY DWELLINGS,1,9021,28,A9,85-03 97TH AVE,11416.0,1.0,0.0,1.0,1800.0,1032.0,1910.0,1,A9,555000,2019-11-22,queens,85-03 97TH AVE NYC
4,OZONE PARK,01 ONE FAMILY DWELLINGS,1,9150,64,A1,105-33 87TH STREET,11417.0,1.0,0.0,1.0,2400.0,1408.0,1925.0,1,A1,647000,2019-05-22,queens,105-33 87TH STREET NYC
3,SUNSET PARK,03 THREE FAMILY DWELLINGS,1,693,73,C0,417 36TH STREET,11232.0,3.0,0.0,3.0,1700.0,2295.0,1920.0,1,C0,1060000,2019-01-04,brooklyn,417 36TH STREET NYC
3,BAY RIDGE,02 TWO FAMILY DWELLINGS,1,6142,14,B3,247 DAHLGREN PLACE,11228.0,2.0,0.0,2.0,3187.0,1450.0,1910.0,1,B3,998000,2019-01-14,brooklyn,247 DAHLGREN PLACE NYC
5,CASTLETON CORNERS,01 ONE FAMILY DWELLINGS,1,365,82,A1,11 MILLER STREET,10314.0,1.0,0.0,1.0,3360.0,870.0,1925.0,1,A1,500000,2019-01-09,statenisland,11 MILLER STREET NYC
3,OLD MILL BASIN,02 TWO FAMILY DWELLINGS,1,8493,48,B3,1676 EAST 54TH STREET,11234.0,2.0,0.0,2.0,1900.0,1280.0,1925.0,1,B3,545000,2019-01-29,brooklyn,1676 EAST 54TH STREET NYC
3,FLATBUSH-CENTRAL,01 ONE FAMILY DWELLINGS,1,5230,80,A9,514 EAST 29TH STREET,11210.0,1.0,0.0,1.0,2000.0,1232.0,1915.0,1,A9,668500,2019-02-01,brooklyn,514 EAST 29TH STREET NYC
3,SEAGATE,02 TWO FAMILY DWELLINGS,1,6977,52,B2,3729 LYME AVENUE,11224.0,2.0,0.0,2.0,3333.0,2000.0,1920.0,1,B2,650000,2019-08-09,brooklyn,3729 LYME AVENUE NYC
3,DYKER HEIGHTS,02 TWO FAMILY DWELLINGS,1,5902,27,B1,948 71ST STREET,11228.0,2.0,0.0,2.0,2000.0,3120.0,1905.0,1,B1,1300000,2019-05-28,brooklyn,948 71ST STREET NYC
4,FLUSHING-NORTH,01 ONE FAMILY DWELLINGS,1,4819,20,A5,150-32 25TH DRIVE,11354.0,1.0,0.0,1.0,2660.0,1600.0,1935.0,1,A5,800000,2019-11-20,queens,150-32 25TH DRIVE NYC
3,FLATBUSH-NORTH,02 TWO FAMILY DWELLINGS,1,1325,60,B1,19 LAMONT COURT,11225.0,2.0,0.0,2.0,1868.0,1408.0,1940.0,1,B1,1100000,2019-11-06,brooklyn,19 LAMONT COURT NYC
4,FLUSHING-NORTH,02 TWO FAMILY DWELLINGS,1,5664,36,B3,53-51 193RD STREET,11365.0,2.0,0.0,2.0,4000.0,2756.0,1950.0,1,B3,1680000,2019-04-16,queens,53-51 193RD STREET NYC
3,EAST NEW YORK,03 THREE FAMILY DWELLINGS,1,3996,4,C0,295 SCHENCK AVENUE,11207.0,3.0,0.0,3.0,2500.0,3060.0,2004.0,1,C0,550000,2019-01-25,brooklyn,295 SCHENCK AVENUE NYC
4,MIDDLE VILLAGE,01 ONE FAMILY DWELLINGS,1,2794,64,A2,69-05 CALDWELL AVENUE,11378.0,1.0,0.0,1.0,2375.0,600.0,1920.0,1,A2,630000,2019-08-20,queens,69-05 CALDWELL AVENUE NYC
2,MORRISANIA/LONGWOOD,03 THREE FAMILY DWELLINGS,1,2651,56,C0,1110 JACKSON AVENUE,10456.0,3.0,0.0,3.0,1748.0,3450.0,1903.0,1,C0,838000,2019-11-27,bronx,1110 JACKSON AVENUE NYC
2,PARKCHESTER,02 TWO FAMILY DWELLINGS,1,3932,59,S2,2034 BENEDICT AVENUE,10462.0,2.0,1.0,3.0,2535.0,3573.0,1920.0,1,S2,800000,2019-05-29,bronx,2034 BENEDICT AVENUE NYC
4,BAYSIDE,01 ONE FAMILY DWELLINGS,1,7466,15,A0,58-20 BELL BOULEVARD,11364.0,1.0,0.0,1.0,3998.0,1340.0,1945.0,1,A0,798000,2019-10-08,queens,58-20 BELL BOULEVARD NYC
4,MASPETH,02 TWO FAMILY DWELLINGS,1,2734,22,B1,60-34 60TH DRIVE,11378.0,2.0,0.0,2.0,2000.0,1664.0,1940.0,1,B1,892500,2019-06-03,queens,60-34 60TH DRIVE NYC
3,EAST NEW YORK,02 TWO FAMILY DWELLINGS,1,3810,45,B1,600 MILLER AVENUE,11207.0,2.0,0.0,2.0,2500.0,2400.0,1910.0,1,B1,473000,2019-11-13,brooklyn,600 MILLER AVENUE NYC
4,CORONA,03 THREE FAMILY DWELLINGS,1,1953,17,C0,55-14 VAN DOREN STREET,11368.0,3.0,0.0,3.0,1600.0,2626.0,2015.0,1,C0,896060,2019-02-14,queens,55-14 VAN DOREN STREET NYC
3,FLATLANDS,01 ONE FAMILY DWELLINGS,1,7870,40,A1,4502 AVENUE M,11234.0,1.0,0.0,1.0,3000.0,2136.0,1920.0,1,A1,629663,2019-06-25,brooklyn,4502 AVENUE M NYC
5,SOUTH BEACH,01 ONE FAMILY DWELLINGS,1,3122,45,A5,178 ARTHUR AVENUE,10305.0,1.0,0.0,1.0,2350.0,1519.0,1999.0,1,A5,590000,2019-02-08,statenisland,178 ARTHUR AVENUE NYC
3,BAY RIDGE,02 TWO FAMILY DWELLINGS,1,5981,42,B1,586 79TH STREET,11209.0,2.0,0.0,2.0,1100.0,3401.0,1910.0,1,B1,910000,2019-03-29,brooklyn,586 79TH STREET NYC
3,DYKER HEIGHTS,02 TWO FAMILY DWELLINGS,1,6244,45,B2,7724 14TH AVENUE,11228.0,2.0,0.0,2.0,2000.0,2332.0,1930.0,1,B2,1285000,2019-03-18,brooklyn,7724 14TH AVENUE NYC
3,CYPRESS HILLS,02 TWO FAMILY DWELLINGS,1,3671,29,B2,138 VERMONT STREET,11207.0,2.0,0.0,2.0,2500.0,1200.0,1901.0,1,B2,965000,2019-12-06,brooklyn,138 VERMONT STREET NYC
5,WESTERLEIGH,01 ONE FAMILY DWELLINGS,1,463,120,A9,41 O'CONNOR AVENUE,10314.0,1.0,0.0,1.0,2440.0,1236.0,1988.0,1,A9,465000,2019-10-23,statenisland,41 O'CONNOR AVENUE NYC
5,PLEASANT PLAINS,01 ONE FAMILY DWELLINGS,1,7702,140,A1,11 GILBERT PLACE,10309.0,1.0,0.0,1.0,3000.0,2220.0,2000.0,1,A1,690000,2019-12-20,statenisland,11 GILBERT PLACE NYC
4,SPRINGFIELD GARDENS,01 ONE FAMILY DWELLINGS,1,12279,12,B3,132-14 155 STREET,11434.0,2.0,0.0,2.0,4000.0,2328.0,2018.0,1,A2,969000,2019-10-03,queens,132-14 155 STREET NYC
4,ST. ALBANS,02 TWO FAMILY DWELLINGS,1,10970,44,B3,194-30 112TH AVE,11412.0,2.0,0.0,2.0,2542.0,1440.0,1930.0,1,B3,510000,2019-02-01,queens,194-30 112TH AVE NYC
1,WASHINGTON HEIGHTS LOWER,02 TWO FAMILY DWELLINGS,1,2118,61,B9,553 WEST 159 STREET,10032.0,2.0,0.0,2.0,1499.0,2400.0,1920.0,1,B9,1315000,2019-08-21,manhattan,553 WEST 159 STREET NYC
2,EAST TREMONT,02 TWO FAMILY DWELLINGS,1,2956,38,B3,817 ELSMERE PL,10460.0,2.0,0.0,2.0,1650.0,1240.0,1901.0,1,B3,595000,2019-10-21,bronx,817 ELSMERE PL NYC
5,TOTTENVILLE,01 ONE FAMILY DWELLINGS,1,7861,20,A1,364 LORETTO STREET,10307.0,1.0,0.0,1.0,3750.0,2145.0,2004.0,1,A1,784000,2019-08-19,statenisland,364 LORETTO STREET NYC
4,SPRINGFIELD GARDENS,02 TWO FAMILY DWELLINGS,1,12597,76,B3,17104 144TH AVENUE,11434.0,2.0,0.0,2.0,4000.0,1090.0,1910.0,1,B3,470000,2019-02-20,queens,17104 144TH AVENUE NYC
4,FAR ROCKAWAY,02 TWO FAMILY DWELLINGS,1,15793,7,B2,443 BEACH 28 STREET,11691.0,2.0,0.0,2.0,2660.0,1932.0,1960.0,1,B2,400000,2019-05-07,queens,443 BEACH 28 STREET NYC
4,ST. ALBANS,01 ONE FAMILY DWELLINGS,1,11038,68,A1,115-46 198TH STREET,11412.0,1.0,0.0,1.0,3000.0,1600.0,1925.0,1,A1,655372,2019-12-12,queens,115-46 198TH STREET NYC
4,REGO PARK,02 TWO FAMILY DWELLINGS,1,3107,139,B3,88-17 62ND DRIVE,11374.0,2.0,0.0,2.0,1996.0,1340.0,1931.0,1,B3,820000,2019-02-06,queens,88-17 62ND DRIVE NYC
4,SOUTH JAMAICA,03 THREE FAMILY DWELLINGS,1,10252,14,C0,107-27 WATSON PL,11433.0,3.0,0.0,3.0,2500.0,1371.0,1920.0,1,C0,316000,2019-04-19,queens,107-27 WATSON PL NYC
3,BERGEN BEACH,01 ONE FAMILY DWELLINGS,1,8393,88,A5,7317 AVENUE T,11234.0,1.0,0.0,1.0,2916.0,2000.0,2007.0,1,A5,890000,2019-03-28,brooklyn,7317 AVENUE T NYC
4,ST. ALBANS,02 TWO FAMILY DWELLINGS,1,12470,29,B3,119-50 177TH STREET,11434.0,2.0,0.0,2.0,3900.0,1488.0,1925.0,1,B3,548000,2019-12-02,queens,119-50 177TH STREET NYC
4,JACKSON HEIGHTS,02 TWO FAMILY DWELLINGS,1,1129,15,B1,30-20 81ST STREET,11370.0,2.0,0.0,2.0,2000.0,1600.0,1955.0,1,B1,705000,2019-04-18,queens,30-20 81ST STREET NYC
3,GRAVESEND,02 TWO FAMILY DWELLINGS,1,6644,43,B2,1788 WEST 12TH STREET,11223.0,2.0,0.0,2.0,4000.0,2430.0,1925.0,1,B2,1548000,2019-02-06,brooklyn,1788 WEST 12TH STREET NYC
3,BUSHWICK,02 TWO FAMILY DWELLINGS,1,3420,15,B2,18 COVERT ST,11207.0,2.0,0.0,2.0,2000.0,2280.0,1920.0,1,B2,920000,2019-03-08,brooklyn,18 COVERT ST NYC
4,QUEENS VILLAGE,02 TWO FAMILY DWELLINGS,1,10701,22,B3,92-34 218TH PLACE,11428.0,2.0,0.0,2.0,4000.0,1950.0,1920.0,1,B3,700000,2019-11-19,queens,92-34 218TH PLACE NYC
4,ASTORIA,02 TWO FAMILY DWELLINGS,1,652,12,B2,25-63 36TH STREET,11103.0,2.0,0.0,2.0,2500.0,1252.0,1920.0,1,B2,1460000,2019-12-30,queens,25-63 36TH STREET NYC
2,WILLIAMSBRIDGE,02 TWO FAMILY DWELLINGS,1,4697,45,B1,1050 EAST 215 STREET,10469.0,2.0,0.0,2.0,2375.0,2040.0,2005.0,1,B1,385000,2019-01-14,bronx,1050 EAST 215 STREET NYC
3,FLATBUSH-EAST,02 TWO FAMILY DWELLINGS,1,4771,38,B1,766 EAST 51ST STREET,11203.0,2.0,0.0,2.0,2000.0,2112.0,1930.0,1,B1,625000,2019-09-26,brooklyn,766 EAST 51ST STREET NYC
3,FLATBUSH-EAST,01 ONE FAMILY DWELLINGS,1,7906,58,A5,330 EAST 59TH STREET,11203.0,1.0,0.0,1.0,1800.0,1260.0,1940.0,1,A5,575000,2019-08-29,brooklyn,330 EAST 59TH STREET NYC
5,GREAT KILLS-BAY TERRACE,01 ONE FAMILY DWELLINGS,1,5101,12,A2,6 CRANFORD STREET,10308.0,1.0,0.0,1.0,4100.0,1848.0,1975.0,1,A2,600000,2019-12-23,statenisland,6 CRANFORD STREET NYC
4,ST. ALBANS,02 TWO FAMILY DWELLINGS,1,11021,11,B3,114-51 204TH STREET,11412.0,2.0,0.0,2.0,3400.0,1652.0,1950.0,1,B3,586000,2019-08-23,queens,114-51 204TH STREET NYC
3,BERGEN BEACH,02 TWO FAMILY DWELLINGS,1,8416,13,B2,2061 ROYCE STREET,11234.0,2.0,0.0,2.0,3150.0,2940.0,1965.0,1,B2,860000,2019-05-22,brooklyn,2061 ROYCE STREET NYC
3,MARINE PARK,01 ONE FAMILY DWELLINGS,1,7707,60,A9,1644 EAST 35TH STREET,11234.0,1.0,0.0,1.0,1800.0,1036.0,1925.0,1,A9,525000,2019-01-04,brooklyn,1644 EAST 35TH STREET NYC
4,OZONE PARK,02 TWO FAMILY DWELLINGS,1,9142,31,B3,85-05 SUTTER AVENUE,11417.0,2.0,0.0,2.0,3600.0,1600.0,1930.0,1,B3,750000,2019-08-12,queens,85-05 SUTTER AVENUE NYC
2,FORDHAM,01 ONE FAMILY DWELLINGS,1,3145,37,A9,2247 TIEBOUT AVENUE,10457.0,1.0,0.0,1.0,1293.0,1448.0,1901.0,1,A9,460000,2019-03-28,bronx,2247 TIEBOUT AVENUE NYC
4,BAYSIDE,01 ONE FAMILY DWELLINGS,1,7320,71,A5,206-21 47TH AVENUE,11361.0,1.0,0.0,1.0,2600.0,1024.0,1965.0,1,A5,512000,2019-08-30,queens,206-21 47TH AVENUE NYC
4,BAYSIDE,01 ONE FAMILY DWELLINGS,1,6151,19,A0,36-30 203RD STREET,11361.0,1.0,0.0,1.0,4000.0,1040.0,1945.0,1,A0,500000,2019-03-25,queens,36-30 203RD STREET NYC
2,BRONXDALE,02 TWO FAMILY DWELLINGS,1,4434,52,B2,2529 HOLLAND AVE,10467.0,2.0,0.0,2.0,2500.0,2520.0,1920.0,1,B2,376000,2019-12-09,bronx,2529 HOLLAND AVE NYC
4,MIDDLE VILLAGE,02 TWO FAMILY DWELLINGS,1,2932,8,B1,61-04 76 STREET,11379.0,2.0,0.0,2.0,2725.0,1980.0,1960.0,1,B1,850000,2019-01-18,queens,61-04 76 STREET NYC
3,GRAVESEND,03 THREE FAMILY DWELLINGS,1,7100,61,C0,2053 WEST 6TH STREET,11223.0,3.0,0.0,3.0,3000.0,3025.0,1925.0,1,C0,1363000,2019-07-25,brooklyn,2053 WEST 6TH STREET NYC
5,STAPLETON,01 ONE FAMILY DWELLINGS,1,527,96,A9,16 TAPPEN COURT,10304.0,1.0,0.0,1.0,2052.0,2012.0,1989.0,1,A9,399000,2019-02-07,statenisland,16 TAPPEN COURT NYC
3,BROWNSVILLE,01 ONE FAMILY DWELLINGS,1,3559,129,A5,264 CHESTER STREET,11212.0,1.0,0.0,1.0,1800.0,1116.0,1986.0,1,A5,350000,2019-04-26,brooklyn,264 CHESTER STREET NYC
4,FAR ROCKAWAY,03 THREE FAMILY DWELLINGS,1,15798,21,C0,315 BEACH 28TH STREET,11691.0,3.0,0.0,3.0,3800.0,3132.0,1920.0,1,C0,575000,2019-10-10,queens,315 BEACH 28TH STREET NYC
2,BRONXDALE,02 TWO FAMILY DWELLINGS,1,4519,9,B1,2716 HONE AVENUE,10469.0,2.0,0.0,2.0,1800.0,2034.0,1960.0,1,B1,550000,2019-01-30,bronx,2716 HONE AVENUE NYC
4,MIDDLE VILLAGE,01 ONE FAMILY DWELLINGS,1,3010,17,A5,64-20 83RD STREET,11379.0,1.0,0.0,1.0,2000.0,1440.0,1930.0,1,A5,717500,2019-09-23,queens,64-20 83RD STREET NYC
4,GLENDALE,01 ONE FAMILY DWELLINGS,1,3647,29,A9,69-33 66TH PLACE,11385.0,1.0,0.0,1.0,1924.0,1288.0,1925.0,1,A9,700000,2019-04-09,queens,69-33 66TH PLACE NYC
5,BULLS HEAD,01 ONE FAMILY DWELLINGS,1,2230,48,A5,120 SOMMER AVENUE,10314.0,1.0,0.0,1.0,2000.0,1830.0,1997.0,1,A5,525000,2019-09-06,statenisland,120 SOMMER AVENUE NYC
5,MIDLAND BEACH,01 ONE FAMILY DWELLINGS,1,3686,53,A5,37 BEACHVIEW AVENUE,10306.0,1.0,0.0,1.0,2400.0,1860.0,2003.0,1,A5,603800,2019-10-22,statenisland,37 BEACHVIEW AVENUE NYC
2,WILLIAMSBRIDGE,01 ONE FAMILY DWELLINGS,1,4876,32,A5,1011 EAST 229 STREET,10466.0,1.0,0.0,1.0,1751.0,1392.0,1950.0,1,A5,391000,2019-06-26,bronx,1011 EAST 229 STREET NYC
4,RICHMOND HILL,01 ONE FAMILY DWELLINGS,1,9184,40,A5,102-35 85TH DRIVE,11418.0,1.0,0.0,1.0,2000.0,1438.0,1910.0,1,A5,650000,2019-08-15,queens,102-35 85TH DRIVE NYC
3,BUSHWICK,02 TWO FAMILY DWELLINGS,1,3183,81,S2,1207 MYRTLE AVENUE,11221.0,2.0,1.0,3.0,1775.0,3126.0,1910.0,1,S2,1650000,2019-06-26,brooklyn,1207 MYRTLE AVENUE NYC
3,GRAVESEND,03 THREE FAMILY DWELLINGS,1,6672,36,C0,1874 WEST 8TH STREET,11223.0,3.0,0.0,3.0,2000.0,2224.0,1905.0,1,C0,988000,2019-10-21,brooklyn,1874 WEST 8TH STREET NYC
4,JAMAICA,01 ONE FAMILY DWELLINGS,1,9829,62,A1,88-16 173RD STREET,11432.0,1.0,0.0,1.0,2500.0,1376.0,1920.0,1,A1,450000,2019-11-20,queens,88-16 173RD STREET NYC
3,CANARSIE,03 THREE FAMILY DWELLINGS,1,8088,1,C0,1 PAERDEGAT 15TH STREET,11236.0,3.0,0.0,3.0,3183.0,3465.0,1960.0,1,C0,999000,2019-03-26,brooklyn,1 PAERDEGAT 15TH STREET NYC
4,SOUTH JAMAICA,02 TWO FAMILY DWELLINGS,1,10162,69,B1,104-25 164TH STREET,11433.0,2.0,0.0,2.0,4000.0,1968.0,1901.0,1,B1,500000,2019-08-26,queens,104-25 164TH STREET NYC
3,FLATLANDS,02 TWO FAMILY DWELLINGS,1,7872,12,B1,2161 SCHENECTADY AVENUE,11234.0,2.0,0.0,2.0,2000.0,1960.0,1910.0,1,B1,820000,2019-10-21,brooklyn,2161 SCHENECTADY AVENUE NYC
4,CAMBRIA HEIGHTS,01 ONE FAMILY DWELLINGS,1,11328,50,A1,116-26 228TH STREET,11411.0,1.0,0.0,1.0,4000.0,1488.0,1940.0,1,A1,665000,2019-07-31,queens,116-26 228TH STREET NYC
3,FLATBUSH-NORTH,02 TWO FAMILY DWELLINGS,1,4824,53,B1,617 TROY AVENUE,11203.0,2.0,0.0,2.0,2600.0,2070.0,1935.0,1,B1,675000,2019-08-14,brooklyn,617 TROY AVENUE NYC
3,BENSONHURST,01 ONE FAMILY DWELLINGS,1,6202,30,A1,1556 73 STREET,11228.0,1.0,0.0,1.0,4000.0,2504.0,1925.0,1,A1,1550000,2019-11-18,brooklyn,1556 73 STREET NYC
3,FLATBUSH-EAST,01 ONE FAMILY DWELLINGS,1,7667,7,A5,3107 AVENUE N,11210.0,1.0,0.0,1.0,2200.0,1575.0,1950.0,1,A5,688888,2019-01-29,brooklyn,3107 AVENUE N NYC
3,CROWN HEIGHTS,01 ONE FAMILY DWELLINGS,1,1348,77,A9,1543 BERGEN STREET,11213.0,1.0,0.0,1.0,2679.0,1400.0,1920.0,1,A9,850000,2019-10-03,brooklyn,1543 BERGEN STREET NYC
3,BAY RIDGE,01 ONE FAMILY DWELLINGS,1,6055,7,A5,23 DAHLGREN PLACE,11228.0,1.0,0.0,1.0,946.0,1044.0,1925.0,1,A5,720000,2019-08-02,brooklyn,23 DAHLGREN PLACE NYC
4,QUEENS VILLAGE,01 ONE FAMILY DWELLINGS,1,11124,45,A1,209-63 112TH AVENUE,11429.0,1.0,0.0,1.0,2925.0,1358.0,1925.0,1,A1,577315,2019-10-17,queens,209-63 112TH AVENUE NYC
3,SHEEPSHEAD BAY,01 ONE FAMILY DWELLINGS,1,7379,81,A9,2215 EAST 18TH STREET,11229.0,1.0,0.0,1.0,2100.0,1312.0,1920.0,1,A9,840000,2019-03-18,brooklyn,2215 EAST 18TH STREET NYC
2,MELROSE/CONCOURSE,02 TWO FAMILY DWELLINGS,1,2423,68,B9,312 EAST 164 STREET,10456.0,2.0,0.0,2.0,1980.0,1600.0,1901.0,1,B9,670000,2019-12-30,bronx,312 EAST 164 STREET NYC
5,MIDLAND BEACH,01 ONE FAMILY DWELLINGS,1,3812,20,A5,50 HEMPSTEAD AVENUE,10306.0,1.0,0.0,1.0,1900.0,1662.0,2018.0,1,A5,529490,2019-04-03,statenisland,50 HEMPSTEAD AVENUE NYC
3,MADISON,01 ONE FAMILY DWELLINGS,1,7324,34,S1,2520 OCEAN AVENUE,11229.0,1.0,1.0,2.0,2955.0,2450.0,1930.0,1,S1,1150000,2019-12-19,brooklyn,2520 OCEAN AVENUE NYC
3,EAST NEW YORK,02 TWO FAMILY DWELLINGS,1,4229,6,B2,237 FOUNTAIN AVENUE,11208.0,2.0,0.0,2.0,1667.0,1280.0,1930.0,1,B2,455000,2019-06-06,brooklyn,237 FOUNTAIN AVENUE NYC
5,MIDLAND BEACH,01 ONE FAMILY DWELLINGS,1,3885,37,A1,528 GREELEY AVENUE,10306.0,1.0,0.0,1.0,4000.0,1792.0,1915.0,1,A1,562000,2019-09-26,statenisland,528 GREELEY AVENUE NYC
4,FLUSHING-SOUTH,01 ONE FAMILY DWELLINGS,1,6947,10,A2,69-37 172ND STREET,11365.0,1.0,0.0,1.0,4560.0,1292.0,1950.0,1,A2,963000,2019-11-25,queens,69-37 172ND STREET NYC
4,FLUSHING-NORTH,01 ONE FAMILY DWELLINGS,1,6404,11,A5,140-24 58TH ROAD,11355.0,1.0,0.0,1.0,1948.0,1632.0,1935.0,1,A5,850000,2019-01-10,queens,140-24 58TH ROAD NYC
4,GLENDALE,01 ONE FAMILY DWELLINGS,1,3654,47,A2,69-11 68 STREET,11385.0,1.0,0.0,1.0,2400.0,840.0,1950.0,1,A2,670000,2019-09-18,queens,69-11 68 STREET NYC
3,BAY RIDGE,02 TWO FAMILY DWELLINGS,1,5941,73,B1,423 76TH STREET,11209.0,2.0,0.0,2.0,2000.0,2000.0,1925.0,1,B1,990000,2019-10-16,brooklyn,423 76TH STREET NYC
4,QUEENS VILLAGE,01 ONE FAMILY DWELLINGS,1,11107,9,A1,218-25 104TH AVENUE,11429.0,1.0,0.0,1.0,2500.0,1248.0,1935.0,1,A1,318000,2019-12-03,queens,218-25 104TH AVENUE NYC
4,ASTORIA,02 TWO FAMILY DWELLINGS,1,783,18,B3,22-34 43RD STREET,11105.0,2.0,0.0,2.0,2000.0,1348.0,1920.0,1,B3,999000,2019-09-27,queens,22-34 43RD STREET NYC
3,BENSONHURST,03 THREE FAMILY DWELLINGS,1,5553,71,C0,1729 66TH STREET,11204.0,3.0,0.0,3.0,2250.0,2088.0,1925.0,1,C0,900000,2019-11-25,brooklyn,1729 66TH STREET NYC
4,SPRINGFIELD GARDENS,01 ONE FAMILY DWELLINGS,1,12715,1,A1,188-21 WILLIAMSON AVENUE,11413.0,1.0,0.0,1.0,2604.0,1300.0,1925.0,1,A1,397500,2019-05-31,queens,188-21 WILLIAMSON AVENUE NYC
3,MADISON,01 ONE FAMILY DWELLINGS,1,7331,35,A5,2054 EAST 27TH STREET,11229.0,1.0,0.0,1.0,1800.0,1224.0,1930.0,1,A5,700000,2019-05-16,brooklyn,2054 EAST 27TH STREET NYC
3,EAST NEW YORK,01 ONE FAMILY DWELLINGS,1,4309,36,A9,765 BARBEY STREET,11207.0,1.0,0.0,1.0,2000.0,1120.0,1925.0,1,A9,800000,2019-01-03,brooklyn,765 BARBEY STREET NYC
3,BAY RIDGE,02 TWO FAMILY DWELLINGS,1,5912,18,B3,828 72ND STREET,11228.0,2.0,0.0,2.0,2000.0,2100.0,1925.0,1,B3,1299000,2019-10-31,brooklyn,828 72ND STREET NYC
4,JACKSON HEIGHTS,01 ONE FAMILY DWELLINGS,1,1360,49,A5,25-45 86TH STREET,11369.0,1.0,0.0,1.0,1800.0,1518.0,1935.0,1,A5,750000,2019-02-15,queens,25-45 86TH STREET NYC
4,MASPETH,03 THREE FAMILY DWELLINGS,1,2641,17,C0,60-55 55TH STREET,11378.0,3.0,0.0,3.0,2500.0,3300.0,2000.0,1,C0,1250000,2019-05-29,queens,60-55 55TH STREET NYC
4,SO. JAMAICA-BAISLEY PARK,02 TWO FAMILY DWELLINGS,1,12202,92,B2,150-21 116TH DRIVE,11434.0,2.0,0.0,2.0,4000.0,1968.0,1935.0,1,B2,825000,2019-04-17,queens,150-21 116TH DRIVE NYC
4,SOUTH JAMAICA,01 ONE FAMILY DWELLINGS,1,10064,68,A5,107-27 VAN WYCK EXPRESSWAY,11435.0,1.0,0.0,1.0,1900.0,1280.0,1920.0,1,A5,410000,2019-07-30,queens,107-27 VAN WYCK EXPRESSWAY NYC
4,MIDDLE VILLAGE,02 TWO FAMILY DWELLINGS,1,2826,24,B3,58-46 79TH STREET,11379.0,2.0,0.0,2.0,2520.0,1224.0,1950.0,1,B3,900000,2019-11-22,queens,58-46 79TH STREET NYC
4,FLUSHING-SOUTH,01 ONE FAMILY DWELLINGS,1,6532,19,A5,144-22 MELBOURNE AVE,11367.0,1.0,0.0,1.0,1800.0,1224.0,1950.0,1,A5,760000,2019-05-07,queens,144-22 MELBOURNE AVE NYC
4,ARVERNE,02 TWO FAMILY DWELLINGS,1,16045,23,B1,69-19 BAYFIELD AVENUE,11692.0,2.0,0.0,2.0,3370.0,2520.0,2005.0,1,B1,354900,2019-08-01,queens,69-19 BAYFIELD AVENUE NYC
4,SO. JAMAICA-BAISLEY PARK,03 THREE FAMILY DWELLINGS,1,12046,1,C0,14319 ROCKAWAY BLVD,11436.0,3.0,0.0,3.0,2343.0,2200.0,1931.0,1,C0,664800,2019-11-13,queens,14319 ROCKAWAY BLVD NYC
3,BUSHWICK,03 THREE FAMILY DWELLINGS,1,3394,38,C0,1242 BUSHWICK AVENUE,11221.0,3.0,0.0,3.0,1500.0,3500.0,1915.0,1,C0,560000,2019-04-02,brooklyn,1242 BUSHWICK AVENUE NYC
2,THROGS NECK,01 ONE FAMILY DWELLINGS,1,5431,55,A1,715 EDISON AVE,10465.0,1.0,0.0,1.0,2500.0,1509.0,1915.0,1,A1,512000,2019-07-11,bronx,715 EDISON AVE NYC
4,COLLEGE POINT,02 TWO FAMILY DWELLINGS,1,4001,38,B2,13-24 126TH STREET,11356.0,2.0,0.0,2.0,3392.0,1720.0,1930.0,1,B2,820000,2019-04-17,queens,13-24 126TH STREET NYC
5,ARDEN HEIGHTS,01 ONE FAMILY DWELLINGS,1,5744,140,A5,110 EMILY LANE,10312.0,1.0,0.0,1.0,560.0,1510.0,1996.0,1,A5,335000,2019-03-28,statenisland,110 EMILY LANE NYC
5,RICHMONDTOWN,01 ONE FAMILY DWELLINGS,1,4421,1,A1,161 CLARKE AVENUE,10306.0,1.0,0.0,1.0,4077.0,3118.0,2018.0,1,A1,929000,2019-10-17,statenisland,161 CLARKE AVENUE NYC
4,FOREST HILLS,01 ONE FAMILY DWELLINGS,1,3191,27,A5,67-118 BURNS STREET,11375.0,1.0,0.0,1.0,1800.0,1224.0,1940.0,1,A5,791000,2019-09-12,queens,67-118 BURNS STREET NYC
4,SOUTH JAMAICA,02 TWO FAMILY DWELLINGS,1,10228,14,B3,171-26 LIBERTY AVENUE,11433.0,2.0,0.0,2.0,1692.0,1280.0,1920.0,1,B3,495000,2019-12-17,queens,171-26 LIBERTY AVENUE NYC
3,BROWNSVILLE,37 RELIGIOUS FACILITIES,4,3612,32,M9,134A NEWPORT STREET,11212.0,2.0,1.0,3.0,2000.0,3720.0,1930.0,4,M9,785000,2019-07-23,brooklyn,134A NEWPORT STREET NYC
4,SO. JAMAICA-BAISLEY PARK,02 TWO FAMILY DWELLINGS,1,11972,56,B1,142-09 115TH AVENUE,11436.0,2.0,0.0,2.0,2900.0,1832.0,2017.0,1,B1,957155,2019-10-31,queens,142-09 115TH AVENUE NYC
5,MARINERS HARBOR,02 TWO FAMILY DWELLINGS,1,1213,53,B2,45 UNION AVENUE,10303.0,2.0,0.0,2.0,4060.0,2432.0,2016.0,1,B2,680000,2019-12-06,statenisland,45 UNION AVENUE NYC
4,ROSEDALE,01 ONE FAMILY DWELLINGS,1,13541,94,A1,240-35 EDGEWOOD AVENUE,11422.0,1.0,0.0,1.0,3900.0,1323.0,1925.0,1,A1,515000,2019-07-01,queens,240-35 EDGEWOOD AVENUE NYC
5,RICHMONDTOWN,01 ONE FAMILY DWELLINGS,1,2264,81,A1,175 ST GEORGE ROAD,10306.0,1.0,0.0,1.0,2500.0,960.0,1915.0,1,A1,525000,2019-11-27,statenisland,175 ST GEORGE ROAD NYC
3,FLATBUSH-EAST,03 THREE FAMILY DWELLINGS,1,4706,6,C0,5811 SNYDER AVENUE,11203.0,3.0,0.0,3.0,2500.0,2480.0,1920.0,1,C0,660000,2019-08-29,brooklyn,5811 SNYDER AVENUE NYC
4,BELLEROSE,01 ONE FAMILY DWELLINGS,1,7959,57,A1,86-34 241 STREET,11426.0,1.0,0.0,1.0,3100.0,1720.0,1935.0,1,A1,400000,2019-08-12,queens,86-34 241 STREET NYC
4,SOUTH JAMAICA,01 ONE FAMILY DWELLINGS,1,12143,106,A5,109-07 153RD STREET,11433.0,1.0,0.0,1.0,1395.0,1018.0,2006.0,1,A5,357000,2019-06-07,queens,109-07 153RD STREET NYC
5,PORT RICHMOND,02 TWO FAMILY DWELLINGS,1,1116,142,B2,30 BAYONNE COURT,10302.0,2.0,0.0,2.0,3713.0,1550.0,2018.0,1,B2,519306,2019-01-08,statenisland,30 BAYONNE COURT NYC
2,MORRISANIA/LONGWOOD,03 THREE FAMILY DWELLINGS,1,2961,48,C0,1279 UNION AVENUE,10459.0,3.0,0.0,3.0,2699.0,3553.0,1901.0,1,C0,576000,2019-11-01,bronx,1279 UNION AVENUE NYC
4,FLUSHING-NORTH,01 ONE FAMILY DWELLINGS,1,6403,15,A5,139-30 58TH AVENUE,11355.0,1.0,0.0,1.0,2000.0,1600.0,1935.0,1,A5,900000,2019-07-26,queens,139-30 58TH AVENUE NYC
2,WAKEFIELD,02 TWO FAMILY DWELLINGS,1,5056,140,B1,1962 NEREID AVENUE,10466.0,2.0,0.0,2.0,1620.0,1588.0,1965.0,1,B1,510000,2019-09-19,bronx,1962 NEREID AVENUE NYC
2,PARKCHESTER,01 ONE FAMILY DWELLINGS,1,3900,67,A1,1407 THERIOT AVENUE,10460.0,1.0,0.0,1.0,2500.0,1252.0,1925.0,1,A1,511000,2019-09-23,bronx,1407 THERIOT AVENUE NYC
3,MANHATTAN BEACH,01 ONE FAMILY DWELLINGS,1,8755,43,A5,168 MACKENZIE STREET,11235.0,1.0,0.0,1.0,3000.0,1520.0,1930.0,1,A5,925000,2019-04-08,brooklyn,168 MACKENZIE STREET NYC
4,CORONA,03 THREE FAMILY DWELLINGS,1,1753,95,C0,35-21 109TH STREET,11368.0,3.0,0.0,3.0,2000.0,2080.0,2004.0,1,C0,1450000,2019-01-07,queens,35-21 109TH STREET NYC
4,ST. ALBANS,01 ONE FAMILY DWELLINGS,1,10273,89,A5,110-21 174TH STREET,11433.0,1.0,0.0,1.0,2000.0,800.0,1945.0,1,A5,443000,2019-02-06,queens,110-21 174TH STREET NYC
3,FLATBUSH-EAST,02 TWO FAMILY DWELLINGS,1,4989,35,B1,722 EAST 43RD STREET,11203.0,2.0,0.0,2.0,1758.0,2040.0,1930.0,1,B1,675000,2019-07-31,brooklyn,722 EAST 43RD STREET NYC
4,SPRINGFIELD GARDENS,01 ONE FAMILY DWELLINGS,1,13044,16,A2,186-22 140TH AVENUE,11413.0,1.0,0.0,1.0,4000.0,2390.0,1960.0,1,A2,368244,2019-09-25,queens,186-22 140TH AVENUE NYC
5,STAPLETON,01 ONE FAMILY DWELLINGS,1,562,36,A1,251 GORDON STREET,10304.0,1.0,0.0,1.0,3000.0,1056.0,1920.0,1,A1,494000,2019-05-03,statenisland,251 GORDON STREET NYC
4,CORONA,03 THREE FAMILY DWELLINGS,1,1771,42,C0,37-19 104TH STREET,11368.0,3.0,0.0,3.0,2500.0,3120.0,2017.0,1,C0,1500000,2019-09-20,queens,37-19 104TH STREET NYC
5,WOODROW,01 ONE FAMILY DWELLINGS,1,7020,116,A5,16 DUNHILL LANE,10309.0,1.0,0.0,1.0,3480.0,2200.0,2000.0,1,A5,410000,2019-08-07,statenisland,16 DUNHILL LANE NYC
5,ROSSVILLE,01 ONE FAMILY DWELLINGS,1,6106,37,A1,155 COVINGTON CIRCLE,10312.0,1.0,0.0,1.0,4117.0,2500.0,2000.0,1,A1,915000,2019-07-24,statenisland,155 COVINGTON CIRCLE NYC
3,EAST NEW YORK,02 TWO FAMILY DWELLINGS,1,3691,6,B2,155 BRADFORD STREET,11207.0,2.0,0.0,2.0,2000.0,1200.0,1910.0,1,B2,435000,2019-02-01,brooklyn,155 BRADFORD STREET NYC
3,SEAGATE,02 TWO FAMILY DWELLINGS,1,6972,19,B2,4208 HIGHLAND AVENUE,11224.0,2.0,0.0,2.0,2900.0,1955.0,2004.0,1,B2,920000,2019-09-20,brooklyn,4208 HIGHLAND AVENUE NYC
4,CAMBRIA HEIGHTS,01 ONE FAMILY DWELLINGS,1,11309,51,A1,115-104 228TH STREET,11411.0,1.0,0.0,1.0,4000.0,1808.0,1935.0,1,A1,572000,2019-02-08,queens,115-104 228TH STREET NYC
3,WILLIAMSBURG-CENTRAL,02 TWO FAMILY DWELLINGS,1,2231,14,B1,70 HEYWARD STREET,11206.0,2.0,0.0,2.0,2060.0,2565.0,1940.0,1,B1,1614600,2019-12-05,brooklyn,70 HEYWARD STREET NYC
3,SHEEPSHEAD BAY,22 STORE BUILDINGS,4,7404,8,K4,2730 OCEAN AVENUE,11229.0,1.0,3.0,4.0,2230.0,3500.0,1927.0,4,K4,1500000,2019-04-30,brooklyn,2730 OCEAN AVENUE NYC
5,ARDEN HEIGHTS,02 TWO FAMILY DWELLINGS,1,6023,74,B9,132 GREEN VALLEY ROAD,10312.0,2.0,0.0,2.0,2207.0,2248.0,1983.0,1,B9,365000,2019-03-15,statenisland,132 GREEN VALLEY ROAD NYC
3,CYPRESS HILLS,01 ONE FAMILY DWELLINGS,1,3917,2,S1,188 JAMAICA AVENUE,11207.0,1.0,1.0,2.0,983.0,1140.0,1920.0,1,S1,600000,2019-10-08,brooklyn,188 JAMAICA AVENUE NYC
2,MORRIS PARK/VAN NEST,01 ONE FAMILY DWELLINGS,1,4035,15,A5,1723 WALLACE AVENUE,10462.0,1.0,0.0,1.0,2185.0,1690.0,1965.0,1,A5,461000,2019-05-10,bronx,1723 WALLACE AVENUE NYC
5,MIDLAND BEACH,02 TWO FAMILY DWELLINGS,1,3795,147,B9,131 GRIMSBY STREET,10306.0,2.0,0.0,2.0,2880.0,2300.0,1994.0,1,B9,642000,2019-01-10,statenisland,131 GRIMSBY STREET NYC
5,GREAT KILLS,01 ONE FAMILY DWELLINGS,1,5535,40,A5,48 GETZ AVENUE,10312.0,1.0,0.0,1.0,2800.0,1440.0,2001.0,1,A5,629000,2019-06-07,statenisland,48 GETZ AVENUE NYC
3,BOROUGH PARK,02 TWO FAMILY DWELLINGS,1,5299,28,B1,1352 38TH STREET,11218.0,2.0,0.0,2.0,1903.0,2068.0,1910.0,1,B1,1240000,2019-04-17,brooklyn,1352 38TH STREET NYC
4,SUNNYSIDE,01 ONE FAMILY DWELLINGS,1,231,43,A5,48-36 39TH STREET,11104.0,1.0,0.0,1.0,1620.0,1777.0,1940.0,1,A5,969000,2019-04-09,queens,48-36 39TH STREET NYC
5,BULLS HEAD,02 TWO FAMILY DWELLINGS,1,1622,6,B2,16 KINGSBRIDGE AVENUE,10314.0,2.0,0.0,2.0,2583.0,1470.0,1981.0,1,B2,585000,2019-03-29,statenisland,16 KINGSBRIDGE AVENUE NYC
3,BAY RIDGE,02 TWO FAMILY DWELLINGS,1,5943,15,B1,624 BAY RIDGE PARKWAY,11209.0,2.0,0.0,2.0,2000.0,2268.0,1901.0,1,B1,1210000,2019-03-08,brooklyn,624 BAY RIDGE PARKWAY NYC
5,BULLS HEAD,02 TWO FAMILY DWELLINGS,1,1658,84,B2,149 ADA DRIVE,10314.0,2.0,0.0,2.0,3225.0,1624.0,1983.0,1,B2,560000,2019-10-29,statenisland,149 ADA DRIVE NYC
3,EAST NEW YORK,03 THREE FAMILY DWELLINGS,1,4281,21,C0,1246 BLAKE AVENUE,11208.0,3.0,0.0,3.0,2250.0,4440.0,1920.0,1,C0,650000,2019-01-17,brooklyn,1246 BLAKE AVENUE NYC
4,GLENDALE,02 TWO FAMILY DWELLINGS,1,3680,64,B2,71-15 67TH STREET,11385.0,2.0,0.0,2.0,2280.0,2075.0,1920.0,1,B2,307206,2019-01-25,queens,71-15 67TH STREET NYC
5,RICHMONDTOWN,01 ONE FAMILY DWELLINGS,1,4417,19,A2,336 PARK STREET,10306.0,1.0,0.0,1.0,4022.0,1816.0,1960.0,1,A2,745000,2019-07-03,statenisland,336 PARK STREET NYC
2,MELROSE/CONCOURSE,02 TWO FAMILY DWELLINGS,1,2431,10,B1,1252 TELLER AVENUE,10456.0,2.0,0.0,2.0,2500.0,2730.0,1930.0,1,B1,580000,2019-04-04,bronx,1252 TELLER AVENUE NYC
4,LITTLE NECK,01 ONE FAMILY DWELLINGS,1,8225,31,A0,248-70 54TH AVENUE,11362.0,1.0,0.0,1.0,4900.0,1225.0,1950.0,1,A0,800000,2019-01-17,queens,248-70 54TH AVENUE NYC
4,SO. JAMAICA-BAISLEY PARK,01 ONE FAMILY DWELLINGS,1,12210,65,A1,150-28 119TH AVENUE,11434.0,1.0,0.0,1.0,2280.0,1217.0,1930.0,1,A1,550000,2019-12-05,queens,150-28 119TH AVENUE NYC
4,SOUTH JAMAICA,01 ONE FAMILY DWELLINGS,1,11963,24,A1,11132 147TH STREET,11435.0,1.0,0.0,1.0,2000.0,1056.0,1925.0,1,A1,400000,2019-04-17,queens,11132 147TH STREET NYC
4,LAURELTON,01 ONE FAMILY DWELLINGS,1,13199,61,A1,234-23 135TH AVENUE,11422.0,1.0,0.0,1.0,3060.0,1392.0,1935.0,1,A1,430000,2019-06-27,queens,234-23 135TH AVENUE NYC
3,EAST NEW YORK,02 TWO FAMILY DWELLINGS,1,3821,17,B1,509 GEORGIA AVENUE,11207.0,2.0,0.0,2.0,2340.0,2000.0,1910.0,1,B1,899000,2019-09-13,brooklyn,509 GEORGIA AVENUE NYC
4,COLLEGE POINT,02 TWO FAMILY DWELLINGS,1,4197,2,B2,22-47 121ST STREET,11356.0,2.0,0.0,2.0,2500.0,1928.0,1920.0,1,B2,620000,2019-11-21,queens,22-47 121ST STREET NYC
3,OLD MILL BASIN,01 ONE FAMILY DWELLINGS,1,7895,56,A9,1710 EAST 51ST STREET,11234.0,1.0,0.0,1.0,1333.0,1230.0,1925.0,1,A9,470000,2019-04-09,brooklyn,1710 EAST 51ST STREET NYC
4,QUEENS VILLAGE,02 TWO FAMILY DWELLINGS,1,10662,71,B3,89-30 218TH PLACE,11427.0,2.0,0.0,2.0,3000.0,1560.0,1930.0,1,B3,600000,2019-05-24,queens,89-30 218TH PLACE NYC
3,BAY RIDGE,01 ONE FAMILY DWELLINGS,1,5882,33,A5,7004 LOUISE TERRACE,11209.0,1.0,0.0,1.0,1095.0,1224.0,1925.0,1,A5,996000,2019-08-14,brooklyn,7004 LOUISE TERRACE NYC
3,EAST NEW YORK,03 THREE FAMILY DWELLINGS,1,4281,50,C0,626 PINE STREET,11208.0,3.0,0.0,3.0,2225.0,1944.0,1965.0,1,C0,400000,2019-04-10,brooklyn,626 PINE STREET NYC
4,RICHMOND HILL,01 ONE FAMILY DWELLINGS,1,9604,75,A1,107-19 124TH STREET,11419.0,1.0,0.0,1.0,2000.0,1050.0,1925.0,1,A1,340000,2019-11-15,queens,107-19 124TH STREET NYC
4,FAR ROCKAWAY,01 ONE FAMILY DWELLINGS,1,15662,6,S1,13-53 CHANDLER STREET,11691.0,1.0,1.0,2.0,4005.0,1974.0,1920.0,1,S1,510000,2019-10-08,queens,13-53 CHANDLER STREET NYC
4,JAMAICA,01 ONE FAMILY DWELLINGS,1,10027,15,A1,95-24 147TH PLACE,11435.0,1.0,0.0,1.0,2500.0,1224.0,1920.0,1,A1,620000,2019-08-29,queens,95-24 147TH PLACE NYC
3,MARINE PARK,01 ONE FAMILY DWELLINGS,1,7706,37,A5,3310 AVENUE P,11234.0,1.0,0.0,1.0,1828.0,1664.0,1920.0,1,A5,810000,2019-07-29,brooklyn,3310 AVENUE P NYC
5,PRINCES BAY,01 ONE FAMILY DWELLINGS,1,6727,54,A5,178 ADMIRALTY LOOP,10309.0,1.0,0.0,1.0,1786.0,2058.0,1986.0,1,A5,590000,2019-12-19,statenisland,178 ADMIRALTY LOOP NYC
3,KENSINGTON,02 TWO FAMILY DWELLINGS,1,5305,93,B1,3378 12TH AVE,11218.0,2.0,0.0,2.0,1755.0,2747.0,1930.0,1,B1,1200000,2019-04-30,brooklyn,3378 12TH AVE NYC
4,ARVERNE,01 ONE FAMILY DWELLINGS,1,16026,32,A9,639 BEACH 65 STREET,11692.0,1.0,0.0,1.0,2250.0,1530.0,1960.0,1,A9,365000,2019-07-12,queens,639 BEACH 65 STREET NYC
4,ASTORIA,02 TWO FAMILY DWELLINGS,1,567,49,B1,31-70 CRESCENT STREET,11106.0,2.0,0.0,2.0,1900.0,2094.0,1901.0,1,B1,1000000,2019-06-19,queens,31-70 CRESCENT STREET NYC
4,RICHMOND HILL,03 THREE FAMILY DWELLINGS,1,9311,53,C0,104-13 92ND AVENUE,11418.0,3.0,0.0,3.0,2000.0,2320.0,1930.0,1,C0,999000,2019-12-23,queens,104-13 92ND AVENUE NYC
4,BAYSIDE,01 ONE FAMILY DWELLINGS,1,6206,47,A2,40-36 204 STREET,11361.0,1.0,0.0,1.0,4000.0,1978.0,1965.0,1,A2,650000,2019-05-22,queens,40-36 204 STREET NYC
4,COLLEGE POINT,01 ONE FAMILY DWELLINGS,1,4109,24,A2,14-38 142ND STREET,11357.0,1.0,0.0,1.0,4000.0,1040.0,1945.0,1,A2,625000,2019-04-25,queens,14-38 142ND STREET NYC
2,HIGHBRIDGE/MORRIS HEIGHTS,07 RENTALS - WALKUP APARTMENTS,2A,2528,10,C3,1198 UNIVERSITY AVENUE,10452.0,4.0,0.0,4.0,2814.0,3055.0,1924.0,2,C3,1175000,2019-08-29,bronx,1198 UNIVERSITY AVENUE NYC
4,RICHMOND HILL,01 ONE FAMILY DWELLINGS,1,9498,76,A1,101-35 130TH STREET,11419.0,1.0,0.0,1.0,2521.0,1136.0,1920.0,1,A1,500000,2019-08-13,queens,101-35 130TH STREET NYC
2,SCHUYLERVILLE/PELHAM BAY,02 TWO FAMILY DWELLINGS,1,5373,46,B2,2841 CODDINGTON AVE,10461.0,2.0,0.0,2.0,2881.0,1800.0,1910.0,1,B2,800000,2019-11-21,bronx,2841 CODDINGTON AVE NYC
4,JAMAICA HILLS,01 ONE FAMILY DWELLINGS,1,9879,50,A1,172-03 83RD AVENUE,11432.0,1.0,0.0,1.0,4000.0,1560.0,1940.0,1,A1,840000,2019-01-09,queens,172-03 83RD AVENUE NYC
5,NEW DORP-BEACH,01 ONE FAMILY DWELLINGS,1,4057,35,A5,220 MILTON AVENUE,10306.0,1.0,0.0,1.0,3240.0,1680.0,1980.0,1,A5,515000,2019-03-04,statenisland,220 MILTON AVENUE NYC
3,BOROUGH PARK,01 ONE FAMILY DWELLINGS,1,5481,25,A9,1942 53RD STREET,11204.0,1.0,0.0,1.0,2003.0,1504.0,1920.0,1,A9,1065000,2019-11-25,brooklyn,1942 53RD STREET NYC
4,MASPETH,02 TWO FAMILY DWELLINGS,1,2409,9,B3,68-18 52ND DRIVE,11378.0,2.0,0.0,2.0,2100.0,1790.0,1950.0,1,B3,898000,2019-11-19,queens,68-18 52ND DRIVE NYC
3,CROWN HEIGHTS,02 TWO FAMILY DWELLINGS,1,1212,37,B3,1182 DEAN STREET,11216.0,2.0,0.0,2.0,2143.0,3884.0,1920.0,1,B3,1500000,2019-08-01,brooklyn,1182 DEAN STREET NYC
4,ASTORIA,03 THREE FAMILY DWELLINGS,1,785,56,C0,21-56 43RD STREET,11105.0,3.0,0.0,3.0,2900.0,3298.0,1970.0,1,C0,1700000,2019-06-27,queens,21-56 43RD STREET NYC
4,ROSEDALE,02 TWO FAMILY DWELLINGS,1,13643,26,B2,245-48 148 DRIVE,11422.0,2.0,0.0,2.0,4000.0,2750.0,1960.0,1,B2,740000,2019-01-30,queens,245-48 148 DRIVE NYC
3,CANARSIE,02 TWO FAMILY DWELLINGS,1,8277,49,B1,9204 ROST PLACE,11236.0,2.0,0.0,2.0,3996.0,2420.0,1960.0,1,B1,427892,2019-05-08,brooklyn,9204 ROST PLACE NYC
2,WAKEFIELD,02 TWO FAMILY DWELLINGS,1,5005,9,B2,1716 PITMAN AVENUE,10466.0,2.0,0.0,2.0,2500.0,2100.0,1910.0,1,B2,689000,2019-02-28,bronx,1716 PITMAN AVENUE NYC
3,FLATBUSH-NORTH,07 RENTALS - WALKUP APARTMENTS,2A,4631,78,C3,199 EAST 95TH STREET,11212.0,4.0,0.0,4.0,3250.0,3198.0,1931.0,2,C3,318750,2019-06-13,brooklyn,199 EAST 95TH STREET NYC
2,CASTLE HILL/UNIONPORT,02 TWO FAMILY DWELLINGS,1,3694,36,B2,2260 BRUCKNER BOULEVARD,10473.0,2.0,0.0,2.0,2575.0,2830.0,1920.0,1,B2,481758,2019-01-25,bronx,2260 BRUCKNER BOULEVARD NYC
2,THROGS NECK,02 TWO FAMILY DWELLINGS,1,5592,96,B1,2831 COLLIS PLACE,10465.0,2.0,0.0,2.0,2592.0,2838.0,1940.0,1,B1,630000,2019-08-06,bronx,2831 COLLIS PLACE NYC
3,MARINE PARK,02 TWO FAMILY DWELLINGS,1,7694,36,B1,1492 EAST 33 ST,11234.0,2.0,0.0,2.0,2521.0,2400.0,1930.0,1,B1,760000,2019-11-06,brooklyn,1492 EAST 33 ST NYC
3,BERGEN BEACH,02 TWO FAMILY DWELLINGS,1,8457,16,B2,2439 EAST 70TH STREET,11234.0,2.0,0.0,2.0,2475.0,2172.0,1975.0,1,B2,875000,2019-01-31,brooklyn,2439 EAST 70TH STREET NYC
5,TRAVIS,01 ONE FAMILY DWELLINGS,1,2631,43,A5,25 WATSON AVENUE,10314.0,1.0,0.0,1.0,2250.0,1316.0,1993.0,1,A5,525000,2019-12-20,statenisland,25 WATSON AVENUE NYC
4,JACKSON HEIGHTS,02 TWO FAMILY DWELLINGS,1,975,16,B1,21-24 80TH STREET,11370.0,2.0,0.0,2.0,2000.0,2635.0,1950.0,1,B1,900000,2019-05-10,queens,21-24 80TH STREET NYC
2,BAYCHESTER,02 TWO FAMILY DWELLINGS,1,4799,102,B1,2891 GRACE AVENUE,10469.0,2.0,0.0,2.0,1588.0,3201.0,2006.0,1,B1,499000,2019-04-05,bronx,2891 GRACE AVENUE NYC
2,EAST TREMONT,02 TWO FAMILY DWELLINGS,1,3004,44,B9,1897 LONGFELLOW AVENUE,10460.0,2.0,0.0,2.0,1516.0,2472.0,1910.0,1,B9,695000,2019-06-03,bronx,1897 LONGFELLOW AVENUE NYC
5,ROSEBANK,01 ONE FAMILY DWELLINGS,1,2981,77,A9,353A HYLAN BOULEVARD,10305.0,1.0,0.0,1.0,810.0,1240.0,1995.0,1,A9,440000,2019-11-27,statenisland,353A HYLAN BOULEVARD NYC
4,RICHMOND HILL,02 TWO FAMILY DWELLINGS,1,9529,37,B1,104-60 107TH STREET,11417.0,2.0,0.0,2.0,1840.0,1556.0,1920.0,1,B1,650000,2019-03-21,queens,104-60 107TH STREET NYC
2,BEDFORD PARK/NORWOOD,02 TWO FAMILY DWELLINGS,1,3303,25,B2,2983 BRIGGS AVENUE,10458.0,2.0,0.0,2.0,2750.0,2484.0,1901.0,1,B2,375180,2019-06-05,bronx,2983 BRIGGS AVENUE NYC
3,BUSHWICK,02 TWO FAMILY DWELLINGS,1,3387,56,B2,997 HANCOCK STREET,11221.0,2.0,0.0,2.0,1800.0,2430.0,1920.0,1,B2,1657500,2019-02-22,brooklyn,997 HANCOCK STREET NYC
2,MORRISANIA/LONGWOOD,03 THREE FAMILY DWELLINGS,1,2617,56,C0,711 EAGLE AVENUE,10455.0,3.0,0.0,3.0,1785.0,2970.0,1901.0,1,C0,600000,2019-05-30,bronx,711 EAGLE AVENUE NYC
4,ST. ALBANS,01 ONE FAMILY DWELLINGS,1,12402,25,S1,115-11 MERRICK BLVD.,11434.0,1.0,1.0,2.0,1580.0,1800.0,2016.0,1,S1,400000,2019-07-25,queens,115-11 MERRICK BLVD. NYC
4,KEW GARDENS,01 ONE FAMILY DWELLINGS,1,9269,10,A1,12320 85 AVE,11415.0,1.0,0.0,1.0,1800.0,1364.0,1930.0,1,A1,700000,2019-02-28,queens,12320 85 AVE NYC
3,BUSHWICK,02 TWO FAMILY DWELLINGS,1,3422,12,B2,110A COVERT ST,11207.0,2.0,0.0,2.0,1792.0,1612.0,1920.0,1,B2,1071000,2019-04-15,brooklyn,110A COVERT ST NYC
4,JAMAICA HILLS,01 ONE FAMILY DWELLINGS,1,9734,37,A1,85-64 152ND STREET,11432.0,1.0,0.0,1.0,4000.0,1632.0,1920.0,1,A1,835000,2019-03-12,queens,85-64 152ND STREET NYC
4,CORONA,01 ONE FAMILY DWELLINGS,1,1904,17,A1,55-15 96TH STREET,11368.0,1.0,0.0,1.0,2642.0,1328.0,1930.0,1,A1,785000,2019-07-15,queens,55-15 96TH STREET NYC
4,BAYSIDE,02 TWO FAMILY DWELLINGS,1,6099,1,B1,34-27 209TH STREET,11361.0,2.0,0.0,2.0,2100.0,1644.0,1955.0,1,B1,950000,2019-08-26,queens,34-27 209TH STREET NYC
4,MIDDLE VILLAGE,02 TWO FAMILY DWELLINGS,1,2829,127,B1,69-17 59TH DRIVE,11378.0,2.0,0.0,2.0,2067.0,1720.0,1950.0,1,B1,650000,2019-04-12,queens,69-17 59TH DRIVE NYC
3,EAST NEW YORK,02 TWO FAMILY DWELLINGS,1,4291,145,B2,765 DREW STREET,11208.0,2.0,0.0,2.0,2700.0,2040.0,2005.0,1,B2,830000,2019-01-15,brooklyn,765 DREW STREET NYC
4,ROSEDALE,02 TWO FAMILY DWELLINGS,1,13698,73,B2,259-23 CRAFT AVENUE,11422.0,2.0,0.0,2.0,4880.0,2712.0,1960.0,1,B2,860000,2019-11-20,queens,259-23 CRAFT AVENUE NYC
4,FLUSHING-NORTH,01 ONE FAMILY DWELLINGS,1,5213,44,A5,146-11 JASMINE AVE,11355.0,1.0,0.0,1.0,2000.0,1520.0,1925.0,1,A5,819000,2019-06-17,queens,146-11 JASMINE AVE NYC
4,CAMBRIA HEIGHTS,01 ONE FAMILY DWELLINGS,1,11323,30,A1,116-05 222ND STREET,11411.0,1.0,0.0,1.0,3000.0,1684.0,1935.0,1,A1,555000,2019-06-18,queens,116-05 222ND STREET NYC
3,GRAVESEND,01 ONE FAMILY DWELLINGS,1,6873,47,A1,88 BAY 34TH STREET,11214.0,1.0,0.0,1.0,3383.0,2141.0,1925.0,1,A1,1275000,2019-01-31,brooklyn,88 BAY 34TH STREET NYC
4,FLUSHING-NORTH,01 ONE FAMILY DWELLINGS,1,5633,12,A5,196-36 48TH AVENUE,11365.0,1.0,0.0,1.0,2000.0,1160.0,1955.0,1,A5,735000,2019-10-21,queens,196-36 48TH AVENUE NYC
3,SUNSET PARK,02 TWO FAMILY DWELLINGS,1,831,20,B9,434 55TH STREET,11220.0,2.0,0.0,2.0,2003.0,3004.0,1901.0,1,B9,1500000,2019-12-05,brooklyn,434 55TH STREET NYC
5,ELTINGVILLE,01 ONE FAMILY DWELLINGS,1,5683,28,A2,79 KENMORE STREET,10312.0,1.0,0.0,1.0,4000.0,2086.0,1974.0,1,A2,665000,2019-07-30,statenisland,79 KENMORE STREET NYC
5,NEW SPRINGVILLE,01 ONE FAMILY DWELLINGS,1,1991,18,A5,52 CONRAD AVENUE,10314.0,1.0,0.0,1.0,2675.0,1566.0,2016.0,1,A5,692240,2019-03-08,statenisland,52 CONRAD AVENUE NYC
3,MADISON,01 ONE FAMILY DWELLINGS,1,7689,108,A5,1562 EAST 29TH ST,11229.0,1.0,0.0,1.0,2000.0,1696.0,1930.0,1,A5,600000,2019-08-27,brooklyn,1562 EAST 29TH ST NYC
4,JAMAICA,02 TWO FAMILY DWELLINGS,1,10019,8,B3,138-16 102ND AVENUE,11435.0,2.0,0.0,2.0,3000.0,1727.0,1925.0,1,B3,382500,2019-04-10,queens,138-16 102ND AVENUE NYC
4,FAR ROCKAWAY,02 TWO FAMILY DWELLINGS,1,15661,18,B2,22-62 MOTT AVENUE,11691.0,2.0,0.0,2.0,3459.0,1592.0,1920.0,1,B2,950677,2019-07-08,queens,22-62 MOTT AVENUE NYC
3,BUSHWICK,02 TWO FAMILY DWELLINGS,1,3412,59,B2,251 ELDERT STREET,11207.0,2.0,0.0,2.0,2000.0,2700.0,1920.0,1,B2,880000,2019-05-28,brooklyn,251 ELDERT STREET NYC
4,ST. ALBANS,02 TWO FAMILY DWELLINGS,1,12625,5,S2,200-10 LINDEN BOULEVARD,11412.0,2.0,1.0,3.0,1680.0,2600.0,1925.0,1,S2,680000,2019-11-08,queens,200-10 LINDEN BOULEVARD NYC
4,ST. ALBANS,01 ONE FAMILY DWELLINGS,1,11017,21,A5,114-32 201ST STREET,11412.0,1.0,0.0,1.0,2000.0,1200.0,1945.0,1,A5,451000,2019-01-17,queens,114-32 201ST STREET NYC
3,SHEEPSHEAD BAY,02 TWO FAMILY DWELLINGS,1,7371,27,B1,2248 EAST 12TH STREET,11229.0,2.0,0.0,2.0,2410.0,3674.0,1930.0,1,B1,900000,2019-08-12,brooklyn,2248 EAST 12TH STREET NYC
5,WEST NEW BRIGHTON,02 TWO FAMILY DWELLINGS,1,125,64,B1,346 STANLEY AVENUE,10301.0,2.0,0.0,2.0,3760.0,1657.0,1960.0,1,B1,600000,2019-07-10,statenisland,346 STANLEY AVENUE NYC
4,ROSEDALE,01 ONE FAMILY DWELLINGS,1,13488,19,A2,145-37 230 PLACE,11413.0,1.0,0.0,1.0,4000.0,704.0,1945.0,1,A2,895000,2019-05-01,queens,145-37 230 PLACE NYC
4,CAMBRIA HEIGHTS,01 ONE FAMILY DWELLINGS,1,12816,34,A2,120-12 232ND STREET,11411.0,1.0,0.0,1.0,4300.0,1065.0,1945.0,1,A2,400000,2019-05-01,queens,120-12 232ND STREET NYC
4,FLUSHING-NORTH,01 ONE FAMILY DWELLINGS,1,5628,33,A2,48-16 194 STREET,11365.0,1.0,0.0,1.0,4000.0,1444.0,1940.0,1,A2,910000,2019-09-25,queens,48-16 194 STREET NYC
3,EAST NEW YORK,02 TWO FAMILY DWELLINGS,1,4045,36,B3,476 JEROME ST,11207.0,2.0,0.0,2.0,2500.0,1552.0,1930.0,1,B3,614900,2019-06-17,brooklyn,476 JEROME ST NYC
4,MIDDLE VILLAGE,01 ONE FAMILY DWELLINGS,1,3069,127,A2,79-14 JUNIPER VALLEY ROAD,11379.0,1.0,0.0,1.0,1742.0,952.0,1920.0,1,A2,525000,2019-09-06,queens,79-14 JUNIPER VALLEY ROAD NYC
3,EAST NEW YORK,03 THREE FAMILY DWELLINGS,1,4010,9,C0,319 VAN SICLEN AVENUE,11207.0,3.0,0.0,3.0,2500.0,1728.0,1901.0,1,C0,325000,2019-08-09,brooklyn,319 VAN SICLEN AVENUE NYC
2,PELHAM GARDENS,01 ONE FAMILY DWELLINGS,1,4404,26,A5,2360 TIEMANN AVENUE,10469.0,1.0,0.0,1.0,2800.0,1912.0,1960.0,1,A5,600000,2019-05-28,bronx,2360 TIEMANN AVENUE NYC
4,SOUTH JAMAICA,02 TWO FAMILY DWELLINGS,1,10054,22,B2,146-17 TUSKEGEE AIRMEN WAY,11435.0,2.0,0.0,2.0,3125.0,2130.0,2013.0,1,B2,833947,2019-02-13,queens,146-17 TUSKEGEE AIRMEN WAY NYC
3,CROWN HEIGHTS,01 ONE FAMILY DWELLINGS,1,1248,35,A4,914 STERLING PLACE,11216.0,1.0,0.0,1.0,1667.0,2576.0,1901.0,1,A4,350000,2019-09-17,brooklyn,914 STERLING PLACE NYC
3,GRAVESEND,02 TWO FAMILY DWELLINGS,1,7097,30,B1,2060 WEST 8TH STREET,11223.0,2.0,0.0,2.0,2000.0,1920.0,1925.0,1,B1,1159000,2019-06-13,brooklyn,2060 WEST 8TH STREET NYC
4,SPRINGFIELD GARDENS,01 ONE FAMILY DWELLINGS,1,12568,9,A2,173-03 137TH AVENUE,11434.0,1.0,0.0,1.0,3606.0,1528.0,1920.0,1,A2,425000,2019-05-09,queens,173-03 137TH AVENUE NYC
5,TOTTENVILLE,02 TWO FAMILY DWELLINGS,1,7906,60,B2,375 SWINNERTON STREET,10307.0,2.0,0.0,2.0,4375.0,2700.0,1999.0,1,B2,1100000,2019-05-23,statenisland,375 SWINNERTON STREET NYC
3,BENSONHURST,03 THREE FAMILY DWELLINGS,1,6236,13,C0,1624 76TH STREET,11214.0,3.0,0.0,3.0,2500.0,2600.0,1925.0,1,C0,1500000,2019-11-15,brooklyn,1624 76TH STREET NYC
4,QUEENS VILLAGE,01 ONE FAMILY DWELLINGS,1,11164,24,A0,104-35 219TH STREET,11429.0,1.0,0.0,1.0,4000.0,858.0,1945.0,1,A0,546000,2019-08-09,queens,104-35 219TH STREET NYC
4,SPRINGFIELD GARDENS,02 TWO FAMILY DWELLINGS,1,12997,145,B3,179-03 135 AVENUE,11434.0,2.0,0.0,2.0,3600.0,2060.0,1945.0,1,B3,680000,2019-04-12,queens,179-03 135 AVENUE NYC
3,BERGEN BEACH,02 TWO FAMILY DWELLINGS,1,8393,58,B1,7304 AVENUE N,11234.0,2.0,0.0,2.0,2548.0,1585.0,2004.0,1,B1,850000,2019-10-03,brooklyn,7304 AVENUE N NYC
4,SPRINGFIELD GARDENS,02 TWO FAMILY DWELLINGS,1,12488,33,B3,178-37 ANDERSON ROAD,11434.0,2.0,0.0,2.0,3000.0,1732.0,1910.0,1,B3,725000,2019-05-10,queens,178-37 ANDERSON ROAD NYC
2,WILLIAMSBRIDGE,02 TWO FAMILY DWELLINGS,1,4874,55,B2,1026 EAST 228 STREET,10466.0,2.0,0.0,2.0,2735.0,2416.0,1925.0,1,B2,735000,2019-04-30,bronx,1026 EAST 228 STREET NYC
5,NEW DORP,01 ONE FAMILY DWELLINGS,1,4040,54,A5,119 WEED AVENUE,10306.0,1.0,0.0,1.0,2272.0,1900.0,2002.0,1,A5,535000,2019-03-08,statenisland,119 WEED AVENUE NYC
3,GRAVESEND,01 ONE FAMILY DWELLINGS,1,6649,31,A1,1762 WEST 7TH STREET,11223.0,1.0,0.0,1.0,1725.0,1726.0,1920.0,1,A1,991670,2019-01-25,brooklyn,1762 WEST 7TH STREET NYC
3,BEDFORD STUYVESANT,01 ONE FAMILY DWELLINGS,1,1769,27,A9,690A WILLOUGHBY AVENUE,11206.0,1.0,0.0,1.0,1567.0,1584.0,2002.0,1,A9,725000,2019-08-21,brooklyn,690A WILLOUGHBY AVENUE NYC
5,ELTINGVILLE,01 ONE FAMILY DWELLINGS,1,5612,103,A2,12 BRANDIS AVENUE,10312.0,1.0,0.0,1.0,4300.0,1680.0,1970.0,1,A2,709000,2019-04-25,statenisland,12 BRANDIS AVENUE NYC
4,FOREST HILLS,01 ONE FAMILY DWELLINGS,1,2125,73,A5,102-28 63RD ROAD,11375.0,1.0,0.0,1.0,1575.0,1530.0,1940.0,1,A5,860000,2019-06-24,queens,102-28 63RD ROAD NYC
3,FLATLANDS,03 THREE FAMILY DWELLINGS,1,7806,49,C0,1012 EAST 59TH STREET,11234.0,3.0,0.0,3.0,2633.0,3186.0,1965.0,1,C0,900000,2019-07-09,brooklyn,1012 EAST 59TH STREET NYC
4,ROSEDALE,02 TWO FAMILY DWELLINGS,1,13501,63,B3,230-41 145TH AVENUE,11413.0,2.0,0.0,2.0,4013.0,2500.0,1920.0,1,B3,565000,2019-10-30,queens,230-41 145TH AVENUE NYC
4,RICHMOND HILL,01 ONE FAMILY DWELLINGS,1,9224,69,A1,86-05 110TH STREET,11418.0,1.0,0.0,1.0,2400.0,1648.0,1925.0,1,A1,625000,2019-06-26,queens,86-05 110TH STREET NYC
3,MILL BASIN,02 TWO FAMILY DWELLINGS,1,8644,29,B2,2622 MILL AVENUE,11234.0,2.0,0.0,2.0,3128.0,2464.0,1965.0,1,B2,998000,2019-08-01,brooklyn,2622 MILL AVENUE NYC
3,EAST NEW YORK,02 TWO FAMILY DWELLINGS,1,3833,49,B1,423 NEWPORT STREET,11207.0,2.0,0.0,2.0,2325.0,2080.0,1901.0,1,B1,425000,2019-03-06,brooklyn,423 NEWPORT STREET NYC
2,PARKCHESTER,01 ONE FAMILY DWELLINGS,1,3937,122,A1,1552 WHITE PLAINS ROAD,10462.0,1.0,0.0,1.0,1912.0,1540.0,1910.0,1,A1,411000,2019-11-18,bronx,1552 WHITE PLAINS ROAD NYC
5,ARDEN HEIGHTS,01 ONE FAMILY DWELLINGS,1,6021,53,A1,63 CARLYLE GREEN,10312.0,1.0,0.0,1.0,2800.0,1144.0,1980.0,1,A1,499000,2019-02-25,statenisland,63 CARLYLE GREEN NYC
4,GLENDALE,01 ONE FAMILY DWELLINGS,1,3880,61,A5,8009 MARGARET PLACE,11385.0,1.0,0.0,1.0,2000.0,1504.0,1930.0,1,A5,712000,2019-01-25,queens,8009 MARGARET PLACE NYC
4,ASTORIA,02 TWO FAMILY DWELLINGS,1,820,16,B3,23-57 35TH STREET,11105.0,2.0,0.0,2.0,2000.0,2072.0,1930.0,1,B3,1060000,2019-12-30,queens,23-57 35TH STREET NYC
4,HOLLIS,03 THREE FAMILY DWELLINGS,1,9906,32,C0,90-54 185TH STREET,11423.0,3.0,0.0,3.0,2500.0,2160.0,1920.0,1,C0,585000,2019-02-28,queens,90-54 185TH STREET NYC
3,WYCKOFF HEIGHTS,07 RENTALS - WALKUP APARTMENTS,2A,3177,22,C3,6 ST NICHOLAS AVENUE,11237.0,4.0,0.0,4.0,2250.0,3250.0,1931.0,2,C3,1600000,2019-07-31,brooklyn,6 ST NICHOLAS AVENUE NYC
4,SUNNYSIDE,01 ONE FAMILY DWELLINGS,1,133,62,A5,4009 48TH STREET,11104.0,1.0,0.0,1.0,1480.0,952.0,1925.0,1,A5,1135000,2019-07-26,queens,4009 48TH STREET NYC
3,FLATBUSH-NORTH,03 THREE FAMILY DWELLINGS,1,4823,59,C0,657 WINTHROP STREET,11203.0,3.0,0.0,3.0,2600.0,2308.0,1931.0,1,C0,860000,2019-03-21,brooklyn,657 WINTHROP STREET NYC
2,WILLIAMSBRIDGE,01 ONE FAMILY DWELLINGS,1,4666,29,A1,733 EAST 218TH STREET,10467.0,1.0,0.0,1.0,2856.0,1267.0,1910.0,1,A1,470000,2019-12-26,bronx,733 EAST 218TH STREET NYC
4,SO. JAMAICA-BAISLEY PARK,01 ONE FAMILY DWELLINGS,1,12365,38,A1,117-43 168TH STREET,11434.0,1.0,0.0,1.0,4200.0,1152.0,1930.0,1,A1,370000,2019-04-05,queens,117-43 168TH STREET NYC
4,QUEENS VILLAGE,01 ONE FAMILY DWELLINGS,1,10663,62,A1,89-22 219TH STREET,11427.0,1.0,0.0,1.0,2400.0,1152.0,1930.0,1,A1,610000,2019-05-13,queens,89-22 219TH STREET NYC
5,MIDLAND BEACH,01 ONE FAMILY DWELLINGS,1,3889,5,A5,342 COLONY AVENUE,10306.0,1.0,0.0,1.0,2450.0,1344.0,1975.0,1,A5,565000,2019-06-10,statenisland,342 COLONY AVENUE NYC
4,FLUSHING-NORTH,01 ONE FAMILY DWELLINGS,1,6404,12,A5,140-26 58TH ROAD,11355.0,1.0,0.0,1.0,1948.0,1632.0,1935.0,1,A5,999000,2019-10-22,queens,140-26 58TH ROAD NYC
4,SPRINGFIELD GARDENS,01 ONE FAMILY DWELLINGS,1,12723,64,A5,186-16 RIDGEDALE STREET,11413.0,1.0,0.0,1.0,2266.0,1785.0,1960.0,1,A5,525000,2019-09-25,queens,186-16 RIDGEDALE STREET NYC
5,NEW SPRINGVILLE,01 ONE FAMILY DWELLINGS,1,2382,3,A5,117 RADFORD STREET,10314.0,1.0,0.0,1.0,2345.0,1200.0,1995.0,1,A5,595000,2019-04-22,statenisland,117 RADFORD STREET NYC
4,ST. ALBANS,01 ONE FAMILY DWELLINGS,1,12647,41,A1,191-19 120TH AVENUE,11412.0,1.0,0.0,1.0,2500.0,1015.0,1930.0,1,A1,465000,2019-05-08,queens,191-19 120TH AVENUE NYC
4,ST. ALBANS,01 ONE FAMILY DWELLINGS,1,10271,136,A5,110-21 172ND STREET,11433.0,1.0,0.0,1.0,1800.0,1224.0,1950.0,1,A5,363500,2019-06-26,queens,110-21 172ND STREET NYC
3,OLD MILL BASIN,01 ONE FAMILY DWELLINGS,1,7849,24,A9,1547 EAST 51ST STREET,11234.0,1.0,0.0,1.0,2100.0,1348.0,1925.0,1,A9,475000,2019-11-18,brooklyn,1547 EAST 51ST STREET NYC
4,COLLEGE POINT,02 TWO FAMILY DWELLINGS,1,3952,32,B1,5-15 126TH STREET,11356.0,2.0,0.0,2.0,2674.0,1786.0,2018.0,1,B1,814600,2019-12-24,queens,5-15 126TH STREET NYC
4,COLLEGE POINT,02 TWO FAMILY DWELLINGS,1,4038,1,B1,117-01 14TH AVENUE,11356.0,2.0,0.0,2.0,2470.0,1880.0,1960.0,1,B1,1080000,2019-01-07,queens,117-01 14TH AVENUE NYC
2,THROGS NECK,02 TWO FAMILY DWELLINGS,1,5561,41,B1,520 CALHOUN AVENUE,10465.0,2.0,0.0,2.0,2479.0,1600.0,1955.0,1,B1,575000,2019-12-27,bronx,520 CALHOUN AVENUE NYC
3,EAST NEW YORK,03 THREE FAMILY DWELLINGS,1,4021,47,C0,2490 PITKIN AVENUE,11208.0,3.0,0.0,3.0,1600.0,3900.0,2014.0,1,C0,875000,2019-08-02,brooklyn,2490 PITKIN AVENUE NYC
4,MASPETH,02 TWO FAMILY DWELLINGS,1,2672,70,B1,57-13 58 STREET,11378.0,2.0,0.0,2.0,2500.0,2156.0,1915.0,1,B1,880000,2019-04-29,queens,57-13 58 STREET NYC
3,BAY RIDGE,01 ONE FAMILY DWELLINGS,1,5941,23,S1,440 BAY RIDGE PARKWAY,11209.0,1.0,1.0,2.0,2000.0,3090.0,1910.0,1,S1,1500000,2019-03-29,brooklyn,440 BAY RIDGE PARKWAY NYC
3,GRAVESEND,14 RENTALS - 4-10 UNIT,2A,7096,5,S3,108 AVENUE T,11223.0,3.0,1.0,4.0,1800.0,2720.0,1931.0,2,S3,1420000,2019-10-14,brooklyn,108 AVENUE T NYC
4,ELMHURST,03 THREE FAMILY DWELLINGS,1,2883,17,C0,85-29 58TH AVENUE,11373.0,3.0,0.0,3.0,1870.0,2638.0,1950.0,1,C0,1438000,2019-11-01,queens,85-29 58TH AVENUE NYC
2,THROGS NECK,01 ONE FAMILY DWELLINGS,1,5592,40,A5,231 QUINCY AVENUE,10465.0,1.0,0.0,1.0,2500.0,2100.0,1940.0,1,A5,580000,2019-11-22,bronx,231 QUINCY AVENUE NYC
3,BERGEN BEACH,01 ONE FAMILY DWELLINGS,1,8391,17,A5,1447 EAST 69TH STREET,11234.0,1.0,0.0,1.0,2600.0,1836.0,1970.0,1,A5,710000,2019-09-19,brooklyn,1447 EAST 69TH STREET NYC
4,MIDDLE VILLAGE,03 THREE FAMILY DWELLINGS,1,3771,8,C0,67-35 73RD PLACE,11379.0,3.0,0.0,3.0,2090.0,2885.0,1950.0,1,C0,1060000,2019-10-10,queens,67-35 73RD PLACE NYC
4,CORONA,03 THREE FAMILY DWELLINGS,1,1961,4,C0,55-14 VAN CLEEF STREET,11368.0,3.0,0.0,3.0,1488.0,2264.0,1910.0,1,C0,690000,2019-12-19,queens,55-14 VAN CLEEF STREET NYC
2,WESTCHESTER,01 ONE FAMILY DWELLINGS,1,3978,42,A1,2469 FRISBY AVENUE,10461.0,1.0,0.0,1.0,2377.0,2505.0,1901.0,1,A1,450000,2019-11-06,bronx,2469 FRISBY AVENUE NYC
3,OCEAN PARKWAY-SOUTH,02 TWO FAMILY DWELLINGS,1,7130,3,S2,422 AVENUE U,11223.0,2.0,1.0,3.0,2000.0,2600.0,1931.0,1,S2,1300000,2019-07-24,brooklyn,422 AVENUE U NYC
4,SPRINGFIELD GARDENS,02 TWO FAMILY DWELLINGS,1,13355,80,B3,146-62 182ND STREET,11413.0,2.0,0.0,2.0,2925.0,1760.0,1920.0,1,B3,520000,2019-08-23,queens,146-62 182ND STREET NYC
3,BENSONHURST,02 TWO FAMILY DWELLINGS,1,6264,16,B1,2126 78TH STREET,11214.0,2.0,0.0,2.0,2500.0,2640.0,1920.0,1,B1,1470000,2019-01-07,brooklyn,2126 78TH STREET NYC
5,ROSSVILLE,01 ONE FAMILY DWELLINGS,1,7084,85,A5,257 CANDON AVENUE,10309.0,1.0,0.0,1.0,1213.0,1600.0,1991.0,1,A5,430000,2019-01-28,statenisland,257 CANDON AVENUE NYC
5,GRANT CITY,01 ONE FAMILY DWELLINGS,1,3571,31,A5,1000 S RAILROAD AVE,10306.0,1.0,0.0,1.0,2760.0,1400.0,1991.0,1,A5,625000,2019-06-18,statenisland,1000 S RAILROAD AVE NYC
4,OZONE PARK,02 TWO FAMILY DWELLINGS,1,9000,16,B3,95-20 76TH STREET,11416.0,2.0,0.0,2.0,1700.0,1088.0,1920.0,1,B3,395000,2019-07-17,queens,95-20 76TH STREET NYC
4,FLUSHING-NORTH,02 TWO FAMILY DWELLINGS,1,5575,74,B1,170-29 LITHONIA AVENUE,11365.0,2.0,0.0,2.0,2548.0,2068.0,1960.0,1,B1,1245000,2019-09-27,queens,170-29 LITHONIA AVENUE NYC
5,ARDEN HEIGHTS,01 ONE FAMILY DWELLINGS,1,5724,130,A5,48 CHATHAM STREET,10312.0,1.0,0.0,1.0,2500.0,1504.0,2013.0,1,A5,622000,2019-06-24,statenisland,48 CHATHAM STREET NYC
4,QUEENS VILLAGE,01 ONE FAMILY DWELLINGS,1,10617,50,A1,93-43 VANDERVEER STREET,11428.0,1.0,0.0,1.0,2448.0,1088.0,1920.0,1,A1,643000,2019-07-29,queens,93-43 VANDERVEER STREET NYC
2,WAKEFIELD,02 TWO FAMILY DWELLINGS,1,5056,137,B1,4380 EDSON AVE,10466.0,2.0,0.0,2.0,1519.0,2125.0,1965.0,1,B1,680000,2019-10-11,bronx,4380 EDSON AVE NYC
2,BAYCHESTER,02 TWO FAMILY DWELLINGS,1,4881,83,B1,3318 EDSON AVENUE,10469.0,2.0,0.0,2.0,3117.0,2025.0,1975.0,1,B1,560000,2019-08-14,bronx,3318 EDSON AVENUE NYC
4,BELLE HARBOR,01 ONE FAMILY DWELLINGS,1,16244,59,A1,532 BEACH 133 STREET,11694.0,1.0,0.0,1.0,4000.0,1696.0,1920.0,1,A1,890000,2019-08-14,queens,532 BEACH 133 STREET NYC
4,CAMBRIA HEIGHTS,01 ONE FAMILY DWELLINGS,1,11333,68,A2,116-52 233 STREET,11411.0,1.0,0.0,1.0,4000.0,1020.0,1950.0,1,A2,475000,2019-01-22,queens,116-52 233 STREET NYC
3,BATH BEACH,02 TWO FAMILY DWELLINGS,1,6459,23,B9,299 BAY 8TH STREET,11228.0,2.0,0.0,2.0,1442.0,1640.0,1925.0,1,B9,899000,2019-06-10,brooklyn,299 BAY 8TH STREET NYC
3,EAST NEW YORK,01 ONE FAMILY DWELLINGS,1,3707,2,A1,203 WYONA STREET,11207.0,1.0,0.0,1.0,2500.0,1540.0,1910.0,1,A1,515000,2019-10-11,brooklyn,203 WYONA STREET NYC
4,RIDGEWOOD,22 STORE BUILDINGS,4,3368,1,K4,467 GRANDVIEW AVENUE,11385.0,2.0,1.0,3.0,1209.0,1812.0,1910.0,4,K4,779000,2019-12-20,queens,467 GRANDVIEW AVENUE NYC
4,OAKLAND GARDENS,01 ONE FAMILY DWELLINGS,1,7664,6,A0,229-14 64TH AVENUE,11364.0,1.0,0.0,1.0,4000.0,1560.0,1950.0,1,A0,950000,2019-04-02,queens,229-14 64TH AVENUE NYC
2,BAYCHESTER,02 TWO FAMILY DWELLINGS,1,4893,23,B1,1958 NEEDHAM AVENUE,10466.0,2.0,0.0,2.0,2050.0,1680.0,1960.0,1,B1,475000,2019-12-18,bronx,1958 NEEDHAM AVENUE NYC
3,FLATBUSH-EAST,01 ONE FAMILY DWELLINGS,1,4738,13,A1,434 EAST 54TH STREET,11203.0,1.0,0.0,1.0,2000.0,1372.0,1925.0,1,A1,540000,2019-07-10,brooklyn,434 EAST 54TH STREET NYC
3,GREENPOINT,21 OFFICE BUILDINGS,4,2513,2,O1,1024 MANHATTAN AVENUE,11222.0,0.0,1.0,1.0,1875.0,1875.0,1931.0,4,O1,1750000,2019-11-08,brooklyn,1024 MANHATTAN AVENUE NYC
4,SPRINGFIELD GARDENS,01 ONE FAMILY DWELLINGS,1,12474,18,A5,178-56 LESLIE ROAD,11434.0,1.0,0.0,1.0,2000.0,1440.0,1935.0,1,A5,380000,2019-03-28,queens,178-56 LESLIE ROAD NYC
4,ASTORIA,02 TWO FAMILY DWELLINGS,1,793,79,B3,40-20 23RD AVENUE,11105.0,2.0,0.0,2.0,2500.0,1344.0,1910.0,1,B3,1375000,2019-07-30,queens,40-20 23RD AVENUE NYC
3,MADISON,01 ONE FAMILY DWELLINGS,1,6833,66,A1,1863 EAST 27TH STREET,11229.0,1.0,0.0,1.0,3000.0,1395.0,1925.0,1,A1,1350000,2019-08-21,brooklyn,1863 EAST 27TH STREET NYC
2,MELROSE/CONCOURSE,02 TWO FAMILY DWELLINGS,1,2433,121,B1,314 EAST 166 STREET,10456.0,2.0,0.0,2.0,1015.0,2439.0,2008.0,1,B1,475000,2019-07-01,bronx,314 EAST 166 STREET NYC
4,SOUTH OZONE PARK,02 TWO FAMILY DWELLINGS,1,11772,94,B3,133-12 SUTTER AVENUE,11420.0,2.0,0.0,2.0,2342.0,1032.0,1925.0,1,B3,450000,2019-08-27,queens,133-12 SUTTER AVENUE NYC
4,ST. ALBANS,02 TWO FAMILY DWELLINGS,1,12601,39,B3,190-17 117TH ROAD,11412.0,2.0,0.0,2.0,2500.0,1248.0,1910.0,1,B3,395000,2019-11-04,queens,190-17 117TH ROAD NYC
3,EAST NEW YORK,03 THREE FAMILY DWELLINGS,1,4025,25,C0,348 VAN SICLEN AVENUE,11207.0,3.0,0.0,3.0,1710.0,1800.0,1901.0,1,C0,350000,2019-07-23,brooklyn,348 VAN SICLEN AVENUE NYC
5,SILVER LAKE,01 ONE FAMILY DWELLINGS,1,275,127,A1,246 HART AVENUE,10310.0,1.0,0.0,1.0,3610.0,1368.0,1930.0,1,A1,730000,2019-04-09,statenisland,246 HART AVENUE NYC
2,SOUNDVIEW,03 THREE FAMILY DWELLINGS,1,3875,41,C0,1394 COMMONWEALTH AVENUE,10472.0,3.0,0.0,3.0,1744.0,2802.0,2001.0,1,C0,590000,2019-09-09,bronx,1394 COMMONWEALTH AVENUE NYC
4,OZONE PARK,02 TWO FAMILY DWELLINGS,1,9100,41,B1,93-09 103RD AVENUE,11417.0,2.0,0.0,2.0,2352.0,1892.0,1960.0,1,B1,761000,2019-03-05,queens,93-09 103RD AVENUE NYC
3,OCEAN PARKWAY-SOUTH,02 TWO FAMILY DWELLINGS,1,7216,71,B3,2517 WEST STREET,11223.0,2.0,0.0,2.0,1883.0,1310.0,1930.0,1,B3,814000,2019-12-18,brooklyn,2517 WEST STREET NYC
4,SOUTH OZONE PARK,02 TWO FAMILY DWELLINGS,1,11634,60,B3,111-17 130TH STREET,11420.0,2.0,0.0,2.0,2520.0,1288.0,1925.0,1,B3,685000,2019-12-05,queens,111-17 130TH STREET NYC
3,BROWNSVILLE,02 TWO FAMILY DWELLINGS,1,3559,8,B1,287 BRISTOL STREET,11212.0,2.0,0.0,2.0,2333.0,3120.0,2002.0,1,B1,735000,2019-09-12,brooklyn,287 BRISTOL STREET NYC
4,CAMBRIA HEIGHTS,01 ONE FAMILY DWELLINGS,1,11318,56,A5,116-46 218TH STREET,11411.0,1.0,0.0,1.0,2000.0,1648.0,1950.0,1,A5,499000,2019-10-15,queens,116-46 218TH STREET NYC
2,WESTCHESTER,02 TWO FAMILY DWELLINGS,1,3830,6,B3,1210 HAVEMEYER AVENUE,10462.0,2.0,0.0,2.0,2269.0,1440.0,1901.0,1,B3,560000,2019-04-05,bronx,1210 HAVEMEYER AVENUE NYC
2,COUNTRY CLUB,02 TWO FAMILY DWELLINGS,1,5480,56,B3,732 WILCOX AVE,10465.0,2.0,0.0,2.0,3000.0,1956.0,1920.0,1,B3,369000,2019-01-31,bronx,732 WILCOX AVE NYC
4,SOUTH JAMAICA,02 TWO FAMILY DWELLINGS,1,11964,66,B3,111-67 LIVERPOOL STREET,11435.0,2.0,0.0,2.0,3000.0,1530.0,1930.0,1,B3,450000,2019-11-20,queens,111-67 LIVERPOOL STREET NYC
3,CANARSIE,02 TWO FAMILY DWELLINGS,1,8086,64,B1,1688 REMSEN AVENUE,11236.0,2.0,0.0,2.0,3900.0,2460.0,1955.0,1,B1,876000,2019-07-10,brooklyn,1688 REMSEN AVENUE NYC
3,FLATLANDS,02 TWO FAMILY DWELLINGS,1,7834,37,B3,1315 EAST 54TH STREET,11234.0,2.0,0.0,2.0,2583.0,1760.0,1940.0,1,B3,400000,2019-11-25,brooklyn,1315 EAST 54TH STREET NYC
4,BAYSIDE,01 ONE FAMILY DWELLINGS,1,6075,7,A5,199-14 33RD AVENUE,11358.0,1.0,0.0,1.0,1888.0,1080.0,1930.0,1,A5,625000,2019-11-13,queens,199-14 33RD AVENUE NYC
4,FLUSHING-SOUTH,01 ONE FAMILY DWELLINGS,1,6658,38,A5,71-05 VLEIGH PLACE,11367.0,1.0,0.0,1.0,2236.0,1482.0,1960.0,1,A5,915000,2019-10-23,queens,71-05 VLEIGH PLACE NYC
3,PARK SLOPE SOUTH,02 TWO FAMILY DWELLINGS,1,1109,47,B9,123 WINDSOR PLACE,11215.0,2.0,0.0,2.0,1883.0,3328.0,1920.0,1,B9,307500,2019-11-26,brooklyn,123 WINDSOR PLACE NYC
2,PELHAM PARKWAY SOUTH,01 ONE FAMILY DWELLINGS,1,4203,23,A5,1821 NARRAGANSETT AVENUE,10461.0,1.0,0.0,1.0,3181.0,2030.0,1940.0,1,A5,682000,2019-10-23,bronx,1821 NARRAGANSETT AVENUE NYC
4,OZONE PARK,01 ONE FAMILY DWELLINGS,1,9023,3,S1,87-10 ATLANTIC AVENUE,11416.0,1.0,1.0,2.0,2500.0,2020.0,1905.0,1,S1,700000,2019-04-17,queens,87-10 ATLANTIC AVENUE NYC
5,GRANT CITY,01 ONE FAMILY DWELLINGS,1,3564,30,A1,1946 RICHMOND ROAD,10306.0,1.0,0.0,1.0,2680.0,2250.0,1939.0,1,A1,700000,2019-04-04,statenisland,1946 RICHMOND ROAD NYC
4,HOLLIS,02 TWO FAMILY DWELLINGS,1,10865,38,B3,100-57 198TH STREET,11423.0,2.0,0.0,2.0,4000.0,2694.0,1930.0,1,B3,901000,2019-09-04,queens,100-57 198TH STREET NYC
4,HOLLIS,01 ONE FAMILY DWELLINGS,1,10915,15,A1,104-18 209TH ST,11429.0,1.0,0.0,1.0,3300.0,1568.0,1920.0,1,A1,640000,2019-01-28,queens,104-18 209TH ST NYC
5,MANOR HEIGHTS,01 ONE FAMILY DWELLINGS,1,813,25,A5,126 GRAVES STREET,10314.0,1.0,0.0,1.0,2402.0,1425.0,1997.0,1,A5,630000,2019-08-12,statenisland,126 GRAVES STREET NYC
3,CANARSIE,01 ONE FAMILY DWELLINGS,1,8287,52,A1,1314 EAST 104TH STREET,11236.0,1.0,0.0,1.0,4150.0,1669.0,1960.0,1,A1,648500,2019-10-28,brooklyn,1314 EAST 104TH STREET NYC
4,SPRINGFIELD GARDENS,01 ONE FAMILY DWELLINGS,1,12292,15,A2,134-18 154TH STREET,11434.0,1.0,0.0,1.0,4500.0,1235.0,1950.0,1,A2,915000,2019-05-31,queens,134-18 154TH STREET NYC
3,BEDFORD STUYVESANT,07 RENTALS - WALKUP APARTMENTS,2A,1614,51,C3,773 GREENE AVENUE,11221.0,4.0,0.0,4.0,2000.0,2400.0,1931.0,2,C3,1200000,2019-12-17,brooklyn,773 GREENE AVENUE NYC
4,MIDDLE VILLAGE,01 ONE FAMILY DWELLINGS,1,2994,40,A5,82-53 PENELOPE AVE,11379.0,1.0,0.0,1.0,2000.0,1638.0,1940.0,1,A5,880000,2019-10-18,queens,82-53 PENELOPE AVE NYC
5,MIDLAND BEACH,01 ONE FAMILY DWELLINGS,1,3731,25,A9,755 NUGENT AVENUE,10306.0,1.0,0.0,1.0,2233.0,1280.0,1979.0,1,A9,350000,2019-07-02,statenisland,755 NUGENT AVENUE NYC
4,FRESH MEADOWS,02 TWO FAMILY DWELLINGS,1,7214,4,B1,75-03 197TH STREET,11366.0,2.0,0.0,2.0,2952.0,2188.0,1950.0,1,B1,1130000,2019-08-15,queens,75-03 197TH STREET NYC
4,LAURELTON,02 TWO FAMILY DWELLINGS,1,13143,1,B1,219-03 140TH AVENUE,11413.0,2.0,0.0,2.0,2950.0,1892.0,2009.0,1,B1,535000,2019-11-08,queens,219-03 140TH AVENUE NYC
4,LAURELTON,01 ONE FAMILY DWELLINGS,1,12940,90,A2,131-22 FRANCIS LEWIS BLVD,11413.0,1.0,0.0,1.0,3200.0,1440.0,1940.0,1,A2,609000,2019-05-24,queens,131-22 FRANCIS LEWIS BLVD NYC
4,GLENDALE,02 TWO FAMILY DWELLINGS,1,3702,10,B1,72-29 67TH PLACE,11385.0,2.0,0.0,2.0,2255.0,2208.0,1910.0,1,B1,889000,2019-07-16,queens,72-29 67TH PLACE NYC
5,MARINERS HARBOR,01 ONE FAMILY DWELLINGS,1,1178,6,A1,19 WENLOCK STREET,10303.0,1.0,0.0,1.0,4900.0,1088.0,1920.0,1,A1,510000,2019-06-26,statenisland,19 WENLOCK STREET NYC
2,MORRISANIA/LONGWOOD,03 THREE FAMILY DWELLINGS,1,2617,55,C0,713 EAGLE AVENUE,10455.0,3.0,0.0,3.0,1785.0,2970.0,1901.0,1,C0,835000,2019-07-02,bronx,713 EAGLE AVENUE NYC
2,THROGS NECK,01 ONE FAMILY DWELLINGS,1,5429,47,A2,847 HOLLYWOOD AVENUE,10465.0,1.0,0.0,1.0,2800.0,1396.0,1930.0,1,A2,570000,2019-10-29,bronx,847 HOLLYWOOD AVENUE NYC
3,OCEAN HILL,03 THREE FAMILY DWELLINGS,1,1465,30,C0,1934 PROSPECT PLACE,11233.0,3.0,0.0,3.0,1650.0,3750.0,1920.0,1,C0,780000,2019-12-05,brooklyn,1934 PROSPECT PLACE NYC
4,BAYSIDE,01 ONE FAMILY DWELLINGS,1,6300,34,A1,43-18 214TH PLACE,11361.0,1.0,0.0,1.0,2840.0,1760.0,1920.0,1,A1,900000,2019-08-15,queens,43-18 214TH PLACE NYC
4,WOODHAVEN,01 ONE FAMILY DWELLINGS,1,8985,58,A9,91-21 91 STREET,11421.0,1.0,0.0,1.0,1600.0,1200.0,1910.0,1,A9,575000,2019-04-03,queens,91-21 91 STREET NYC
4,RICHMOND HILL,02 TWO FAMILY DWELLINGS,1,9385,49,B2,104-17 95TH AVENUE,11416.0,2.0,0.0,2.0,2446.0,2240.0,1920.0,1,B2,755000,2019-08-28,queens,104-17 95TH AVENUE NYC
4,FAR ROCKAWAY,02 TWO FAMILY DWELLINGS,1,15663,20,B2,13-18 GIPSON STREET,11691.0,2.0,0.0,2.0,2301.0,1840.0,1955.0,1,B2,630000,2019-11-08,queens,13-18 GIPSON STREET NYC
5,SUNNYSIDE,01 ONE FAMILY DWELLINGS,1,665,5,A5,60 OSWEGO STREET,10301.0,1.0,0.0,1.0,2039.0,1218.0,1996.0,1,A5,550000,2019-09-30,statenisland,60 OSWEGO STREET NYC
5,GREAT KILLS,01 ONE FAMILY DWELLINGS,1,5452,28,A5,20 COLON AVENUE,10308.0,1.0,0.0,1.0,4864.0,2100.0,2006.0,1,A5,570000,2019-05-15,statenisland,20 COLON AVENUE NYC
2,BAYCHESTER,02 TWO FAMILY DWELLINGS,1,4898,61,B3,1232 EAST 224 STREET,10466.0,2.0,0.0,2.0,2071.0,1967.0,1920.0,1,B3,655000,2019-10-04,bronx,1232 EAST 224 STREET NYC
4,RIDGEWOOD,07 RENTALS - WALKUP APARTMENTS,2A,3556,2,C3,1113 WYCKOFF AVENUE,11385.0,4.0,0.0,4.0,3054.0,3920.0,1931.0,2,C3,1225000,2019-03-15,queens,1113 WYCKOFF AVENUE NYC
3,SHEEPSHEAD BAY,02 TWO FAMILY DWELLINGS,1,7403,17,B3,2326 EAST 19TH STREET,11229.0,2.0,0.0,2.0,2300.0,1913.0,1930.0,1,B3,885000,2019-06-13,brooklyn,2326 EAST 19TH STREET NYC
2,BRONXDALE,03 THREE FAMILY DWELLINGS,1,4622,57,C0,3303 BARKER AVENUE,10467.0,3.0,0.0,3.0,2508.0,2646.0,1920.0,1,C0,475000,2019-11-07,bronx,3303 BARKER AVENUE NYC
5,WEST NEW BRIGHTON,01 ONE FAMILY DWELLINGS,1,210,23,A5,25 ROE STREET,10310.0,1.0,0.0,1.0,4000.0,1500.0,2000.0,1,A5,387000,2019-06-26,statenisland,25 ROE STREET NYC
4,SOUTH OZONE PARK,01 ONE FAMILY DWELLINGS,1,11808,22,A0,135-29 121 STREET,11420.0,1.0,0.0,1.0,4000.0,1100.0,1945.0,1,A0,520000,2019-04-09,queens,135-29 121 STREET NYC
4,COLLEGE POINT,02 TWO FAMILY DWELLINGS,1,3935,41,B1,117-11 9 AVENUE,11356.0,2.0,0.0,2.0,2184.0,2080.0,1992.0,1,B1,999000,2019-03-05,queens,117-11 9 AVENUE NYC
4,WOODHAVEN,03 THREE FAMILY DWELLINGS,1,8940,99,C0,93-06 74TH PL,11421.0,3.0,0.0,3.0,1820.0,1781.0,1940.0,1,C0,899999,2019-08-27,queens,93-06 74TH PL NYC
3,FLATBUSH-EAST,01 ONE FAMILY DWELLINGS,1,7724,59,A9,1632 ALBANY AVENUE,11210.0,1.0,0.0,1.0,2000.0,1040.0,1920.0,1,A9,412500,2019-11-11,brooklyn,1632 ALBANY AVENUE NYC
4,FRESH MEADOWS,01 ONE FAMILY DWELLINGS,1,7181,8,A1,73-08 195TH STREET,11366.0,1.0,0.0,1.0,4000.0,1352.0,1935.0,1,A1,875000,2019-04-04,queens,73-08 195TH STREET NYC
4,LITTLE NECK,01 ONE FAMILY DWELLINGS,1,8159,8,A5,3717 BROOKSIDE,11363.0,1.0,0.0,1.0,2842.0,2000.0,1975.0,1,A5,800000,2019-04-17,queens,3717 BROOKSIDE NYC
4,SPRINGFIELD GARDENS,01 ONE FAMILY DWELLINGS,1,12675,85,A1,121-36 194TH STREET,11412.0,1.0,0.0,1.0,3325.0,1260.0,1930.0,1,A1,565000,2019-11-26,queens,121-36 194TH STREET NYC
4,QUEENS VILLAGE,01 ONE FAMILY DWELLINGS,1,10664,12,A1,89-77 219TH STREET,11427.0,1.0,0.0,1.0,2400.0,1280.0,1920.0,1,A1,536170,2019-05-23,queens,89-77 219TH STREET NYC
3,BAY RIDGE,02 TWO FAMILY DWELLINGS,1,5850,72,B9,317 SENATOR STREET,11220.0,2.0,0.0,2.0,3000.0,3300.0,1910.0,1,B9,1300000,2019-02-22,brooklyn,317 SENATOR STREET NYC
5,BULLS HEAD,01 ONE FAMILY DWELLINGS,1,1660,72,A5,58 REGIS DRIVE,10314.0,1.0,0.0,1.0,3600.0,1530.0,1980.0,1,A5,545000,2019-07-16,statenisland,58 REGIS DRIVE NYC
4,SO. JAMAICA-BAISLEY PARK,01 ONE FAMILY DWELLINGS,1,12074,16,A1,137-31 132ND AVE,11436.0,1.0,0.0,1.0,4100.0,1156.0,1960.0,1,A1,624000,2019-11-26,queens,137-31 132ND AVE NYC
4,DOUGLASTON,02 TWO FAMILY DWELLINGS,1,8290,25,B2,240-58 67TH AVENUE,11362.0,2.0,0.0,2.0,3016.0,2268.0,1965.0,1,B2,1050000,2019-06-28,queens,240-58 67TH AVENUE NYC
3,MIDWOOD,01 ONE FAMILY DWELLINGS,1,7592,15,A9,973 EAST 28TH STREET,11210.0,1.0,0.0,1.0,2000.0,1504.0,1925.0,1,A9,870000,2019-11-19,brooklyn,973 EAST 28TH STREET NYC
3,CANARSIE,01 ONE FAMILY DWELLINGS,1,8047,19,A5,1155 EAST 81ST,11236.0,1.0,0.0,1.0,2000.0,1120.0,1965.0,1,A5,560000,2019-03-12,brooklyn,1155 EAST 81ST NYC
3,MADISON,01 ONE FAMILY DWELLINGS,1,7688,19,A1,1557 EAST 27TH STREET,11229.0,1.0,0.0,1.0,2667.0,3280.0,1930.0,1,A1,1450000,2019-03-25,brooklyn,1557 EAST 27TH STREET NYC
4,RIDGEWOOD,03 THREE FAMILY DWELLINGS,1,3562,35,C0,966 SENECA AVENUE,11385.0,3.0,0.0,3.0,1800.0,3384.0,1910.0,1,C0,1260000,2019-10-28,queens,966 SENECA AVENUE NYC
4,SPRINGFIELD GARDENS,01 ONE FAMILY DWELLINGS,1,12537,75,A2,130-10 177TH STREET,11434.0,1.0,0.0,1.0,4000.0,850.0,1950.0,1,A2,350000,2019-02-28,queens,130-10 177TH STREET NYC
2,BRONXDALE,01 ONE FAMILY DWELLINGS,1,4578,11,A5,3026 HONE AVENUE,10469.0,1.0,0.0,1.0,1540.0,1360.0,1950.0,1,A5,499000,2019-12-16,bronx,3026 HONE AVENUE NYC
3,OLD MILL BASIN,02 TWO FAMILY DWELLINGS,1,8512,58,B1,1876 EAST 52ND STREET,11234.0,2.0,0.0,2.0,2000.0,1638.0,1955.0,1,B1,700000,2019-05-15,brooklyn,1876 EAST 52ND STREET NYC
3,FLATBUSH-EAST,03 THREE FAMILY DWELLINGS,1,7928,55,C0,726 E 53RD STREET,11203.0,3.0,0.0,3.0,2333.0,3168.0,1940.0,1,C0,640000,2019-01-18,brooklyn,726 E 53RD STREET NYC
5,CLOVE LAKES,01 ONE FAMILY DWELLINGS,1,286,80,A1,12 JONES PLACE,10310.0,1.0,0.0,1.0,3220.0,2164.0,1935.0,1,A1,720000,2019-12-19,statenisland,12 JONES PLACE NYC
3,BEDFORD STUYVESANT,07 RENTALS - WALKUP APARTMENTS,2A,1650,75,C3,569 JEFFERSON AVENUE,11221.0,4.0,0.0,4.0,1925.0,2875.0,1910.0,2,C3,1250000,2019-06-28,brooklyn,569 JEFFERSON AVENUE NYC
2,WESTCHESTER,03 THREE FAMILY DWELLINGS,1,3846,35,C0,2403 BUTLER PLACE,10461.0,3.0,0.0,3.0,2517.0,2403.0,1910.0,1,C0,825000,2019-05-15,bronx,2403 BUTLER PLACE NYC
3,BEDFORD STUYVESANT,02 TWO FAMILY DWELLINGS,1,1608,21,B9,608 KOSCIUSZKO STREET,11221.0,2.0,0.0,2.0,2150.0,2106.0,1993.0,1,B9,1100000,2019-11-15,brooklyn,608 KOSCIUSZKO STREET NYC
4,CAMBRIA HEIGHTS,01 ONE FAMILY DWELLINGS,1,12735,79,A5,11743 SPRINGFIELD BLVD,11411.0,1.0,0.0,1.0,2900.0,1296.0,1960.0,1,A5,348156,2019-03-21,queens,11743 SPRINGFIELD BLVD NYC
5,MARINERS HARBOR,01 ONE FAMILY DWELLINGS,1,1218,39,A1,104 MAPLE PARKWAY,10303.0,1.0,0.0,1.0,2996.0,1710.0,2019.0,1,A1,555000,2019-12-20,statenisland,104 MAPLE PARKWAY NYC
5,NEW BRIGHTON,03 THREE FAMILY DWELLINGS,1,48,19,C0,197 YORK AVENUE,10301.0,3.0,0.0,3.0,2500.0,2112.0,1905.0,1,C0,610000,2019-08-02,statenisland,197 YORK AVENUE NYC
3,FLATBUSH-LEFFERTS GARDEN,01 ONE FAMILY DWELLINGS,1,1315,74,A4,233 STERLING STREET,11225.0,1.0,0.0,1.0,2000.0,1696.0,1910.0,1,A4,1400000,2019-09-05,brooklyn,233 STERLING STREET NYC
4,ARVERNE,01 ONE FAMILY DWELLINGS,1,16026,40,A9,6-21 BEACH 65 STREET,11692.0,1.0,0.0,1.0,2250.0,1530.0,1960.0,1,A9,301000,2019-11-08,queens,6-21 BEACH 65 STREET NYC
4,ELMHURST,01 ONE FAMILY DWELLINGS,1,2895,3,A5,84-24 57 AVENUE,11373.0,1.0,0.0,1.0,2000.0,860.0,1950.0,1,A5,835000,2019-01-22,queens,84-24 57 AVENUE NYC
3,OCEAN HILL,02 TWO FAMILY DWELLINGS,1,1507,11,B9,726 DECATUR STREET,11233.0,2.0,0.0,2.0,1800.0,2268.0,1901.0,1,B9,715000,2019-01-14,brooklyn,726 DECATUR STREET NYC
4,RICHMOND HILL,01 ONE FAMILY DWELLINGS,1,9279,64,A5,8614 126TH STREET,11418.0,1.0,0.0,1.0,1858.0,1356.0,1915.0,1,A5,390000,2019-01-17,queens,8614 126TH STREET NYC
4,FLUSHING-NORTH,02 TWO FAMILY DWELLINGS,1,4824,28,B1,30-18 150TH PLACE,11354.0,2.0,0.0,2.0,4000.0,1880.0,1930.0,1,B1,1400000,2019-09-25,queens,30-18 150TH PLACE NYC
5,SUNNYSIDE,22 STORE BUILDINGS,4,652,15,K1,1286 CLOVE ROAD,10301.0,0.0,1.0,1.0,1850.0,975.0,1990.0,4,K1,1600000,2019-10-24,statenisland,1286 CLOVE ROAD NYC
4,ELMHURST,01 ONE FAMILY DWELLINGS,1,1856,54,A1,90-49 55TH AVENUE,11373.0,1.0,0.0,1.0,2502.0,1344.0,1935.0,1,A1,928000,2019-07-25,queens,90-49 55TH AVENUE NYC
2,MORRISANIA/LONGWOOD,01 ONE FAMILY DWELLINGS,1,2722,17,A5,861 SOUTHERN BOULEVARD,10459.0,1.0,0.0,1.0,2000.0,2520.0,1987.0,1,A5,471089,2019-01-14,bronx,861 SOUTHERN BOULEVARD NYC
4,BAYSIDE,01 ONE FAMILY DWELLINGS,1,7420,8,A1,53-08 212TH STREET,11364.0,1.0,0.0,1.0,4950.0,2000.0,1940.0,1,A1,999999,2019-04-15,queens,53-08 212TH STREET NYC
4,OZONE PARK,01 ONE FAMILY DWELLINGS,1,11353,15,A1,90-21 SILVER ROAD,11417.0,1.0,0.0,1.0,1780.0,1036.0,1920.0,1,A1,510000,2019-07-22,queens,90-21 SILVER ROAD NYC
2,MORRIS PARK/VAN NEST,03 THREE FAMILY DWELLINGS,1,4129,57,C0,1848 HONE AVENUE,10461.0,3.0,0.0,3.0,2500.0,3600.0,1930.0,1,C0,999000,2019-12-02,bronx,1848 HONE AVENUE NYC
3,DYKER HEIGHTS,01 ONE FAMILY DWELLINGS,1,6231,67,A9,1129 77TH STREET,11228.0,1.0,0.0,1.0,2000.0,1232.0,1930.0,1,A9,935000,2019-04-09,brooklyn,1129 77TH STREET NYC
2,BAYCHESTER,02 TWO FAMILY DWELLINGS,1,4763,17,B1,3141 MICKLE AVENUE,10469.0,2.0,0.0,2.0,2522.0,1568.0,1950.0,1,B1,502000,2019-10-04,bronx,3141 MICKLE AVENUE NYC
3,GRAVESEND,02 TWO FAMILY DWELLINGS,1,6915,83,B2,149 BAY 47TH STREET,11214.0,2.0,0.0,2.0,1933.0,1560.0,1930.0,1,B2,646000,2019-11-27,brooklyn,149 BAY 47TH STREET NYC
3,SHEEPSHEAD BAY,01 ONE FAMILY DWELLINGS,1,8793,125,A2,12 HITCHINGS AVENUE,11235.0,1.0,0.0,1.0,1664.0,868.0,1920.0,1,A2,550000,2019-03-20,brooklyn,12 HITCHINGS AVENUE NYC
4,SO. JAMAICA-BAISLEY PARK,01 ONE FAMILY DWELLINGS,1,11986,113,A5,115-14 143RD STREET,11436.0,1.0,0.0,1.0,2400.0,1785.0,1960.0,1,A5,440000,2019-05-28,queens,115-14 143RD STREET NYC
4,FOREST HILLS,01 ONE FAMILY DWELLINGS,1,3254,42,A5,51 BURNS STREET,11375.0,1.0,0.0,1.0,1152.0,1401.0,1935.0,1,A5,1260000,2019-09-05,queens,51 BURNS STREET NYC
4,CAMBRIA HEIGHTS,01 ONE FAMILY DWELLINGS,1,11310,29,A2,115-64 229TH STREET,11411.0,1.0,0.0,1.0,4000.0,1140.0,1950.0,1,A2,550000,2019-03-27,queens,115-64 229TH STREET NYC
4,SOUTH JAMAICA,01 ONE FAMILY DWELLINGS,1,12161,40,A5,110-48 158TH STREET,11433.0,1.0,0.0,1.0,1885.0,1800.0,1955.0,1,A5,525000,2019-11-12,queens,110-48 158TH STREET NYC
4,LAURELTON,01 ONE FAMILY DWELLINGS,1,12908,4,A2,130-32 FRANCIS LEWIS BLVD,11413.0,1.0,0.0,1.0,3893.0,984.0,1940.0,1,A2,450000,2019-11-13,queens,130-32 FRANCIS LEWIS BLVD NYC
4,OZONE PARK,02 TWO FAMILY DWELLINGS,1,9121,1,B2,98-02 103RD AVENUE,11417.0,2.0,0.0,2.0,2500.0,3705.0,1950.0,1,B2,995000,2019-04-09,queens,98-02 103RD AVENUE NYC
2,MORRISANIA/LONGWOOD,02 TWO FAMILY DWELLINGS,1,2617,10,B2,648 ST ANNS AVENUE,10455.0,2.0,0.0,2.0,1115.0,1983.0,1901.0,1,B2,481500,2019-09-16,bronx,648 ST ANNS AVENUE NYC
3,CLINTON HILL,02 TWO FAMILY DWELLINGS,1,1983,6,B9,75 DOWNING STREET,11238.0,2.0,0.0,2.0,1675.0,2688.0,1901.0,1,B9,1650000,2019-03-06,brooklyn,75 DOWNING STREET NYC
2,SOUNDVIEW,02 TWO FAMILY DWELLINGS,1,3892,24,B9,1442 FTELEY AVENUE,10472.0,2.0,0.0,2.0,2667.0,2560.0,1920.0,1,B9,514216,2019-12-16,bronx,1442 FTELEY AVENUE NYC
3,BOROUGH PARK,03 THREE FAMILY DWELLINGS,1,751,21,C0,830 45TH STREET,11220.0,3.0,0.0,3.0,2462.0,2480.0,1925.0,1,C0,1685000,2019-03-28,brooklyn,830 45TH STREET NYC
4,ST. ALBANS,02 TWO FAMILY DWELLINGS,1,11067,57,B3,116-36 196TH STREET,11412.0,2.0,0.0,2.0,2500.0,1584.0,1920.0,1,B3,480000,2019-02-20,queens,116-36 196TH STREET NYC
4,CORONA,02 TWO FAMILY DWELLINGS,1,1716,13,B2,33-16 102ND STREET,11368.0,2.0,0.0,2.0,2000.0,2124.0,1910.0,1,B2,916425,2019-02-01,queens,33-16 102ND STREET NYC
4,RICHMOND HILL,01 ONE FAMILY DWELLINGS,1,9379,3,A1,101-08 95TH AVENUE,11416.0,1.0,0.0,1.0,2521.0,988.0,1920.0,1,A1,718000,2019-11-07,queens,101-08 95TH AVENUE NYC
5,SOUTH BEACH,01 ONE FAMILY DWELLINGS,1,3398,65,A5,323 QUINTARD STREET,10305.0,1.0,0.0,1.0,2500.0,1440.0,1994.0,1,A5,535000,2019-09-30,statenisland,323 QUINTARD STREET NYC
5,GREAT KILLS,01 ONE FAMILY DWELLINGS,1,4500,46,A5,119 TANGLEWOOD DRIVE,10308.0,1.0,0.0,1.0,2500.0,1280.0,1983.0,1,A5,522000,2019-08-19,statenisland,119 TANGLEWOOD DRIVE NYC
3,BEDFORD STUYVESANT,02 TWO FAMILY DWELLINGS,1,1774,70,B3,647 DEKALB AVENUE,11216.0,2.0,0.0,2.0,1842.0,2211.0,1910.0,1,B3,1050000,2019-04-09,brooklyn,647 DEKALB AVENUE NYC
4,LONG ISLAND CITY,21 OFFICE BUILDINGS,4,325,35,O5,34-16 11TH STREET,11106.0,0.0,1.0,1.0,2130.0,3200.0,1916.0,4,O5,1400000,2019-06-05,queens,34-16 11TH STREET NYC
4,HOLLIS,02 TWO FAMILY DWELLINGS,1,10873,3,B3,100-05 205TH PLACE,11423.0,2.0,0.0,2.0,3000.0,1564.0,1925.0,1,B3,720000,2019-01-17,queens,100-05 205TH PLACE NYC
4,EAST ELMHURST,01 ONE FAMILY DWELLINGS,1,1652,51,A5,25-15 HUMPHREYS STREET,11369.0,1.0,0.0,1.0,1900.0,1296.0,1930.0,1,A5,625000,2019-04-25,queens,25-15 HUMPHREYS STREET NYC
4,HOLLIS,03 THREE FAMILY DWELLINGS,1,10816,41,C0,188-21 WOODHULL AVENUE,11423.0,3.0,0.0,3.0,3688.0,3597.0,2017.0,1,C0,1250000,2019-01-02,queens,188-21 WOODHULL AVENUE NYC
4,JACKSON HEIGHTS,02 TWO FAMILY DWELLINGS,1,1413,64,B1,32-21 83RD STREET,11370.0,2.0,0.0,2.0,2500.0,2600.0,1930.0,1,B1,550000,2019-05-24,queens,32-21 83RD STREET NYC
4,FAR ROCKAWAY,02 TWO FAMILY DWELLINGS,1,15797,42,B2,322 BEACH 30 STREET,11691.0,2.0,0.0,2.0,2850.0,2112.0,1950.0,1,B2,550000,2019-01-24,queens,322 BEACH 30 STREET NYC
4,JAMAICA,01 ONE FAMILY DWELLINGS,1,9700,35,A1,139-51 87TH ROAD,11435.0,1.0,0.0,1.0,2550.0,1832.0,1925.0,1,A1,600000,2019-09-04,queens,139-51 87TH ROAD NYC
4,ST. ALBANS,02 TWO FAMILY DWELLINGS,1,10408,19,B3,186-17 MANGIN AVENUE,11412.0,2.0,0.0,2.0,2948.0,1494.0,1920.0,1,B3,690000,2019-11-25,queens,186-17 MANGIN AVENUE NYC
4,FLORAL PARK,01 ONE FAMILY DWELLINGS,1,8713,14,A0,80-48 258TH STREET,11004.0,1.0,0.0,1.0,4000.0,1044.0,1945.0,1,A0,610000,2019-01-30,queens,80-48 258TH STREET NYC
3,CANARSIE,02 TWO FAMILY DWELLINGS,1,8307,51,B2,1420 EAST 105 STREET,11236.0,2.0,0.0,2.0,4200.0,2064.0,1955.0,1,B2,795000,2019-11-25,brooklyn,1420 EAST 105 STREET NYC
3,CANARSIE,01 ONE FAMILY DWELLINGS,1,8025,18,A2,945 EAST 88TH STREET,11236.0,1.0,0.0,1.0,2358.0,988.0,1925.0,1,A2,530000,2019-12-27,brooklyn,945 EAST 88TH STREET NYC
4,MIDDLE VILLAGE,02 TWO FAMILY DWELLINGS,1,3800,52,B3,79-71 69TH ROAD,11379.0,2.0,0.0,2.0,2342.0,1296.0,1925.0,1,B3,999000,2019-08-02,queens,79-71 69TH ROAD NYC
2,PELHAM PARKWAY NORTH,01 ONE FAMILY DWELLINGS,1,4476,13,A1,2516 MORGAN AVENUE,10469.0,1.0,0.0,1.0,3600.0,2035.0,1940.0,1,A1,620000,2019-11-13,bronx,2516 MORGAN AVENUE NYC
2,WAKEFIELD,02 TWO FAMILY DWELLINGS,1,5009,1,B3,1800 BUSSING AVENUE,10466.0,2.0,0.0,2.0,2505.0,2193.0,1930.0,1,B3,310000,2019-06-14,bronx,1800 BUSSING AVENUE NYC
3,BOROUGH PARK,01 ONE FAMILY DWELLINGS,1,5471,34,A5,1566 52ND STREET,11219.0,1.0,0.0,1.0,2003.0,1848.0,1935.0,1,A5,1300000,2019-12-16,brooklyn,1566 52ND STREET NYC
2,BAYCHESTER,02 TWO FAMILY DWELLINGS,1,4796,144,B2,2914 ELY AVENUE,10469.0,2.0,0.0,2.0,2375.0,2040.0,2004.0,1,B2,723000,2019-08-27,bronx,2914 ELY AVENUE NYC
3,BENSONHURST,01 ONE FAMILY DWELLINGS,1,6262,5,A9,7813 19TH AVENUE,11214.0,1.0,0.0,1.0,2500.0,1566.0,1925.0,1,A9,1100000,2019-10-29,brooklyn,7813 19TH AVENUE NYC
4,ELMHURST,03 THREE FAMILY DWELLINGS,1,1866,48,C0,92-19 51ST AVENUE,11373.0,3.0,0.0,3.0,2744.0,3105.0,1910.0,1,C0,1310000,2019-12-17,queens,92-19 51ST AVENUE NYC
3,OCEAN HILL,03 THREE FAMILY DWELLINGS,1,1540,45,C0,1983 EASTERN PARKWAY,11233.0,3.0,0.0,3.0,2724.0,3900.0,1910.0,1,C0,600000,2019-09-20,brooklyn,1983 EASTERN PARKWAY NYC
5,WILLOWBROOK,01 ONE FAMILY DWELLINGS,1,775,18,A2,407 BUCHANAN AVENUE,10314.0,1.0,0.0,1.0,3920.0,2016.0,1970.0,1,A2,705000,2019-11-05,statenisland,407 BUCHANAN AVENUE NYC
3,OCEAN PARKWAY-NORTH,01 ONE FAMILY DWELLINGS,1,5374,84,S1,505 EAST 5TH STREET,11218.0,1.0,1.0,2.0,2400.0,2230.0,1925.0,1,S1,1607000,2019-08-02,brooklyn,505 EAST 5TH STREET NYC
3,FLATBUSH-EAST,01 ONE FAMILY DWELLINGS,1,7666,71,A1,1378 EAST 31ST STREET,11210.0,1.0,0.0,1.0,3150.0,3150.0,1925.0,1,A1,855870,2019-09-25,brooklyn,1378 EAST 31ST STREET NYC
3,FLATBUSH-NORTH,01 ONE FAMILY DWELLINGS,1,1331,56,A4,461 EAST NEW YORK AVE.,11225.0,1.0,0.0,1.0,1800.0,500.0,1935.0,1,A4,325000,2019-04-18,brooklyn,461 EAST NEW YORK AVE. NYC
3,BAY RIDGE,01 ONE FAMILY DWELLINGS,1,6063,68,A9,225 90TH STREET,11209.0,1.0,0.0,1.0,2067.0,1696.0,1935.0,1,A9,1220000,2019-08-13,brooklyn,225 90TH STREET NYC
2,HIGHBRIDGE/MORRIS HEIGHTS,02 TWO FAMILY DWELLINGS,1,2879,17,B1,1860 ANDREWS AVENUE SOUTH,10453.0,2.0,0.0,2.0,3342.0,3832.0,1920.0,1,B1,715000,2019-03-11,bronx,1860 ANDREWS AVENUE SOUTH NYC
2,THROGS NECK,01 ONE FAMILY DWELLINGS,1,5436,5,A1,2961 SCHLEY AVENUE,10465.0,1.0,0.0,1.0,2500.0,1328.0,1920.0,1,A1,335000,2019-01-31,bronx,2961 SCHLEY AVENUE NYC
4,CORONA,03 THREE FAMILY DWELLINGS,1,1926,4,C0,99-10 CORONA AVENUE,11368.0,3.0,0.0,3.0,1671.0,3312.0,2005.0,1,C0,1240000,2019-03-28,queens,99-10 CORONA AVENUE NYC
5,GREAT KILLS,02 TWO FAMILY DWELLINGS,1,5513,31,B2,223 ELTINGVILLE BLVD,10312.0,2.0,0.0,2.0,4275.0,2350.0,1970.0,1,B2,750000,2019-05-01,statenisland,223 ELTINGVILLE BLVD NYC
4,MIDDLE VILLAGE,02 TWO FAMILY DWELLINGS,1,3054,34,B2,66-66 71ST STREET,11379.0,2.0,0.0,2.0,2281.0,1656.0,1925.0,1,B2,970000,2019-09-12,queens,66-66 71ST STREET NYC
4,ST. ALBANS,01 ONE FAMILY DWELLINGS,1,11073,133,A1,116-06 202 STREET,11412.0,1.0,0.0,1.0,3958.0,1144.0,1930.0,1,A1,515000,2019-07-19,queens,116-06 202 STREET NYC
3,EAST NEW YORK,01 ONE FAMILY DWELLINGS,1,4061,6,A5,597 BARBEY STREET,11207.0,1.0,0.0,1.0,2000.0,1753.0,1901.0,1,A5,625000,2019-09-10,brooklyn,597 BARBEY STREET NYC
5,PORT RICHMOND,01 ONE FAMILY DWELLINGS,1,1096,72,A1,185 NICHOLAS AVENUE,10302.0,1.0,0.0,1.0,2600.0,1416.0,1910.0,1,A1,365000,2019-10-15,statenisland,185 NICHOLAS AVENUE NYC
3,MILL BASIN,01 ONE FAMILY DWELLINGS,1,8594,63,A5,2760 EAST 63RD STREET,11234.0,1.0,0.0,1.0,1800.0,1584.0,1960.0,1,A5,610000,2019-02-04,brooklyn,2760 EAST 63RD STREET NYC
4,MIDDLE VILLAGE,01 ONE FAMILY DWELLINGS,1,3039,33,A5,65-55 77TH PLACE,11379.0,1.0,0.0,1.0,1800.0,1224.0,1935.0,1,A5,780000,2019-11-20,queens,65-55 77TH PLACE NYC
4,QUEENS VILLAGE,01 ONE FAMILY DWELLINGS,1,11158,27,A1,103-06 223RD STREET,11429.0,1.0,0.0,1.0,2850.0,1782.0,1925.0,1,A1,510000,2019-09-27,queens,103-06 223RD STREET NYC
3,FLATBUSH-NORTH,02 TWO FAMILY DWELLINGS,1,4843,11,B1,84 EAST 39TH STREET,11203.0,2.0,0.0,2.0,1842.0,1980.0,1950.0,1,B1,690000,2019-01-15,brooklyn,84 EAST 39TH STREET NYC
2,MELROSE/CONCOURSE,03 THREE FAMILY DWELLINGS,1,2405,108,C0,816 COURTLANDT AVENUE,10451.0,3.0,0.0,3.0,2116.0,3174.0,2002.0,1,C0,950000,2019-12-30,bronx,816 COURTLANDT AVENUE NYC
5,GREAT KILLS,01 ONE FAMILY DWELLINGS,1,4572,37,A1,173 GREAVES AVENUE,10308.0,1.0,0.0,1.0,4000.0,1248.0,1965.0,1,A1,560000,2019-07-29,statenisland,173 GREAVES AVENUE NYC
